abstract 0
	mux 1
		3..3 2
			or 4
				xor 11
					mux 25
						94
						95
						96
							238
							264 ?
						207
					or 44
						mux 57
							176
								209 ?
							177
								281
							178
							247
						138
							291
						139
					73
					227
				or 12
					2..2 18
						or 60
							185
							186
							187
						81
						82
					mux 45
						140
						141
						142
					74
					198
						202 ?
				2..2 26
					or 61
						188
						189
							252 ?
						190
							222 ?
					97
					98
			2..2 6
				64
					210
						257 ?
					237 ?
				65
				66
			xor 7
				67
					208
				68
					191
				69
				258
			mux 13
				xor 15
					mux 21
						or 28
							101
								223
								284 ?
							102
								298 ?
							103
						86
						87
						246
							289
						287
					or 32
						or 48
							149
							150
								249
								261
							151
								297 ?
							288
						110
							292
						111
					77
						233 ?
				2..2 22
					xor 23
						xor 39
							124
							125
							126
						90
						91
						231
					88
					89
				75
				266
					278 ?
			276
		mux 5
			or 8
				mux 17
					78
					79
					80
				or 20
					83
					84
					85
				xor 27
					or 56
						173
							290
								294 ?
						174
						175
					99
						221 ?
						235
						262 ?
					100
					241
			mux 29
				or 40
					3..3 54
						167
						168
						169
						242
						248
					127
						214 ?
					128
				104
				105
				230
			63
		mux 37
			xor 51
				158
				159
				160
			120
				196
					253 ?
			121
				239
				285
		3..3 38
			2..2 42
				132
				133
				134
					229 ?
					251 ?
			122
			123
			200
	xor 3
		mux 9
			70
			71
			72
		or 24
			mux 33
				xor 35
					115
						274
					116
					117
					243
						259 ?
					244
				2..2 58
					179
						197 ?
					180
						232 ?
							269
						271 ?
					181
						293
				112
			92
			93
				211 ?
					267
		62
		226
	3..3 10
		2..2 30
			xor 31
				xor 59
					182
					183
					184
						204 ?
							218
							265
						205 ?
				108
					228
				109
				286
			106
			107
				217
					254 ?
				219
		or 36
			or 52
				161
					199 ?
					255 ?
				162
				163
				193
					203 ?
						283 ?
			118
				220 ?
			119
		mux 53
			164
			165
			166
			201
			240
				256 ?
					270
						299 ?
		xor 55
			170
			171
			172
				206
					224 ?
				236 ?
	2..2 14
		or 16
			2..2 34
				mux 41
					129
					130
					131
						194 ?
						195
				113
					296
				114
				282
			xor 43
				135
				136
				137
					272
			2..2 46
				143
				144
				145
				212
				213
			216
				245 ?
				263
		xor 19
			xor 47
				146
					273
						280 ?
				147
				148
					268
			mux 49
				152
				153
				154
					225
						234 ?
				275
			2..2 50
				155
					277
					295 ?
				156
					250 ?
				157
					192 ?
						215
							260 ?
						279
		76
config: 0