abstract 0
	xor 1 ?
		xor 41
			0..3 80
				348
				349
				350
					896
				914
			2..3 88
				or 110
					mux 240
						756
							936
						757
							817 ?
						758
					413
						852
					414
						872 ?
							919
								926
							921
				or 118
					mux 232
						732
							832
						733
							900 ?
						734
					430
					431
				mux 242
					762
					763
						899 ?
					764
					840
			0..0 92
				373
				374
				375
				828
		xor 73
			2..3 164
				540
				541
				542
			xor 181
				mux 233
					735
					736
					737
				586
				587
				976
			333
				985 ?
		mux 75
			mux 208
				661
				662
				663
			337
			338
		or 194
			mux 218
				690
				691
				692
				940
			622
			623
	or 2 ?
		mux 3
			mux 7
				mux 11
					or 14
						mux 63
							mux 135
								469
								470
								471
									868
								875
							mux 203
								646
								647
								648
									826 ?
									856
							mux 244
								768
								769
								770
						xor 85
							or 178
								577
									789 ?
									797 ?
									874
								578
								579
							361
								908 ?
							362
						1..4 152
							509
								887 ?
							510
							511
							973
						2..2 196
							mux 216
								684
								685
								686
								813
							627
								881
								884
							628
					or 46
						xor 161
							531
								969
							532
							533
						mux 206
							655
							656
							657
						293
						971
					or 54
						or 74
							334
							335
								879 ?
							336
						mux 214
							678
							679
								850 ?
							680
						mux 220
							696
							697
								804 ?
							698
						mux 247
							777
								877 ?
									963
							778
								904 ?
							779
					mux 139
						or 150
							503
							504
							505
						477
							815 ?
						478
				2..2 12
					xor 53
						or 154
							514
								910 ?
							515
							516
						301
						302
					or 102
						2..2 132
							or 142
								mux 238
									750
										978 ?
									751
									752
										870
								482
									819
								483
							464
							465
							980
						mux 239
							753
								810 ?
								857 ?
							754
							755
						398
							918 ?
					xor 125
						446
						447
							930 ?
							988
						448
				mux 19
					xor 77
						339
						340
							798
								905
							897 ?
						341
						998
					or 130
						458
						459
							996 ?
						460
					xor 165
						543
							938 ?
						544
						545
						864
					2..4 176
						mux 226
							714
							715
							716
							800
						572
						573
							876
						820
				or 22
					0..2 36
						or 98
							389
							390
							391
						or 186
							mux 211
								669
									883
								670
								671
								934
							600
							601
						278
					xor 177
						574
						575
						576
					264
				0..2 24
					267
					268
					269
				mux 27
					0..1 64
						314
						315
							794
								822
						316
							987
					mux 195
						624
						625
						626
					271
				1..1 40
					mux 131
						461
						462
						463
					283
					284
				or 42
					mux 67
						xor 193
							619
							620
							621
						323
						324
						952
					xor 81
						351
						352
						353
					mux 99
						392
							916 ?
						393
							821 ?
						394
				xor 169
					553
						806 ?
					554
					555
						957 ?
			mux 143
				484
				485
					854 ?
					907 ?
				486
					913 ?
			1..3 156
				or 166
					546
						802
					547
					548
						845 ?
						956 ?
				520
				521
					949
		3..5 4
			or 10
				or 18
					mux 47
						0..1 68
							0..2 136
								mux 171
									1..1 188
										605
										606
										607
									559
									560
										792
									843
								0..4 192
									616
									617
									618
									838
								472
							mux 179
								580
									835
								581
									992
								582
							325
						mux 175
							569
							570
							571
						mux 228
							720
							721
							722
					261
					262
					807
				xor 21
					xor 61
						or 114
							422
							423
							424
							823
						or 134
							xor 145
								mux 234
									738
									739
									740
								490
								491
							mux 250
								786
								787
									935
									989
								788
								862
							468
							830
						311
							855
					mux 83
						355
						356
						357
						866
					mux 103
						399
						400
						401
					or 138
						474
						475
						476
				0..1 32
					mux 87
						xor 89
							mux 191
								613
								614
									827
									894 ?
								615
								975
							mux 236
								744
									842 ?
								745
								746
							366
								903
						xor 121
							436
								814 ?
							437
							438
						365
					3..3 144
						487
						488
						489
					or 162
						534
						535
						536
					902
				2..2 56
					mux 111
						0..1 148
							497
								981
							498
							499
						415
						416
					0..2 172
						561
						562
						563
					mux 202
						mux 205
							652
							653
							654
						644
						645
				xor 69
					or 182
						588
						589
							970 ?
						590
					mux 215
						681
							942 ?
						682
							1000 ?
						683
							869
					326
						882 ?
				mux 204
					649
					650
					651
			xor 13
				mux 23
					3..3 60
						xor 141
							0..1 180
								583
								584
								585
							mux 213
								675
								676
								677
							481
								880
						309
							943
						310
					265
					266
				xor 133
					0..3 140
						mux 155
							517
							518
							519
							972
						479
							895
						480
							803 ?
							974
					466
					467
						922
				256
					849
			or 26
				mux 91
					370
					371
					372
				xor 137
					xor 153
						mux 183
							591
							592
								958
							593
							950
						512
						513
							833 ?
							961
						951
					mux 212
						672
						673
						674
							965
					473
				270
				983
			or 66
				320
				321
				322
			mux 219
				693
					906
				694
					911 ?
				695
				977
			990
		xor 5
			or 6
				251
					995 ?
				252
				253
					901
			1..1 16
				xor 37
					or 86
						xor 189
							608
							609
							610
						363
						364
					mux 95
						381
						382
						383
					xor 129
						mux 151
							506
								994
							507
								811 ?
									954
								968 ?
							508
						456
						457
					mux 201
						641
						642
						643
				mux 43
					285
						844 ?
					286
						920
						982
					287
				xor 49
					xor 97
						mux 225
							711
							712
							713
						387
						388
					294
					295
					946
			xor 25
				xor 33
					mux 59
						mux 119
							mux 223
								705
									805 ?
								706
								707
							432
							433
						307
						308
					0..1 108
						mux 230
							726
							727
							728
						mux 245
							771
							772
							773
							861
						409
					275
					888
				2..2 100
					mux 123
						mux 147
							mux 187
								602
								603
								604
								937
							495
							496
						441
						442
						867
					or 170
						556
						557
						558
					395
						799 ?
				mux 107
					406
						829 ?
					407
					408
					795
				xor 109
					410
					411
					412
						846 ?
					892
				2..3 168
					mux 207
						658
						659
						660
					551
					552
					853
				mux 248
					780
					781
					782
						962
			1..1 116
				xor 149
					500
						945
							953 ?
					501
						863 ?
					502
				or 198
					632
					633
					634
				1..3 200
					638
					639
					640
		xor 29
			xor 45
				290
				291
				292
				801
			xor 157
				or 174
					mux 237
						747
						748
						749
					567
					568
				522
				523
			272
		or 30
			mux 31
				xor 57
					or 58
						or 126
							or 158
								mux 209
									mux 243
										765
										766
										767
										924
									664
									665
									812
								524
									929
									999 ?
								525
							449
								886
							450
						305
						306
					303
						991
					304
				xor 105
					mux 249
						783
						784
							959 ?
								964 ?
						785
							993 ?
					402
					403
						831
				xor 197
					629
					630
					631
			273
			274
				858 ?
		mux 39
			mux 235
				741
				742
					890
				743
				948
			281
				816 ?
			282
		or 62
			1..2 184
				594
				595
				596
			312
			313
		xor 117
			2..4 124
				443
					873 ?
				444
				445
				889
			428
			429
				898
	1..3 8
		xor 17
			3..4 28
				or 34
					or 70
						327
						328
							915 ?
						329
						860
					276
					277
				4..4 48
					0..0 52
						xor 65
							317
							318
								837
							319
						mux 71
							1..1 84
								358
								359
								360
									923 ?
							xor 93
								0..2 128
									or 146
										492
											790
										493
										494
									454
									455
										944
								376
								377
									796
							330
						2..3 76
							or 82
								mux 221
									699
									700
									701
								mux 229
									723
									724
									725
									824
								354
									885
							xor 101
								1..3 112
									mux 163
										537
										538
										539
									417
									418
										966 ?
								396
								397
									955 ?
								917
							1..2 120
								mux 222
									702
									703
									704
										891
										912
								434
								435
							1..2 160
								xor 185
									597
									598
									599
									871
								529
								530
						or 78
							342
							343
							344
								979
							928
					or 90
						367
						368
							836
						369
					mux 159
						526
							933 ?
						527
						528
							878
					mux 167
						mux 241
							759
								909
							760
							761
							932
						549
						550
				mux 55
					mux 79
						345
							841
						346
						347
							865
						851
					or 106
						or 190
							mux 217
								687
								688
								689
							611
							612
								947
						404
							997 ?
						405
							791
								793 ?
					mux 227
						717
						718
						719
					847
				xor 173
					564
						893
					565
					566
						984
			or 94
				378
				379
				380
				927
			260
		2..2 20
			or 38
				mux 224
					708
					709
					710
					809
				279
				280
			mux 51
				mux 127
					451
					452
					453
				299
				300
			263
				839
				986
		254
	xor 9 ?
		mux 15
			257
			258
			259
		xor 113
			419
			420
				859 ?
			421
				834 ?
		255
		825
	mux 35 ?
		2..3 44
			mux 199
				635
				636
				637
			288
			289
			818
		0..2 72
			or 122
				mux 246
					774
					775
					776
						939
					848
				439
				440
					941 ?
				808
			331
			332
				967 ?
			925
		3..3 104
			mux 115
				425
				426
				427
			mux 210
				666
				667
				668
				960
			mux 231
				729
				730
				731
	or 50 ?
		296
		297
		298
	0..3 96 ?
		384
		385
		386
			931 ?
config: 0