abstract 0
	mux 1
		mux 4
			mux 8
				167
				168
				169
					836 ?
					897 ?
						985 ?
				170
					719 ?
				171
					669 ?
					698
				172
				173
					639 ?
				174
				175
				176
				177
				178
					966 ?
				179
				180
				181
					871 ?
				182
				183
					808
				184
				185
				186
				187
				779
					901 ?
			mux 12
				mux 22
					447
					448
						895 ?
					449
						755 ?
					450
					451
					452
					453
					454
						867
					455
					456
						744 ?
					457
					458
						804 ?
							827 ?
					459
					460
					461
					462
					463
						960 ?
					464
						774
						938
							956
					465
						730 ?
					466
						690 ?
					467
					850
				249
				250
					739
				251
				252
				253
				254
				255
				256
				257
				258
				259
				260
					723
				261
				262
				263
				264
				265
				266
				267
					701 ?
						965
				268
				732
				914
			90
			91
			92
			93
				757 ?
			94
			95
				936
			96
			97
				997 ?
			98
			99
			100
			101
				847
			102
			103
			104
			105
			106
			107
			108
		31
			821 ?
		32
		33
			688 ?
		34
			826
		35
		36
			825
		37
		38
			661
		39
			709
				713
		40
		41
			686
		42
			771 ?
		43
		44
			981 ?
		45
		46
		47
			812
				962
		48
		49
		50
		697
	mux 2 ?
		mux 7
			mux 9
				mux 20
					mux 23
						468
						469
							817 ?
						470
						471
						472
							685
						473
							905
						474
						475
							894
							926 ?
						476
						477
						478
						479
						480
							666 ?
							702 ?
						481
						482
						483
							656 ?
								677
						484
						485
							818
								824
						486
							934
						487
							927
								973 ?
						488
							646 ?
							721 ?
								743 ?
									843 ?
					mux 26
						531
						532
							720 ?
						533
						534
							943
						535
						536
						537
							816 ?
							982 ?
						538
						539
						540
						541
							950
						542
						543
							915 ?
						544
						545
							881
						546
							882 ?
						547
							676 ?
							799
						548
							674
								877
						549
							668 ?
							902
						550
							833
						551
					408
						694 ?
						765 ?
							813
					409
						695
					410
						764 ?
							964
					411
						929 ?
					412
						848 ?
					413
					414
					415
					416
					417
					418
					419
					420
					421
						814 ?
					422
						839
					423
					424
					425
					426
						728
				188
				189
					675 ?
						906
						932
				190
				191
				192
				193
					885 ?
				194
					761 ?
				195
					820
					988
				196
				197
				198
				199
				200
				201
				202
				203
					660 ?
				204
				205
				206
				207
					952 ?
				752
					866
				872
			mux 16
				mux 17
					mux 19
						mux 27
							552
							553
								807 ?
							554
							555
							556
								798 ?
							557
							558
								705 ?
								749
								819 ?
								990 ?
							559
								802 ?
							560
							561
								742
									776 ?
									794
										803
									800
							562
							563
							564
								710
									860
							565
							566
							567
							568
							569
							570
							571
								922
							572
								667 ?
									940 ?
						388
						389
						390
						391
							785
						392
							862 ?
								945 ?
									954
									971
						393
							708
						394
						395
						396
							878 ?
						397
							792 ?
						398
						399
							793
						400
						401
						402
						403
							769 ?
								1000
						404
							777
						405
						406
						407
					347
						864
					348
						993
					349
					350
						789
					351
					352
						748 ?
							984
					353
					354
					355
					356
					357
					358
						958
					359
					360
					361
					362
					363
					364
						829
							890 ?
						849
					365
						969
					366
						740 ?
					944
						998
				mux 18
					367
					368
					369
					370
						855
					371
						887 ?
					372
						746 ?
					373
					374
					375
					376
					377
						791
					378
					379
					380
					381
						809
					382
						983
					383
					384
					385
					386
					387
				mux 28
					573
					574
					575
						726
					576
						781
					577
						717 ?
					578
						640 ?
					579
					580
					581
					582
					583
						896
						931
							992
					584
					585
						948
					586
						718
					587
						863
					588
					589
					590
					591
					592
					593
				329
				330
					699 ?
						907 ?
				331
					937 ?
				332
					704
				333
				334
				335
				336
					687 ?
				337
				338
					729
				339
				340
				341
				342
				343
				344
					989 ?
				345
				346
					772
			148
			149
			150
			151
			152
			153
			154
				673 ?
					788
						796 ?
			155
				977 ?
			156
			157
				778 ?
				974 ?
			158
			159
			160
			161
				738
			162
			163
			164
				696 ?
			165
				851 ?
			166
			711
				898
			731
				879 ?
					935
			844
		51
			852
		52
		53
		54
			933 ?
		55
		56
			659
		57
		58
		59
		60
		61
		62
		63
		64
			951
		65
			782
		66
		67
			715 ?
				775 ?
		68
		69
			830
			831 ?
			986
		70
			727 ?
		670
			684
			780 ?
			888
	mux 3
		mux 11
			228
				865 ?
			229
			230
			231
			232
			233
			234
			235
				899
			236
			237
				811
			238
			239
			240
			241
				733 ?
					891 ?
			242
				787 ?
				911
			243
				703 ?
					805
			244
				683
			245
			246
			247
			248
				754 ?
				773
		mux 21
			mux 24
				489
				490
					724 ?
				491
					846
				492
				493
				494
					978 ?
				495
				496
					972 ?
				497
					736 ?
				498
					689
				499
				500
					939 ?
						968 ?
				501
				502
				503
				504
				505
					994 ?
				506
				507
					953 ?
					967
				508
					691
				509
					763 ?
			427
			428
			429
				745 ?
					760
						868 ?
			430
			431
				921 ?
			432
			433
				766 ?
					873 ?
			434
			435
			436
				856
			437
				835
			438
			439
				875 ?
			440
			441
				756
				758
			442
			443
			444
				679
			445
			446
		71
		72
			735 ?
				903
		73
		74
		75
			642 ?
		76
		77
		78
		79
			857
		80
			996 ?
		81
		82
		83
		84
		85
			644 ?
		86
		87
		88
		89
			636
	mux 5 ?
		mux 6
			mux 10
				mux 15
					mux 29
						594
						595
							806 ?
								916
						596
						597
						598
						599
						600
						601
						602
						603
						604
							770
								892 ?
								959 ?
						605
						606
							643
								693 ?
								795 ?
									946 ?
						607
							947 ?
								987 ?
						608
						609
							712 ?
							930 ?
						610
						611
						612
						613
							963 ?
						614
							662
								924 ?
								999
					mux 30
						615
						616
						617
						618
						619
							759
							893
						620
						621
						622
							832 ?
						623
							737 ?
						624
						625
						626
						627
							767 ?
						628
						629
						630
						631
							762 ?
						632
							678
						633
						634
						635
							672 ?
							858
						801
					310
					311
						651 ?
					312
						753
					313
					314
						650 ?
					315
					316
						714
						961 ?
					317
						665
						910 ?
					318
						920 ?
					319
					320
						917 ?
					321
					322
					323
						904 ?
					324
					325
					326
					327
						919
					328
						923
				208
				209
				210
				211
				212
					680 ?
						750 ?
				213
					870
				214
				215
				216
				217
				218
				219
				220
					645
						869
				221
				222
				223
					747 ?
				224
					663 ?
				225
					734 ?
					751 ?
				226
				227
			128
			129
			130
			131
			132
				692
				837
			133
			134
			135
				815
					928 ?
			136
				681 ?
				707 ?
				822 ?
				949
			137
			138
			139
				722
			140
				784 ?
					884 ?
						912 ?
						957 ?
					941 ?
			141
			142
			143
			144
			145
			146
			147
		mux 13
			mux 14
				289
				290
					700
				291
					664 ?
						909
					976 ?
					991
				292
				293
					768 ?
				294
				295
				296
					725 ?
						876
						979 ?
				297
				298
				299
				300
				301
				302
					995
				303
					655
						861 ?
							918 ?
				304
					838 ?
				305
					741
					834 ?
				306
				307
					654 ?
				308
					649 ?
						913
				309
					658
						889
				652
				653
					874
				671
					955 ?
			269
			270
			271
				828
			272
			273
			274
			275
				842
				845 ?
			276
			277
				908
			278
				883 ?
			279
			280
			281
			282
			283
			284
				682 ?
					783 ?
					900
				810 ?
			285
			286
			287
				840
			288
				853
		109
			786 ?
		110
		111
		112
		113
			641 ?
				706
					859
			854
				942
		114
		115
		116
		117
		118
		119
		120
		121
		122
		123
			716
		124
			657 ?
				880
		125
		126
			790
			797
		127
	mux 25 ?
		510
		511
			638
			648
		512
		513
		514
		515
			925 ?
				970
					980 ?
		516
		517
			647 ?
			975
		518
		519
		520
			637 ?
				886
		521
		522
		523
		524
		525
		526
		527
			823
		528
		529
		530
		841
config: 0