abstract 0
	mux 1 ?
		2..3 12
			1..3 84
				mux 105
					1..2 284
						885
						886
						887
					434
					435
				1..3 272
					850
					851
					852
				395
				984
			1..3 96
				415
				416
				417
			1..2 236
				750
				751
				752
		0..3 24
			1..1 42
				2..3 54
					3..3 114
						mux 117
							0..3 142
								0..3 286
									891
									892
									893
								513
									955 ?
								514
							461
							462
						453
						454
					350
					351
				0..2 200
					1..1 247
						780
						781
						782
					653
					654
				327
			2..2 223
				714
				715
				716
			313
		mux 47
			0..1 50
				3..3 98
					mux 111
						mux 191
							1..1 238
								756
								757
								758
							630
							631
						1..3 273
							853
							854
							855
						449
					421
					422
				342
				343
			335
			336
		mux 95
			mux 171
				580
				581
				582
			2..2 233
				741
				742
				743
			414
	1..2 2 ?
		mux 3
			1..2 281
				876
				877
				878
			301
			302
				994
		1..4 4
			mux 5
				3..3 6
					mux 13
						0..2 16
							3..3 88
								400
								401
								402
							308
							309
						2..2 68
							mux 85
								0..3 198
									647
									648
										945
									649
								0..1 298
									927
									928
									929
								396
							mux 175
								2..2 254
									2..3 294
										915
										916
										917
									801
									802
								591
								592
							368
						305
					mux 17
						mux 131
							0..3 295
								918
								919
								920
								998
							486
							487
						310
						311
					mux 25
						0..3 26
							1..4 28
								0..1 38
									2..2 80
										mux 103
											3..3 170
												0..1 251
													792
													793
													794
												578
												579
											430
											431
										mux 149
											1..3 188
												2..3 206
													0..1 299
														930
														931
															938
														932
													665
													666
												624
												625
											1..2 215
												690
												691
												692
											528
										391
									320
									321
								mux 75
									2..3 242
										1..3 285
											888
											889
											890
										766
										767
									0..1 258
										0..3 260
											816
											817
											818
										811
										812
									382
								mux 81
									0..1 146
										1..2 287
											894
											895
											896
										523
											941
										524
									0..3 276
										861
										862
										863
									392
								0..4 196
									0..2 205
										0..1 213
											684
											685
											686
										663
										664
									644
									645
									980
							0..2 162
								1..3 168
									2..3 201
										1..2 243
											768
											769
											770
										655
										656
									1..3 263
										825
										826
										827
									574
								559
								560
							314
						mux 27
							1..4 110
								446
								447
								448
								962
							mux 127
								482
								483
								484
							3..3 239
								2..2 256
									805
									806
									807
								759
								760
							1..2 240
								2..3 241
									763
									764
									765
								761
								762
						mux 29
							mux 55
								352
								353
								354
							2..3 74
								1..2 116
									458
									459
									460
										979
								380
								381
							315
						mux 31
							2..2 32
								1..2 64
									2..2 176
										0..2 207
											667
											668
											669
										593
										594
									361
									362
								3..4 250
									789
									790
									791
									971
								316
							mux 39
								1..2 224
									717
									718
									719
								322
								323
							mux 45
								2..3 178
									2..3 245
										774
										775
										776
										949
									598
									599
								0..1 222
									711
									712
									713
								331
							0..2 289
								900
								901
								902
									959 ?
						mux 157
							545
							546
								982
							547
							969
					mux 139
						506
						507
							936
						508
				0..3 40
					mux 43
						328
						329
							965 ?
						330
					324
					325
				2..3 70
					371
					372
					373
			mux 7
				mux 9
					1..2 112
						450
							943 ?
						451
							952 ?
						452
					mux 147
						0..3 184
							612
							613
							614
						mux 195
							641
							642
							643
						3..3 252
							795
							796
							797
					303
				1..3 10
					mux 15
						mux 23
							mux 83
								0..1 130
									mux 133
										490
											978 ?
										491
											991 ?
										492
									3..3 150
										2..2 156
											542
											543
											544
										1..1 244
											771
											772
											773
										529
									1..2 235
										747
										748
										749
								0..3 186
									618
									619
									620
										958
								394
							0..1 86
								mux 193
									635
									636
									637
								2..3 300
									933
										992
									934
									935
								397
							3..3 172
								583
								584
									993
								585
							mux 185
								615
								616
								617
						2..3 30
							mux 49
								mux 63
									mux 141
										1..2 253
											798
											799
											800
										511
										512
									0..2 194
										638
										639
										640
									0..2 229
										1..3 267
											3..3 269
												0..1 278
													867
													868
													869
												842
												843
											837
											838
										732
										733
									963
								340
								341
							0..3 52
								345
								346
								347
							mux 67
								365
								366
								367
						mux 35
							mux 79
								mux 91
									1..1 230
										734
										735
										736
									405
									406
								1..1 140
									0..3 290
										903
										904
										905
									509
									510
								0..2 234
									744
									745
									746
								974
							317
							318
						mux 69
							0..2 82
								mux 119
									2..2 217
										696
										697
										698
									465
									466
								mux 153
									0..1 154
										mux 163
											561
											562
											563
										537
										538
											988 ?
										944
									1..3 282
										879
										880
										881
									536
										990
								393
							369
							370
					1..1 22
						mux 33
							1..3 60
								2..2 182
									1..2 216
										693
										694
										695
									0..2 226
										723
										724
										725
											1000
									608
								358
									948
								359
							mux 65
								0..1 66
									1..2 275
										858
										859
										860
									363
									364
								1..2 78
									388
									389
										953
									390
								0..2 190
									1..1 246
										777
											957
										778
										779
									628
									629
								946
							mux 143
								515
								516
								517
							0..2 158
								548
								549
								550
							2..3 221
								708
								709
								710
						mux 59
							0..1 72
								377
								378
								379
							0..3 76
								0..1 136
									1..1 218
										699
											972 ?
										700
										701
									499
									500
								383
								384
							2..2 279
								870
								871
								872
						312
					304
				1..3 102
					427
					428
					429
				3..3 138
					3..3 220
						705
						706
						707
					504
					505
						975 ?
			1..3 14
				mux 51
					1..3 225
						720
						721
						722
					2..3 259
						813
						814
						815
					344
						964 ?
				306
				307
			2..2 36
				0..1 46
					332
					333
					334
				mux 115
					455
					456
					457
				319
			mux 37
				mux 41
					2..2 180
						mux 187
							621
							622
							623
								951 ?
						603
						604
					1..2 192
						632
						633
						634
						960
					326
						986 ?
				mux 71
					374
					375
					376
				mux 113
					mux 121
						2..3 261
							819
							820
							821
							956
						470
						471
					mux 135
						496
						497
						498
					0..2 210
						675
						676
						677
						942
				0..3 124
					mux 161
						556
						557
						558
					1..1 212
						681
						682
							977 ?
						683
					1..4 280
						873
						874
						875
						985
		mux 99
			2..3 126
				1..2 174
					1..3 291
						906
						907
						908
					589
					590
				480
				481
			2..3 208
				670
				671
					950
				672
			0..2 231
				3..3 264
					828
					829
					830
				1..2 270
					844
					845
					846
				737
					995 ?
					997
		mux 107
			2..3 148
				525
				526
				527
			439
			440
	0..4 8
		mux 11
			1..3 44
				1..3 62
					mux 77
						385
						386
						387
					1..1 90
						mux 123
							474
							475
							476
						403
						404
					360
				2..2 219
					702
					703
					704
				1..3 257
					808
					809
					810
			2..3 56
				3..3 144
					mux 155
						539
						540
						541
					518
						947 ?
					519
					999
				mux 167
					1..1 209
						0..1 237
							753
							754
							755
						673
						674
					572
					573
				355
			0..3 92
				407
				408
				409
					939 ?
						987 ?
			1..2 134
				493
				494
				495
				996
			2..2 268
				839
				840
				841
			0..1 271
				847
				848
				849
		1..4 18
			mux 19
				0..3 58
					0..1 100
						2..3 160
							mux 173
								586
								587
								588
							554
							555
						mux 179
							600
							601
							602
						423
					1..1 108
						mux 181
							605
							606
							607
						441
						442
							954 ?
					1..1 118
						1..2 255
							1..2 292
								909
								910
								911
							803
							804
						463
						464
				mux 87
					1..1 128
						0..3 164
							2..3 228
								729
								730
								731
							564
							565
						1..1 248
							783
							784
							785
							961
						0..2 293
							912
							913
							914
					398
					399
				mux 109
					443
					444
					445
				1..1 202
					657
					658
					659
			mux 61
				mux 101
					424
					425
					426
				mux 137
					501
					502
						981
					503
				0..1 288
					897
					898
					899
			0..3 106
				436
				437
				438
			0..2 262
				822
					976
				823
				824
		2..2 20
			mux 21
				mux 57
					mux 73
						mux 129
							2..2 166
								569
								570
								571
							1..2 232
								738
								739
								740
							485
						mux 183
							609
							610
							611
						3..3 277
							864
							865
							866
					356
					357
				mux 93
					2..3 274
						2..3 283
							882
							883
							884
						856
							937
						857
					410
					411
				1..1 94
					mux 125
						477
						478
						479
					412
					413
				mux 97
					418
					419
					420
				mux 197
					1..2 266
						834
						835
						836
					3..3 296
						921
						922
						923
					646
				2..3 211
					678
					679
					680
			1..1 34
				mux 89
					3..3 122
						mux 169
							575
								968
							576
							577
								967
						472
						473
					0..1 132
						mux 145
							520
							521
							522
						488
						489
					mux 199
						650
						651
						652
				mux 165
					566
					567
					568
				mux 177
					595
					596
					597
			0..3 48
				337
				338
				339
				966
			mux 151
				530
				531
				532
		mux 159
			551
			552
			553
				970 ?
					983
		0..2 214
			687
			688
				973
			689
	mux 53
		mux 189
			2..3 297
				924
				925
				926
			626
			627
		348
		349
	1..1 104
		0..1 203
			3..3 204
				660
				661
				662
				940
			3..3 227
				726
				727
				728
			1..1 265
				831
				832
				833
		432
		433
	1..1 120
		467
		468
		469
	1..3 152 ?
		533
		534
		535
	2..2 249
		786
		787
		788
		989
config: 0