abstract 0
	3..3 1
		2..4 9
			0..2 20
				0..0 28
					2..2 74
						1..3 119
							0..2 162
								552
								553
								554
									958 ?
							454
							455
						0..1 238
							754
							755
							756
						0..1 272
							848
							849
							850
					1..3 205
						660
						661
						662
					0..2 274
						853
						854
						855
					2..2 287
						892
						893
						894
				1..3 108
					3..3 225
						718
						719
							996 ?
						720
					438
					439
				2..2 135
					1..1 213
						3..3 228
							727
								952
							728
							729
						684
						685
					2..2 230
						733
						734
						735
					493
			2..4 31
				2..3 83
					1..1 140
						500
						501
						502
					397
					398
				0..3 96
					0..2 231
						736
						737
						738
					416
						991 ?
					417
						963
				2..3 111
					440
					441
					442
				1..2 143
					509
						947 ?
					510
					511
			3..3 62
				0..1 112
					1..2 222
						709
						710
						711
					443
					444
					978
				361
				362
			2..3 167
				2..2 170
					0..2 174
						2..3 268
							0..3 288
								895
								896
								897
							838
							839
						581
						582
					571
						967
					572
				2..2 211
					678
					679
					680
				565
			1..3 206
				663
				664
				665
		0..4 16
			1..1 32
				2..3 47
					2..3 58
						2..2 80
							0..3 95
								1..1 121
									1..1 240
										760
										761
										762
									459
									460
								2..2 217
									0..2 253
										794
										795
										796
											953 ?
									695
									696
								0..1 257
									1..2 291
										904
										905
										906
									806
										995 ?
									807
							0..1 168
								566
								567
								568
							394
						1..3 219
							700
							701
							702
						356
					2..2 176
						3..3 196
							1..2 296
								919
								920
								921
									950
							638
							639
						586
						587
					340
				1..1 150
					524
					525
					526
				320
			0..1 107
				0..2 293
					910
						970 ?
					911
						968 ?
					912
				436
				437
			2..2 122
				2..2 138
					2..3 166
						562
						563
						564
					2..3 210
						675
						676
						677
					2..2 248
						782
						783
						784
				0..4 259
					811
					812
					813
					971
				461
					937 ?
						979
							1000
			2..2 285
				886
				887
				888
		301
			976 ?
	2..3 2
		3..4 4
			2..3 8
				0..3 45
					1..3 54
						349
						350
						351
					1..1 73
						2..2 90
							0..1 179
								3..3 273
									1..2 281
										874
										875
										876
									851
									852
								593
								594
							404
							405
						0..1 163
							2..3 265
								829
								830
								831
							555
							556
						0..2 186
							611
							612
							613
						2..3 271
							845
							846
							847
					2..4 92
						408
						409
						410
						997
				1..2 75
					1..1 116
						1..3 204
							657
							658
							659
						1..3 212
							681
							682
							683
							965
						450
					2..2 161
						0..2 197
							640
							641
							642
						550
						551
					382
				2..2 187
					614
					615
					616
			0..3 12
				303
				304
				305
			3..3 23
				3..3 66
					0..2 227
						724
						725
						726
					3..3 256
						803
						804
						805
					369
				0..2 109
					1..1 136
						494
						495
						496
					2..2 183
						3..3 216
							692
							693
							694
						604
						605
					1..3 190
						621
						622
						623
				3..3 191
					624
					625
					626
			1..1 233
				2..4 234
					743
					744
					745
					986
				0..3 276
					859
					860
					861
				742
		2..2 13
			0..1 51
				341
					982 ?
				342
				343
			0..1 89
				3..3 123
					462
					463
					464
				3..3 280
					871
					872
					873
				403
			306
			989
		2..2 29
			1..2 57
				2..3 65
					1..2 198
						1..1 255
							800
							801
							802
						2..2 297
							922
							923
							924
						643
					1..3 218
						697
							945 ?
						698
						699
							969
					368
				3..3 82
					1..3 244
						2..2 262
							820
							821
							822
						771
						772
					0..2 270
						842
						843
							992 ?
						844
					396
				355
			1..2 129
				477
				478
				479
			1..3 185
				608
				609
					943 ?
				610
				981
		1..1 33
			321
			322
			323
		0..3 139
			497
			498
			499
	1..1 3 ?
		0..3 6
			2..3 11
				3..6 14
					1..2 15
						0..2 44
							1..1 165
								559
								560
								561
							0..1 235
								1..1 245
									773
									774
									775
								746
								747
									990 ?
							336
								941
						307
						308
					2..3 17
						2..2 19
							0..3 36
								1..3 39
									330
									331
									332
								2..3 236
									748
									749
									750
								2..2 254
									797
									798
									799
									936
								2..4 279
									868
									869
									870
										983 ?
									948
							309
							310
						0..1 24
							0..1 278
								865
								866
								867
							313
							314
						3..3 76
							383
							384
							385
						1..3 141
							503
							504
							505
					1..2 42
						2..3 61
							3..3 214
								686
								687
								688
							359
							360
						2..3 130
							480
							481
							482
						2..2 283
							880
							881
							882
					2..2 132
						486
							980 ?
						487
							934 ?
						488
					2..2 282
						877
						878
						879
					951
				3..3 22
					1..3 87
						0..3 171
							1..1 207
								666
								667
								668
							573
							574
						1..3 180
							595
							596
							597
						399
					0..1 251
						789
						790
						791
					312
				1..3 35
					1..1 50
						0..1 70
							2..2 157
								2..2 220
									703
									704
									705
								541
								542
							376
							377
						0..3 77
							386
							387
							388
						2..2 221
							706
							707
							708
					0..4 81
						0..2 93
							411
							412
							413
						3..3 146
							0..3 241
								0..1 269
									2..3 300
										931
											949 ?
										932
										933
									840
									841
								763
								764
							515
							516
						395
						954
					325
				1..2 46
					337
						987 ?
					338
					339
			0..2 18
				0..2 37
					326
					327
					328
				0..2 67
					1..1 114
						1..1 267
							835
							836
							837
						447
						448
					370
					371
				1..3 115
					0..3 128
						474
						475
						476
					0..1 133
						489
						490
						491
					449
			2..2 64
				365
				366
				367
			0..2 97
				1..2 177
					588
					589
					590
					946
				3..3 243
					768
					769
					770
				1..3 266
					832
					833
					834
						985 ?
			1..3 192
				627
				628
				629
		2..2 188
			617
			618
			619
		1..2 252
			1..3 261
				817
				818
				819
			792
			793
	1..4 5
		2..3 7
			1..2 10
				0..3 26
					0..2 59
						1..1 63
							2..3 118
								2..3 184
									0..2 202
										651
										652
										653
									606
									607
								0..2 226
									721
									722
									723
								453
							363
							364
						2..3 120
							456
							457
							458
							935
								957 ?
						1..3 289
							898
							899
							900
					1..1 102
						0..1 215
							689
							690
							691
						427
						428
					1..2 113
						1..1 246
							776
							777
							778
								961 ?
						445
						446
					3..3 242
						765
						766
						767
				2..3 94
					0..3 125
						1..2 148
							0..3 249
								1..1 284
									883
									884
									885
								0..2 299
									928
									929
									930
								785
							519
								964 ?
							520
						467
						468
					414
					415
				302
			0..3 25
				1..2 49
					2..2 84
						0..2 98
							2..2 264
								826
								827
								828
							418
							419
						2..2 147
							1..1 295
								916
								917
								918
							517
							518
						0..2 159
							545
							546
							547
					1..3 91
						0..2 201
							2..3 239
								757
								758
								759
							649
							650
								984 ?
						406
						407
					2..2 224
						715
						716
						717
				1..3 52
					344
					345
					346
				2..2 53
					2..2 60
						1..2 237
							751
							752
							753
						357
						358
					347
					348
				1..1 105
					433
					434
					435
			1..1 40
				0..2 55
					2..2 101
						2..3 126
							469
							470
							471
						425
						426
					0..1 175
						583
						584
						585
					352
				333
					966
				334
			2..3 106
				0..3 152
					3..3 178
						2..3 232
							739
							740
							741
						591
						592
					0..1 298
						925
							962 ?
						926
						927
					529
				1..1 199
					2..2 260
						814
						815
						816
					644
					645
				1..2 258
					808
					809
					810
		1..3 21
			2..2 27
				0..3 151
					2..2 156
						538
						539
						540
					527
					528
				315
				316
			0..2 30
				317
				318
				319
			311
		4..4 34
			0..1 38
				0..2 56
					1..2 99
						420
						421
						422
					353
					354
				1..2 144
					512
					513
					514
				329
			3..3 72
				1..2 223
					712
					713
					714
				380
				381
			324
				940
			972
				998
		0..1 71
			2..2 85
				1..1 100
					1..1 208
						669
						670
						671
							938
							955
					423
					424
				3..3 134
					0..1 160
						1..2 290
							901
							902
							903
						548
						549
					0..2 172
						575
						576
						577
							993
					492
				1..3 200
					646
					647
					648
						960
			378
			379
		0..2 153
			2..3 277
				862
				863
				864
			530
			531
		3..3 292
			907
			908
			909
	0..1 41
		0..1 203
			654
			655
				973 ?
			656
		1..3 263
			823
			824
			825
		335
	3..3 43 ?
		0..2 48
			1..2 68
				1..1 149
					521
					522
					523
				2..2 194
					633
					634
						975
					635
				372
			1..1 69
				373
				374
				375
			0..3 169
				1..3 250
					786
						977
					787
					788
				569
				570
		1..4 79
			0..3 88
				400
				401
				402
			392
			393
			939
		3..3 110
			1..3 117
				0..1 127
					1..3 181
						598
							942 ?
						599
						600
					472
					473
				451
				452
				999
			1..1 164
				0..2 209
					672
					673
					674
				557
				558
			1..3 229
				730
				731
				732
		2..3 158
			3..4 195
				3..4 286
					889
					890
					891
					974
				636
				637
				956
			543
			544
	1..1 78 ?
		389
		390
		391
	1..3 86 ?
		3..3 103
			1..2 294
				913
				914
				915
			429
			430
		2..3 124
			0..3 137
				2..3 142
					506
					507
					508
				2..2 145
					0..2 154
						532
						533
						534
					0..3 189
						2..3 247
							779
							780
							781
						1..2 275
							856
							857
							858
						620
						994
					1..2 193
						630
						631
						632
				0..3 155
					535
						988
					536
						944 ?
					537
			465
			466
		1..2 182
			601
				959
			602
			603
	1..3 104 ?
		1..1 173
			578
			579
			580
		431
		432
	1..1 131
		483
		484
		485
config: 0