abstract 0
	xor 1
		or 2
			mux 3
				xor 5
					mux 11
						mux 271
							856
							857
							858
						304
						305
							996
					mux 31
						2..3 80
							or 122
								473
								474
								475
							or 130
								mux 277
									873
									874
									875
									989
								491
								492
							387
						0..3 152
							mux 167
								0..3 244
									mux 297
										933
										934
										935
									779
									780
								581
								582
							545
							546
							986
						319
					301
				or 22
					0..2 32
						mux 139
							513
							514
							515
						320
						321
					xor 101
						425
							998
						426
						427
					mux 107
						439
						440
						441
							967
						981
				0..2 48
					xor 97
						415
						416
						417
					1..2 216
						701
							999 ?
						702
						703
					348
				xor 49
					xor 53
						0..2 132
							mux 261
								828
								829
								830
							496
							497
						mux 257
							817
							818
							819
						352
					mux 55
						or 98
							418
							419
							420
						355
						356
					0..1 96
						mux 119
							xor 141
								517
								518
								519
							467
							468
								955 ?
						413
						414
					1..3 176
						0..3 224
							mux 291
								915
								916
								917
							722
								980
							723
						603
						604
					0..3 188
						0..3 214
							695
							696
							697
						mux 225
							724
							725
							726
						633
				or 86
					mux 131
						493
						494
						495
					3..3 242
						774
							1000
						775
						776
					397
				mux 217
					1..2 246
						784
						785
						786
					704
					705
				1..1 232
					744
					745
					746
				mux 265
					840
					841
						972 ?
					842
				mux 275
					868
					869
					870
			xor 17
				1..1 28
					or 54
						xor 65
							364
							365
								976 ?
							366
						353
						354
					or 58
						mux 195
							mux 221
								714
								715
								716
							650
							651
						358
						359
					or 74
						374
						375
						376
							978
				0..1 84
					1..3 124
						xor 129
							488
							489
							490
						or 138
							510
							511
							512
						2..3 192
							3..3 276
								mux 299
									939
									940
									941
								871
								872
							642
							643
						mux 267
							mux 281
								885
								886
								887
								979
							846
							847
					1..3 136
						504
						505
						506
					394
				or 146
					531
					532
					533
			1..1 24
				mux 83
					1..1 88
						1..3 250
							796
								951 ?
							797
							798
						398
						399
					392
					393
				315
				316
			0..1 56
				xor 77
					381
					382
					383
				xor 93
					or 166
						578
						579
						580
					0..1 180
						612
						613
						614
					0..2 228
						733
						734
						735
					984
				1..1 264
					837
					838
					839
				963
			xor 153
				mux 175
					600
						993 ?
					601
					602
				547
				548
		2..2 4
			or 6
				mux 7
					xor 33
						or 66
							mux 103
								431
								432
								433
							367
							368
						2..2 200
							1..3 274
								865
									977 ?
								866
								867
							661
							662
						322
						947
					mux 79
						0..1 196
							652
							653
							654
						385
						386
					302
				or 10
					xor 13
						or 18
							mux 19
								xor 29
									or 46
										4..4 72
											0..1 120
												469
												470
												471
											mux 227
												730
												731
												732
											373
											973
										344
										345
											988 ?
									or 78
										2..3 108
											or 126
												480
												481
												482
											mux 191
												639
												640
												641
											mux 249
												793
												794
												795
											2..2 294
												924
												925
												926
										1..3 248
											790
											791
											792
										384
									1..3 208
										680
										681
										682
								or 90
									mux 99
										or 186
											628
											629
											630
										421
										422
									or 158
										557
										558
										559
										962
									403
								1..1 226
									727
									728
										987
									729
							1..1 20
								mux 39
									or 118
										464
										465
										466
									mux 247
										787
										788
										789
									330
								310
								311
							xor 21
								xor 61
									mux 273
										862
										863
										864
									mux 283
										891
										892
										893
									360
								312
								313
							or 50
								0..2 68
									mux 147
										534
										535
										536
									mux 171
										588
										589
										590
									0..3 290
										912
										913
											997
										914
								0..1 76
									mux 95
										410
										411
										412
									mux 127
										483
										484
										485
									380
								mux 243
									0..1 266
										843
										844
											961 ?
										845
									777
									778
							mux 71
								370
								371
								372
									964 ?
							2..2 128
								xor 177
									605
									606
									607
								486
								487
						or 42
							xor 73
								mux 87
									xor 89
										400
										401
										402
									xor 165
										575
										576
										577
									1..2 212
										2..2 278
											876
											877
											878
										690
										691
								xor 109
									442
									443
									444
								2..3 260
									3..3 268
										848
										849
											971
										850
									826
									827
							335
							336
						307
					mux 43
						1..3 140
							0..3 206
								676
								677
								678
							1..2 234
								750
								751
								752
							516
						337
						338
					1..3 104
						434
						435
						436
				or 30
					1..3 296
						930
						931
						932
					317
					318
				or 114
					xor 121
						mux 163
							570
							571
							572
						3..3 256
							814
							815
							816
						472
					454
					455
			xor 9
				mux 15
					mux 67
						or 94
							or 162
								567
								568
								569
							2..2 270
								853
								854
								855
							409
						xor 149
							539
								949 ?
							540
							541
						369
					xor 105
						mux 179
							1..3 210
								mux 263
									834
									835
									836
								685
								686
							610
							611
							990
						437
						438
					308
				1..1 16
					or 134
						501
						502
						503
					mux 143
						523
						524
						525
					309
					945
				or 70
					xor 81
						mux 123
							or 178
								mux 231
									741
									742
									743
								608
								609
							mux 207
								mux 241
									771
									772
									773
								2..2 298
									936
									937
									938
								679
							476
						1..3 168
							or 182
								617
								618
								619
									985 ?
							583
							584
						388
					mux 203
						mux 237
							759
							760
							761
						mux 255
							811
							812
							813
						669
							950
						966
					mux 287
						903
						904
						905
							995 ?
				or 142
					520
					521
					522
				or 190
					2..2 288
						906
						907
						908
					637
					638
				1..1 282
					888
					889
					890
			1..1 12
				3..3 100
					1..1 286
						900
						901
						902
					423
					424
				mux 199
					mux 251
						799
						800
						801
					1..3 280
						882
						883
						884
						953
					660
				306
			or 14
				mux 23
					mux 27
						or 34
							1..3 204
								670
								671
								672
							323
							324
						2..2 40
							1..2 44
								339
								340
								341
							or 106
								3..3 116
									2..2 172
										591
										592
										593
									459
									460
								0..3 222
									717
									718
									719
								mux 253
									805
									806
									807
							331
							991
						0..1 52
							1..1 112
								or 154
									xor 189
										634
										635
										636
									2..2 240
										768
										769
										770
											994
									549
								mux 223
									mux 245
										781
										782
										783
											956 ?
									720
									721
								450
							or 194
								647
								648
									983
								649
								960
							351
						mux 183
							2..3 284
								894
								895
								896
									968
							620
							621
					2..2 156
						552
						553
						554
					314
				xor 41
					332
					333
						959 ?
					334
				or 102
					428
					429
					430
				xor 145
					mux 285
						897
						898
						899
					529
					530
				xor 185
					625
					626
					627
			mux 63
				mux 91
					404
					405
					406
				mux 115
					456
					457
					458
				xor 117
					461
					462
					463
				mux 135
					mux 159
						560
						561
						562
					mux 201
						663
						664
						665
					0..3 272
						859
						860
							958
						861
				mux 293
					921
					922
					923
			2..3 262
				831
				832
				833
		2..2 8
			or 62
				1..1 160
					563
					564
					565
				1..2 202
					666
					667
					668
				361
			or 150
				3..3 184
					622
					623
					624
						992
				542
				543
				982
			303
		xor 25
			or 26
				xor 37
					or 38
						mux 213
							692
							693
							694
						328
						329
					1..2 64
						xor 69
							mux 75
								377
								378
								379
							mux 111
								mux 155
									xor 173
										594
										595
										596
									550
									551
								448
								449
							1..3 144
								526
								527
								528
							0..1 220
								711
								712
								713
								965
						362
						363
					xor 133
						498
						499
						500
				mux 151
					mux 289
						909
						910
						911
					0..1 292
						918
						919
						920
					544
				xor 181
					mux 279
						879
							952 ?
						880
						881
					615
					616
				1..1 258
					820
					821
					822
			0..2 36
				325
				326
				327
			xor 57
				xor 113
					451
					452
					453
				or 170
					mux 211
						687
						688
						689
					586
					587
				357
			2..2 148
				xor 161
					mux 187
						mux 269
							1..3 300
								942
								943
								944
							851
							852
						631
						632
					xor 193
						644
						645
						646
					566
				537
				538
					946
				969
			mux 219
				0..2 238
					762
					763
					764
				709
				710
		mux 35
			or 82
				389
				390
				391
			xor 85
				mux 209
					2..3 230
						1..1 254
							808
							809
							810
						739
						740
					683
					684
				395
				396
			mux 239
				765
				766
				767
		mux 47
			1..3 60
				or 198
					657
					658
					659
				mux 215
					698
					699
					700
				mux 295
					927
					928
					929
			346
			347
		mux 51
			0..4 236
				756
				757
				758
				948
			349
			350
		2..2 92
			mux 235
				753
				754
				755
			407
			408
		or 110
			445
				975
			446
			447
		xor 125
			477
			478
			479
		xor 169
			1..2 218
				706
				707
					970
				708
			mux 259
				823
				824
				825
			585
		mux 229
			736
			737
			738
			957
		mux 233
			747
			748
			749
	xor 45 ?
		xor 197
			1..3 252
				802
				803
				804
			655
			656
			974
		342
		343
	mux 59
		xor 137
			507
			508
			509
		xor 157
			or 174
				597
				598
				599
			555
			556
		0..3 164
			mux 205
				673
				674
				675
			573
			574
				954 ?
config: 0