abstract 0
	xor 1 ?
		or 2
			mux 3
				or 6
					xor 9
						xor 25
							218
							219
								864
							220
							789
						mux 95
							342
							343
							344
								715
									796 ?
										811 ?
								911 ?
							712
						mux 155
							500
								979
							501
							502
								942 ?
								982
							748
					or 14
						or 30
							225
							226
							227
						2..3 60
							xor 161
								517
									645
								518
								519
							280
							281
							661
						0..3 156
							503
							504
							505
					xor 33
						1..2 200
							629
							630
							631
								797
						229
							648
							729 ?
						230
							652 ?
					or 54
						or 58
							274
								850
									906 ?
							275
							276
							644
								749
						3..4 92
							or 190
								599
								600
									710 ?
									752 ?
										880
										988 ?
								601
								890
							335
							336
								793 ?
							676
						xor 121
							4..4 144
								468
									685
								469
								470
								754
							407
							408
							970
					mux 59
						277
						278
							792 ?
						279
							788
							847
								901 ?
								909 ?
						649
					949
				xor 17
					2..3 36
						1..2 104
							365
							366
							367
								669
								779
								845
						xor 149
							483
								920
							484
							485
						0..0 188
							593
								963 ?
							594
								666 ?
									763 ?
										802
										812 ?
										866
									790
							595
							701
								943 ?
					xor 37
						233
							912
						234
						235
					or 66
						mux 79
							or 102
								1..2 112
									383
										705
									384
										770 ?
									385
								360
									782
									803 ?
										876
										931 ?
								361
									690
										728 ?
											877
							314
							315
						xor 117
							396
							397
								944
							398
								831 ?
						mux 147
							477
								776
							478
							479
					mux 87
						or 114
							389
								875
							390
								680
									786
							391
						mux 131
							433
								753 ?
									937
							434
							435
								791 ?
							743
						329
					or 150
						xor 169
							xor 189
								596
								597
									857 ?
									918 ?
								598
							mux 195
								614
								615
									733
									903
								616
							541
								759 ?
						486
							670 ?
						487
					or 154
						497
							823 ?
							859
						498
							692 ?
								735 ?
								838 ?
						499
						679
					633
				or 18
					0..0 100
						mux 103
							362
								835
							363
							364
							899
						357
							726 ?
							897 ?
						358
						810
					207
						902
					208
						686
							953
				1..3 20
					xor 77
						309
						310
							720
								927
						311
						634
					211
					212
			mux 31
				1..2 52
					263
					264
					265
					718
						946
						987
				0..2 84
					0..1 180
						569
						570
							955 ?
						571
					mux 199
						626
						627
						628
							929
					324
					804
				228
			3..3 40
				0..3 80
					xor 105
						or 126
							420
							421
							422
						368
							658 ?
						369
							641
							839
						678
					316
						674
						687
					317
						740
					997
				1..1 164
					526
					527
					528
				mux 171
					545
					546
					547
			or 50
				mux 107
					373
						642
							700 ?
					374
						888 ?
					375
				or 118
					399
					400
					401
						651
						869 ?
					794
						995
				259
					717
				989
			2..2 96
				345
				346
					894 ?
				347
					951
			xor 153
				494
				495
				496
			713
		2..3 4
			1..2 12
				mux 15
					xor 21
						mux 55
							mux 83
								1..2 88
									2..2 128
										426
										427
										428
									0..3 132
										436
										437
											806 ?
											934
										438
											709 ?
											800
									330
								322
								323
									956
							267
							268
						xor 81
							or 94
								339
								340
								341
							xor 197
								620
								621
								622
								727
									730 ?
									842 ?
							318
							702
						213
							655 ?
					xor 69
						xor 129
							429
								996
							430
							431
								741 ?
						mux 187
							590
							591
							592
						296
							863 ?
							922 ?
					xor 125
						417
							787
						418
						419
							765 ?
						725
					xor 141
						459
						460
							961 ?
						461
							938 ?
						636
					xor 185
						584
						585
							883 ?
								907
						586
							999
				1..1 56
					269
					270
					271
						819 ?
						821 ?
				mux 167
					535
					536
					537
			or 22
				0..2 28
					0..4 64
						mux 67
							or 78
								xor 97
									348
										798
										879 ?
											881 ?
												978 ?
									349
										681
									350
										739 ?
									671
								312
								313
							1..3 120
								404
									706 ?
										736 ?
									971 ?
										973
								405
								406
									941
							or 134
								or 178
									2..2 196
										617
										618
											682
												891
										619
									565
									566
									761
										833 ?
											968
								442
									889
								443
								977
							or 142
								462
									722
										893
								463
									664
								464
								832
						or 110
							mux 159
								511
									695 ?
								512
									691 ?
									885 ?
								513
							xor 165
								529
								530
								531
									960
							379
						290
							716
						923
					222
					223
				214
				215
				913
			0..0 24
				or 38
					or 90
						mux 99
							354
							355
								768 ?
								814 ?
									974 ?
							356
						0..0 124
							414
								936
									958 ?
							415
							416
								771
								884
							668
						or 166
							532
								992
							533
							534
					xor 157
						or 162
							520
							521
							522
						506
						507
					236
						632
							851 ?
						855 ?
					772
						914
				or 42
					0..0 68
						293
							653
								822
						294
						295
							697
						774
							984 ?
					2..3 136
						446
						447
							919
						448
					242
					781
						829
				or 62
					284
						660
							780
					285
					286
				mux 175
					556
						940
					557
						699
							824
								925 ?
					558
						807 ?
						967 ?
						991 ?
			mux 43
				243
				244
					846
				245
					825 ?
				689
			or 186
				587
				588
					769
						972
				589
					874 ?
				696
		mux 7
			mux 11
				mux 127
					423
						871
						878
					424
						872 ?
					425
					837
				or 194
					611
						828
					612
						948
					613
					703
				203
			xor 13
				or 26
					xor 41
						239
						240
						241
						738
					mux 91
						xor 101
							mux 135
								2..2 160
									514
										711
										860
									515
									516
										826 ?
											830
								444
								445
									895
								873
							mux 191
								602
								603
									904 ?
										993
								604
							359
						mux 139
							mux 179
								xor 193
									608
									609
										757
											887 ?
									610
									785
										836
								567
									852
								568
									773
										865 ?
							or 182
								575
								576
								577
							455
							775
						334
						882
					221
						834 ?
				mux 39
					xor 53
						mux 71
							xor 73
								mux 75
									306
									307
									308
									755
								or 106
									370
									371
									372
								mux 151
									488
										939
									489
									490
									854
								969
							299
							300
						xor 137
							449
								809 ?
								983
							450
								762 ?
							451
							677
						266
						707
					237
					238
						650
							760 ?
								981
					950
				mux 51
					260
						751 ?
						827 ?
							930 ?
								1000
					261
					262
						813
				mux 115
					or 174
						or 198
							623
								683 ?
								693 ?
								848 ?
							624
							625
						554
						555
						663
					392
					393
						639 ?
				2..2 140
					456
					457
						745
							952 ?
					458
				0..2 148
					480
					481
					482
				mux 163
					523
					524
					525
						766
			xor 49
				256
					805 ?
				257
				258
			or 86
				2..3 176
					559
						721 ?
						908
					560
					561
				327
					724 ?
				328
					784
						985 ?
			mux 111
				380
				381
					656 ?
				382
					853
			673
			896
		0..2 8
			or 10
				mux 23
					xor 89
						331
							637 ?
							815
						332
						333
						841
					216
						817
					217
				xor 29
					or 98
						351
						352
						353
					xor 109
						xor 145
							471
							472
								843 ?
								966
							473
							933
						377
						378
							905
								932
							954 ?
					224
						675 ?
					777
				or 34
					0..0 48
						253
							795 ?
						254
						255
							672
								886 ?
									926 ?
						647
					231
						744 ?
					232
			2..3 16
				204
				205
					975
				206
					840
			0..2 72
				xor 85
					1..3 116
						mux 183
							578
							579
								801 ?
							580
							778
						394
						395
					325
					326
				301
				302
			xor 93
				mux 143
					465
					466
					467
						667
							898 ?
				337
				338
					900 ?
						957
		mux 19
			mux 123
				411
					694
						867 ?
					862
				412
				413
				688
					816 ?
			209
				746
					986
			210
			965
		xor 65
			or 138
				452
				453
				454
			291
			292
				708
				849
			638
		684
	xor 5 ?
		mux 27
			0..0 32
				mux 35
					1..3 44
						xor 173
							551
							552
								734
									808
							553
								947 ?
						246
						247
					xor 45
						or 82
							319
								747 ?
							320
							321
								799
									868
								916
							858
						248
							654
								704
						249
					0..2 76
						mux 119
							or 122
								or 170
									542
									543
									544
										980
								409
								410
									723 ?
										731
										928
									870
								756
									764 ?
							402
							403
						2..3 152
							491
							492
							493
						0..4 168
							538
								665
							539
							540
							861
						xor 177
							562
								945 ?
							563
							564
								990
					xor 133
						439
						440
						441
				or 46
					250
						818
							935
					251
					252
					924
				0..2 172
					548
					549
					550
						998
				1..3 184
					581
					582
						698 ?
						719 ?
						737 ?
							767 ?
					583
						662
			mux 47
				xor 57
					xor 61
						xor 181
							572
							573
							574
							750
								856
								964
						282
						283
							844 ?
								917 ?
						758
					272
					273
					976
				mux 63
					287
					288
						820
							962 ?
					289
				or 74
					303
						646 ?
					304
					305
			or 70
				3..3 108
					xor 113
						386
							742 ?
						387
							892
						388
							659 ?
					or 130
						or 146
							474
								657 ?
								910 ?
							475
								643
							476
						2..2 192
							605
							606
							607
						432
					376
					714
				297
				298
					635 ?
						921 ?
			732
				959
		201
			783
		202
			640 ?
		915
	or 158
		508
		509
			994 ?
		510
config: 0