abstract 0
	1..20 1
		11..22 3
			9..13 4
				1..7 25
					507
						647
					508
						707
						958 ?
					509
					510
					511
						685
							910 ?
							946 ?
						918 ?
					512
					513
						663 ?
					514
						684
						917
					515
					516
					517
					518
					519
						892 ?
					520
					521
					522
						973
					523
					524
						932 ?
					525
					526
						727
					527
						753 ?
					683
				84
				85
				86
					1000 ?
				87
					769
						904 ?
				88
				89
				90
					886
				91
				92
				93
				94
				95
				96
				97
					657
					761 ?
				98
					818
				99
				100
				101
				102
				103
					664
				708
				937
			0..9 6
				123
					746 ?
				124
					809
				125
				126
				127
					678
				128
				129
				130
				131
				132
				133
					766
				134
				135
					699
					798 ?
				136
				137
				138
				139
				140
				141
				142
				143
					847 ?
				645
				995
			8..10 7
				4..18 11
					11..21 12
						10..17 14
							16..17 15
								301
									889
								302
									799 ?
										898
								303
								304
								305
								306
								307
								308
								309
								310
								311
									775 ?
								312
								313
								314
									697
								315
								316
								317
								318
								319
								320
								321
								675
									770 ?
							281
							282
								680
							283
								981 ?
							284
							285
								869 ?
							286
								722
								988
							287
							288
							289
							290
								777
							291
							292
							293
								755 ?
							294
								819 ?
							295
								771 ?
							296
								739 ?
							297
							298
							299
							300
						1..20 20
							7..16 24
								12..13 26
									528
									529
									530
									531
										912 ?
									532
										849
									533
										883 ?
										949 ?
										972 ?
									534
										831 ?
									535
										859
											866
												905
									536
										679 ?
									537
									538
										721
									539
									540
									541
									542
										954 ?
									543
										794 ?
										825 ?
										975 ?
									544
									545
										732
									546
									547
									548
									844
								487
									885
								488
									754 ?
								489
								490
									908 ?
									961 ?
								491
									779 ?
										909
									914
								492
									719
										750
								493
								494
								495
								496
								497
								498
								499
								500
								501
									921 ?
								502
									716
										758
											804 ?
									857
								503
									711 ?
										854 ?
									881
								504
								505
									703 ?
								506
									695
										977
									752
							405
							406
								865 ?
							407
								667 ?
								880
							408
								867 ?
							409
							410
							411
								654 ?
								821
							412
								733
									863
							413
							414
							415
							416
								790 ?
							417
							418
							419
								704 ?
									787 ?
								745 ?
							420
								814 ?
								853
							421
							422
							423
							424
								992
							735
							871
						242
						243
							879
						244
							902
						245
							666
								870
							986 ?
						246
						247
							776
						248
						249
						250
						251
							796
						252
							877 ?
						253
							751 ?
								873
						254
						255
							706 ?
						256
							638 ?
						257
						258
							983
						259
						260
							842 ?
								907
					222
						759 ?
					223
					224
					225
						634
							744
								786
						966 ?
					226
					227
						748 ?
							835
					228
					229
						639 ?
					230
					231
						747
							960 ?
					232
					233
						906
					234
					235
						689
					236
					237
					238
					239
						742 ?
					240
						789
					241
				144
					633 ?
						669 ?
				145
					884
					938 ?
					948 ?
				146
				147
				148
					828 ?
				149
				150
				151
					952
				152
					700
						896 ?
				153
					989 ?
				154
					876 ?
				155
					741
						999
					756
				156
				157
				158
					980
				159
				160
				161
				162
					929
				163
			16..17 18
				364
					688
				365
					705
						887
				366
				367
					686
				368
					671 ?
				369
					875 ?
				370
				371
					852 ?
					911 ?
				372
					839 ?
				373
				374
					890
					899
				375
				376
					740 ?
				377
					725 ?
					953 ?
				378
				379
					670 ?
				380
				381
				382
				383
					738
					976
				384
					895
			0..19 19
				0..2 30
					612
					613
					614
						772 ?
							823
							965
						807 ?
					615
					616
						806
							915 ?
					617
						920 ?
					618
					619
					620
					621
					622
					623
					624
					625
						764 ?
							997 ?
								998
					626
					627
					628
					629
					630
					631
					632
				385
				386
					833 ?
						984 ?
				387
				388
					650
						942 ?
				389
				390
					900
				391
				392
				393
				394
				395
				396
				397
				398
				399
					783
				400
				401
				402
				403
					974
				404
					659
						692 ?
					936
					994 ?
			68
				730
					941 ?
						979
			69
			70
			71
			72
			73
				656 ?
					924 ?
			74
			75
				795
			76
			77
			78
			79
				662 ?
					934
			80
				926
			81
				780
					800 ?
			82
			83
				836 ?
			720
				824
		14..18 13
			1..14 23
				466
				467
				468
				469
					690
				470
				471
					792 ?
				472
					943
				473
				474
				475
					791
					919 ?
					969 ?
				476
				477
					702 ?
				478
				479
				480
					874 ?
						939
				481
				482
					903
				483
					882 ?
				484
					696 ?
					760
						768
				485
				486
				642
				923
			261
			262
				788
			263
			264
				734
			265
			266
			267
			268
				726
			269
			270
			271
			272
				956
			273
				687
					913
			274
				864
			275
				803 ?
			276
			277
				996 ?
			278
				930 ?
			279
			280
				648
				655 ?
		31
		32
		33
			851 ?
		34
			718 ?
			947
		35
			822
				832
					991 ?
		36
		37
		38
		39
			660
				957 ?
		40
		41
		42
			778 ?
			868 ?
		43
		44
			757
			781 ?
				829
		45
		46
			665
				888
		47
		48
			928 ?
			993
		49
	10..19 2 ?
		11..17 5
			8..14 8
				0..18 10
					16..16 16
						322
							676
						323
						324
						325
						326
						327
							724
						328
							677 ?
							964
						329
						330
						331
						332
						333
						334
						335
						336
							935
						337
						338
						339
							774
						340
						341
						342
						717
							820
					0..1 28
						570
						571
						572
							951
						573
							674 ?
								773
						574
							736 ?
							808
						575
						576
							793 ?
						577
						578
						579
							962 ?
						580
						581
							968
						582
						583
						584
						585
						586
						587
						588
							987
						589
						590
						860
					203
						970 ?
					204
					205
					206
					207
					208
					209
					210
					211
						698
							801
								827
					212
					213
					214
					215
						640 ?
					216
					217
					218
					219
					220
					221
				7..14 17
					343
					344
					345
						644
					346
					347
					348
					349
						728 ?
						784
							802 ?
					350
					351
					352
					353
					354
						855
						862 ?
					355
						743 ?
					356
						691
						715
					357
					358
					359
						710
							813
					360
						848 ?
					361
					362
						843 ?
					363
				164
					815
				165
					797 ?
				166
				167
					643
				168
				169
					967 ?
				170
					672
					901
				171
				172
					763 ?
						927 ?
				173
					861
					878 ?
				174
				175
				176
					635
				177
				178
				179
					931
				180
				181
				182
					765
					945 ?
			1..22 22
				445
				446
				447
					782
				448
				449
					737
				450
				451
				452
				453
				454
				455
				456
				457
				458
				459
				460
					933
				461
				462
					658
				463
				464
				465
				653
				701
				982
			104
			105
			106
			107
				922 ?
			108
			109
			110
			111
				817 ?
			112
				637 ?
				838 ?
			113
				846 ?
			114
				834 ?
			115
				850
					893 ?
					959
			116
			117
			118
			119
				812 ?
			120
				713 ?
			121
			122
		7..15 9
			9..14 21
				11..20 29
					591
					592
					593
						641 ?
					594
					595
						673
					596
					597
						709
					598
						651 ?
					599
						858
					600
						816
					601
						955
					602
					603
					604
						661
					605
						856 ?
					606
					607
					608
						762
						978 ?
					609
					610
					611
					668
						826 ?
				425
				426
				427
					837 ?
				428
				429
				430
					681 ?
					925
					971
				431
				432
					714 ?
				433
				434
					950 ?
				435
				436
				437
				438
					990 ?
				439
				440
				441
				442
					723 ?
				443
				444
			183
			184
			185
				682
			186
				652 ?
			187
			188
				963
			189
			190
			191
				872 ?
			192
			193
				712
			194
			195
			196
				693 ?
				897
			197
				731 ?
				749 ?
			198
			199
			200
			201
			202
				840
		10..14 27
			549
			550
			551
				767 ?
				916 ?
			552
			553
			554
			555
			556
			557
			558
				646
			559
			560
				891 ?
			561
				810 ?
			562
				845
			563
			564
			565
			566
			567
				940
			568
			569
				729
		50
		51
		52
		53
			649
			830 ?
		54
			636
			841 ?
		55
			944
		56
		57
			694
		58
			785 ?
		59
		60
			805
		61
		62
		63
		64
		65
		66
		67
			811 ?
		894
			985 ?
config: 0