abstract 0
	mux 1
		mux 3
			1..2 4
				mux 15
					mux 21
						mux 81
							mux 113
								mux 197
									650
									651
									652
								mux 241
									768
									769
									770
								mux 273
									859
									860
									861
							0..3 146
								1..2 260
									823
									824
									825
								531
								532
							401
						0..3 238
							759
							760
							761
						317
							1000 ?
					2..3 52
						mux 71
							1..3 100
								1..2 114
									0..1 242
										771
										772
										773
											963 ?
									456
									457
								431
								432
							mux 235
								mux 299
									936
									937
									938
								751
								752
							386
						2..2 94
							mux 213
								mux 261
									mux 289
										906
										907
										908
									826
									827
								693
								694
							419
							420
						351
					311
				0..3 16
					2..2 40
						mux 59
							360
							361
							362
								997
						0..1 64
							mux 91
								1..3 98
									mux 115
										458
										459
										460
									426
									427
								mux 215
									698
									699
									700
								mux 293
									918
									919
									920
							372
							373
						0..3 236
							753
							754
							755
					mux 41
						1..1 74
							mux 99
								428
								429
								430
							388
							389
						mux 187
							624
								993
							625
							626
								960 ?
						337
					1..2 80
						1..3 158
							555
							556
							557
						399
						400
				1..2 34
					1..1 68
						mux 83
							1..1 250
								1..1 278
									874
									875
									876
								795
								796
							404
							405
						1..2 148
							534
							535
							536
						3..3 286
							897
							898
							899
					326
					327
			mux 5
				mux 7
					mux 9
						mux 201
							661
							662
							663
						303
						304
					mux 23
						0..1 30
							mux 95
								mux 125
									2..2 144
										0..3 212
											690
											691
											692
										mux 225
											723
											724
											725
										527
									483
									484
								421
								422
							mux 101
								0..1 118
									mux 245
										780
										781
										782
									465
									466
								mux 161
									mux 247
										786
										787
										788
									562
									563
								mux 199
									655
									656
									657
								1..2 228
									731
									732
									733
							mux 287
								900
								901
								902
						0..1 58
							357
							358
							359
						mux 239
							762
							763
							764
					mux 67
						0..3 130
							mux 291
								912
								913
								914
							494
							495
						380
						381
					2..2 120
						469
						470
						471
				0..4 20
					mux 33
						2..2 190
							3..3 254
								805
								806
								807
							633
							634
						mux 263
							1..1 282
								0..2 300
									939
									940
									941
								886
								887
							831
							832
								947 ?
						325
					315
						949
					316
					948
				mux 25
					mux 61
						366
						367
						368
					0..1 86
						mux 217
							703
							704
							705
						408
						409
					318
				mux 35
					mux 107
						1..3 136
							mux 179
								602
								603
								604
							509
							510
						1..1 156
							mux 251
								797
									984 ?
								798
								799
							0..1 272
								856
								857
								858
							551
						mux 157
							552
							553
							554
					328
					329
				1..2 42
					mux 131
						0..1 152
							mux 233
								745
									967
								746
								747
							543
							544
						mux 221
							713
							714
							715
							987
						496
					3..3 180
						605
						606
						607
					338
				mux 45
					0..2 48
						1..3 76
							mux 93
								mux 123
									478
									479
									480
								mux 211
									687
									688
									689
								2..2 256
									811
									812
										942
									813
										977
							mux 255
								808
								809
								810
								950
							0..1 264
								833
								834
								835
						mux 79
							396
							397
							398
						mux 163
							567
							568
								958 ?
							569
						0..2 218
							mux 271
								853
									996
								854
								855
							706
							707
							976
					mux 63
						2..2 78
							393
							394
							395
						0..1 184
							616
							617
							618
						371
					3..3 96
						mux 219
							708
							709
							710
						423
						424
				mux 143
					524
					525
					526
			mux 11
				mux 13
					3..4 18
						1..4 24
							mux 29
								1..2 56
									0..2 140
										515
										516
										517
									0..3 186
										621
										622
										623
									356
								1..3 234
									748
									749
									750
								mux 275
									865
									866
									867
										944 ?
							0..1 70
								mux 237
									756
									757
									758
								384
								385
							2..2 200
								658
								659
								660
							995
						mux 49
							2..2 108
								0..2 138
									512
									513
									514
								0..4 240
									765
									766
										986 ?
									767
									980
								447
							0..3 172
								1..2 230
									737
									738
									739
								0..1 290
									909
									910
									911
								588
							2..2 196
								0..3 276
									868
									869
									870
								648
								649
						2..3 104
							439
							440
							441
						mux 151
							mux 153
								545
								546
								547
							541
							542
					309
					310
				mux 31
					321
						978 ?
					322
					323
				1..3 32
					mux 149
						mux 195
							645
							646
								965
							647
						537
						538
					1..1 164
						mux 173
							mux 295
								924
								925
								926
							589
							590
						570
						571
					324
				mux 57
					1..2 102
						433
						434
						435
					mux 103
						436
						437
						438
					mux 243
						774
						775
						776
				2..4 62
					mux 105
						mux 183
							2..3 296
								927
								928
								929
							614
								975
							615
						442
						443
						952
					369
					370
					962
				mux 75
					mux 77
						mux 119
							mux 169
								3..3 246
									783
									784
									785
								582
								583
							467
							468
							988
						391
						392
					0..1 188
						627
						628
						629
					390
				mux 167
					mux 185
						2..2 262
							828
							829
							830
						619
						620
					578
					579
			mux 19
				312
				313
					964 ?
				314
			mux 27
				2..3 88
					3..3 160
						1..1 166
							575
							576
							577
						mux 171
							1..3 270
								850
								851
								852
							586
							587
							969
						561
					0..1 266
						mux 277
							871
							872
							873
						839
						840
					412
				mux 133
					500
					501
					502
				mux 137
					1..3 170
						mux 181
							608
							609
							610
						584
						585
					mux 191
						1..3 292
							915
							916
							917
								970
						635
						636
					511
				mux 227
					728
					729
					730
			0..3 124
				2..2 294
					921
					922
					923
				481
				482
		mux 17
			1..2 36
				2..2 66
					377
					378
					379
						959
					951
				2..2 134
					503
					504
					505
				330
			0..1 54
				352
				353
				354
			0..3 182
				611
				612
				613
					954
			2..2 280
				880
				881
				882
		mux 47
			343
			344
			345
		2..2 206
			3..3 284
				891
				892
				893
			674
			675
		0..1 232
			742
			743
			744
		mux 265
			836
			837
			838
		983
	2..3 2
		0..2 106
			444
			445
			446
		mux 155
			mux 207
				676
				677
				678
			1..3 248
				789
				790
				791
			550
		301
	1..2 6 ?
		0..2 12
			0..4 14
				mux 43
					339
					340
					341
				5..6 44
					mux 55
						mux 85
							mux 121
								472
								473
								474
							0..3 298
								933
								934
								935
							407
						mux 223
							717
								966 ?
							718
							719
						355
						974
					1..1 60
						363
						364
						365
					mux 65
						374
						375
						376
					1..3 142
						521
						522
						523
					mux 259
						820
							946 ?
						821
						822
						990
					mux 281
						883
						884
						885
				mux 51
					348
					349
					350
				mux 69
					3..3 162
						564
						565
						566
						945
					382
					383
				mux 89
					413
					414
					415
						982
				1..2 112
					453
					454
					455
				0..3 214
					695
						985
					696
					697
			307
			308
		mux 37
			1..1 90
				mux 141
					518
					519
					520
				416
				417
			mux 97
				mux 127
					486
					487
						971
					488
				0..1 150
					mux 175
						1..2 198
							mux 249
								792
								793
								794
							653
							654
						2..3 202
							664
							665
								999 ?
							666
								943
						593
					539
					540
				425
					953
			0..2 174
				0..3 252
					0..1 274
						862
						863
							994
						864
					800
					801
				591
				592
			2..2 178
				mux 189
					630
					631
					632
				600
				601
		302
	3..4 8
		3..3 10
			mux 283
				888
				889
				890
			305
			306
		1..2 22
			1..1 26
				mux 117
					462
					463
						955 ?
					464
				mux 229
					734
					735
					736
				319
			0..3 28
				1..2 84
					3..3 116
						mux 129
							491
							492
							493
						2..3 132
							497
							498
							499
						461
					0..2 208
						mux 209
							681
							682
							683
						679
						680
					406
				2..3 110
					mux 135
						506
						507
						508
					1..1 258
						817
						818
						819
					449
				320
			1..2 46
				0..3 122
					475
					476
					477
				1..2 192
					637
					638
					639
				342
			0..2 50
				mux 53
					0..2 72
						mux 109
							mux 203
								667
								668
								669
							mux 253
								802
								803
								804
							448
						mux 147
							mux 165
								572
								573
								574
							mux 257
								814
								815
								816
							533
							991
						387
					mux 159
						558
						559
						560
						979
							989 ?
					mux 193
						1..2 194
							642
							643
							644
						640
						641
				346
					957
				347
			3..3 176
				594
				595
				596
		mux 73
			2..3 82
				mux 205
					mux 267
						841
						842
						843
					1..1 288
						903
						904
							981
						905
					673
				402
				403
			3..3 92
				mux 111
					450
					451
					452
						973
				mux 139
					0..4 168
						0..2 204
							670
							671
							672
						580
						581
						968
					mux 177
						597
						598
						599
							998 ?
					0..2 210
						684
						685
						686
				418
			2..3 128
				mux 145
					528
					529
					530
				489
				490
			2..2 216
				0..2 220
					mux 279
						877
						878
						879
					711
					712
				701
				702
		0..3 154
			2..3 224
				720
				721
				722
			548
			549
	1..2 38 ?
		331
		332
		333
	mux 39 ?
		334
		335
		336
	mux 87
		mux 231
			1..1 244
				777
				778
				779
			740
			741
		410
		411
	0..2 126
		0..3 222
			1..3 226
				2..2 268
					844
						972
					845
					846
				726
				727
			mux 269
				847
				848
				849
			716
		mux 297
			930
			931
			932
		485
	mux 285
		894
			956
				961 ?
		895
			992 ?
		896
config: 0