abstract 0
	xor 1 ?
		or 2
			xor 5
				mux 15
					mux 39
						804
						805
						806
						807
						808
						809
						810
						811
						812
						813
							971 ?
						814
						815
						816
						817
						818
							890 ?
						819
						820
							965 ?
						821
						822
						823
							917 ?
						824
					311
						997
					312
					313
					314
						876 ?
						956
					315
					316
						901 ?
					317
					318
					319
					320
					321
					322
					323
					324
					325
						942
							976
					326
					327
					328
					329
					330
				xor 21
					429
					430
					431
					432
					433
					434
					435
					436
						892
					437
						930
					438
					439
					440
					441
					442
					443
					444
					445
						941 ?
					446
					447
					448
					449
				112
				113
				114
				115
				116
				117
				118
				119
				120
				121
				122
				123
				124
				125
				126
				127
					903
				128
				129
				130
			mux 11
				mux 23
					471
					472
						853 ?
					473
					474
					475
					476
					477
						863 ?
					478
					479
					480
						963 ?
						966 ?
					481
						987 ?
					482
					483
					484
					485
					486
					487
						886
					488
					489
					490
					491
				230
				231
				232
				233
				234
				235
					880 ?
				236
				237
				238
				239
					922 ?
				240
				241
				242
				243
				244
				245
				246
				247
				248
				249
			13..21 12
				or 18
					370
					371
						869 ?
					372
					373
					374
					375
					376
					377
						905
						923
							931
					378
					379
					380
					381
					382
						906 ?
					383
					384
					385
					386
					387
					388
					389
						947 ?
					390
				250
				251
					862
				252
				253
				254
				255
				256
				257
				258
				259
				260
				261
					910 ?
				262
				263
				264
				265
				266
				267
				268
				269
			13..13 16
				xor 25
					513
						855
					514
					515
						970 ?
						992 ?
					516
					517
					518
					519
					520
					521
						848 ?
					522
					523
						979 ?
					524
					525
						967
					526
					527
					528
					529
					530
					531
					532
						882 ?
							974 ?
					533
				or 26
					4..7 28
						575
						576
						577
						578
						579
						580
						581
						582
						583
						584
							872
						585
						586
							948
						587
						588
						589
						590
						591
						592
						593
						594
						595
					534
					535
					536
					537
					538
						940
						968
					539
					540
						907
					541
					542
					543
					544
						850
					545
					546
					547
					548
						937
					549
					550
					551
					552
					553
				mux 27
					554
					555
					556
					557
					558
					559
					560
					561
					562
					563
					564
					565
						881 ?
					566
					567
					568
						946 ?
					569
						916
					570
					571
						989
					572
					573
						871 ?
					574
				331
				332
				333
				334
				335
				336
					898
						952
				337
				338
				339
				340
					981
				341
				342
				343
				344
				345
				346
				347
				348
					993 ?
			57
			58
			59
			60
			61
			62
			63
				874
			64
			65
			66
			67
			68
			69
			70
			71
			72
			73
				944
		mux 3
			0..19 4
				or 14
					290
					291
					292
					293
					294
					295
					296
						995
					297
					298
					299
					300
					301
					302
					303
					304
					305
					306
					307
					308
						851 ?
					309
					310
				92
				93
				94
				95
				96
				97
					927 ?
				98
				99
				100
				101
					977 ?
				102
				103
				104
				105
				106
				107
				108
				109
				110
				111
			xor 17
				349
				350
				351
				352
				353
				354
				355
				356
				357
				358
					958
				359
				360
				361
				362
					846 ?
					999
				363
				364
				365
				366
				367
				368
				369
			17..18 20
				xor 29
					or 30
						616
						617
						618
						619
						620
						621
						622
							919
						623
						624
							908 ?
						625
						626
						627
						628
							925 ?
						629
							939
						630
						631
						632
						633
						634
						635
						636
					596
					597
					598
					599
						868 ?
					600
					601
					602
						972 ?
					603
					604
					605
					606
						895
					607
					608
					609
					610
					611
					612
					613
					614
					615
				mux 31
					637
					638
					639
					640
					641
					642
					643
					644
					645
					646
						1000
					647
					648
					649
					650
					651
					652
					653
					654
					655
					656
					657
				xor 33
					678
					679
					680
					681
						988 ?
					682
					683
						904
					684
					685
					686
					687
						891 ?
					688
						935 ?
					689
					690
					691
					692
						928 ?
					693
					694
					695
						969 ?
					696
					697
					698
						949 ?
					990
				411
				412
				413
				414
				415
					984
				416
					914 ?
				417
					879 ?
				418
				419
				420
				421
				422
				423
				424
				425
				426
				427
				428
					953 ?
			74
				994
			75
			76
			77
			78
			79
			80
			81
			82
			83
			84
			85
			86
				849
			87
			88
			89
			90
			91
		or 6
			6..10 32
				xor 37
					762
					763
					764
					765
					766
					767
					768
						893 ?
					769
					770
					771
					772
					773
					774
					775
						912 ?
							938 ?
							962
					776
					777
					778
						932 ?
					779
					780
					781
					782
				658
				659
				660
				661
				662
				663
				664
				665
					856
				666
				667
				668
				669
				670
				671
					865 ?
				672
				673
				674
				675
				676
				677
			131
			132
			133
			134
				887 ?
			135
				877 ?
			136
			137
			138
			139
			140
			141
				936
					943
			142
			143
			144
			145
			146
				991 ?
			147
			148
			149
			150
		mux 7
			xor 9
				xor 13
					10..19 36
						741
						742
						743
						744
						745
						746
						747
						748
						749
						750
							913 ?
						751
							852 ?
								911 ?
						752
						753
						754
						755
							986 ?
							996
						756
						757
						758
						759
						760
							975
						761
					270
					271
					272
					273
					274
						885 ?
					275
						873 ?
					276
					277
					278
					279
					280
					281
					282
						918 ?
					283
					284
					285
					286
					287
					288
						896 ?
					289
				190
				191
				192
				193
				194
					933
				195
				196
				197
					998
				198
				199
				200
				201
				202
				203
				204
				205
				206
				207
					950
				208
				209
			or 38
				783
				784
				785
				786
				787
				788
				789
					945
				790
				791
				792
				793
				794
				795
					889
				796
				797
				798
				799
				800
				801
				802
				803
			151
			152
			153
			154
			155
			156
			157
			158
			159
			160
			161
			162
			163
			164
			165
			166
			167
			168
			169
		12..15 8
			or 34
				699
				700
					861
				701
				702
				703
				704
					883 ?
				705
				706
				707
				708
				709
					884 ?
				710
				711
					866
				712
				713
					875 ?
				714
				715
				716
				717
				718
					902
				719
					915 ?
			170
				959
			171
			172
			173
			174
			175
			176
			177
			178
			179
			180
			181
			182
			183
			184
			185
			186
			187
			188
			189
		41
			867 ?
		42
		43
		44
			854
		45
		46
		47
		48
		49
		50
		51
		52
		53
		54
		55
		56
		899
	or 10
		12..20 24
			492
			493
			494
			495
				888 ?
			496
				921 ?
					980
			497
			498
			499
			500
			501
				864 ?
			502
			503
			504
			505
			506
			507
			508
			509
			510
			511
			512
			982
		210
		211
		212
		213
		214
		215
		216
		217
		218
			961
		219
		220
		221
		222
		223
		224
		225
			894
		226
		227
		228
		229
			859
	mux 19
		or 22
			450
			451
			452
			453
			454
			455
			456
			457
			458
				857 ?
					858
						973 ?
				934
			459
			460
			461
			462
				860 ?
			463
			464
			465
			466
			467
			468
			469
			470
		391
		392
		393
		394
		395
			960 ?
		396
		397
		398
		399
			985 ?
		400
		401
		402
		403
			878 ?
				920
		404
			870 ?
				897 ?
			955
		405
		406
		407
			978 ?
		408
		409
		410
	mux 35
		720
			909 ?
		721
		722
		723
		724
		725
		726
		727
		728
		729
		730
		731
		732
		733
		734
		735
			951 ?
		736
		737
			964 ?
		738
		739
		740
	13..17 40
		825
		826
			847
		827
			900 ?
			929 ?
		828
		829
			926 ?
			957
				983 ?
		830
			924 ?
		831
		832
		833
		834
		835
		836
		837
		838
		839
		840
			954
		841
		842
		843
		844
		845
config: 0