abstract 0
	mux 1 ?
		0..2 16
			mux 29
				mux 275
					857
					858
					859
					977
						983 ?
				314
				315
			0..3 44
				1..2 46
					mux 83
						384
						385
						386
						947
					335
					336
				mux 63
					mux 71
						372
						373
						374
					0..1 98
						mux 206
							670
							671
							672
						418
						419
					mux 107
						3..3 134
							495
							496
							497
						436
						437
				mux 87
					393
					394
					395
				mux 149
					mux 211
						683
						684
						685
					532
					533
						965
							996 ?
				mux 224
					717
					718
					719
			0..2 96
				mux 243
					mux 295
						917
						918
						919
					767
					768
				413
				414
			3..3 112
				2..2 124
					474
					475
					476
				mux 137
					1..3 144
						518
						519
						520
					503
						967
							981 ?
					504
				446
		2..2 78
			mux 189
				624
				625
				626
			mux 230
				732
				733
				734
			mux 244
				769
				770
				771
		mux 222
			mux 280
				872
				873
				874
			mux 291
				905
				906
				907
			713
	5..5 2
		mux 3
			2..2 20
				mux 299
					929
					930
					931
				303
					963
				304
			3..3 68
				mux 175
					mux 242
						mux 255
							801
							802
							803
						765
						766
					592
					593
				mux 221
					710
					711
						950
					712
				367
			mux 246
				775
				776
				777
		mux 9
			1..4 10
				mux 11
					2..2 24
						0..2 70
							2..2 140
								3..3 154
									0..3 180
										2..3 190
											627
												940
											628
											629
										mux 193
											mux 210
												680
												681
												682
											636
											637
										602
											955
									544
									545
								510
								511
							370
								1000 ?
							371
						2..2 94
							408
							409
							410
						mux 204
							664
							665
							666
					mux 27
						mux 89
							0..1 138
								505
								506
									956 ?
								507
							398
							399
						mux 220
							707
							708
							709
						311
					301
						959 ?
				mux 37
					1..3 38
						326
						327
						328
					mux 105
						431
						432
						433
					325
				1..3 42
					0..2 76
						mux 95
							mux 232
								738
								739
								740
							411
							412
						0..3 104
							4..4 198
								mux 300
									932
									933
									934
								650
								651
								941
							mux 233
								mux 254
									798
									799
									800
									948
								741
								742
							430
						mux 109
							440
							441
							442
							987
					2..2 118
						mux 125
							2..2 128
								2..2 146
									524
									525
									526
								485
								486
							477
							478
								994
						1..2 136
							500
							501
							502
						3..3 194
							638
							639
							640
								989
					mux 123
						471
						472
						473
						961
				1..2 74
					1..3 120
						464
						465
						466
							942 ?
					mux 267
						834
						835
						836
						945
					mux 283
						881
						882
							949 ?
						883
			mux 17
				2..2 30
					mux 43
						mux 53
							mux 61
								mux 252
									792
									793
									794
								359
								360
							mux 65
								mux 111
									0..1 132
										mux 151
											537
											538
												960
											539
										492
										493
									0..1 186
										mux 265
											828
											829
											830
										616
										617
									mux 261
										817
										818
										819
								mux 229
									mux 258
										mux 298
											926
											927
											928
										810
											998
										811
									730
										962 ?
											972 ?
												978
									731
								364
							343
						0..2 114
							450
							451
							452
						2..2 192
							633
								995
							634
							635
						mux 195
							641
							642
							643
					0..1 102
						2..2 150
							534
							535
							536
						425
						426
					316
						999 ?
					973
				mux 45
					3..3 64
						mux 85
							mux 145
								521
								522
									986 ?
								523
							mux 284
								884
								885
								886
							389
						mux 127
							482
								991
							483
							484
						363
					333
					334
				1..3 62
					mux 245
						772
						773
						774
					361
					362
			0..2 22
				1..2 36
					1..3 52
						mux 117
							459
								951 ?
							460
							461
						0..1 130
							mux 237
								750
								751
								752
							488
							489
						0..1 152
							mux 251
								789
								790
								791
							mux 271
								845
								846
								847
							540
					mux 257
						807
						808
						809
					324
				307
				308
		0..1 58
			mux 97
				415
				416
				417
			mux 236
				mux 286
					890
					891
					892
				748
				749
			mux 274
				854
				855
				856
		mux 231
			735
			736
			737
		mux 239
			756
			757
			758
	0..4 4 ?
		3..3 6
			mux 7
				4..5 18
					mux 35
						mux 47
							2..3 60
								2..3 196
									644
									645
									646
								357
								358
							0..2 72
								mux 165
									568
										971 ?
									569
									570
								0..3 174
									mux 273
										851
										852
										853
									mux 285
										887
										888
										889
									591
								375
							337
						mux 119
							mux 177
								mux 217
									698
									699
									700
								mux 292
									908
									909
									910
								596
							462
							463
							938
						2..2 168
							574
							575
							576
					mux 73
						mux 103
							427
							428
							429
						mux 288
							896
							897
							898
							976
						376
					mux 101
						mux 121
							467
							468
							469
						mux 241
							762
							763
								954 ?
							764
						424
					mux 143
						515
						516
						517
						993
					2..2 200
						mux 281
							875
							876
							877
						654
						655
				mux 19
					mux 23
						mux 25
							mux 31
								mux 51
									2..3 56
										350
										351
										352
									mux 93
										mux 218
											701
											702
											703
										406
										407
									mux 115
										453
										454
										455
									mux 191
										630
										631
										632
								317
								318
							2..3 40
								329
								330
								331
							mux 91
								mux 163
									562
									563
									564
								402
								403
							mux 171
								582
									964
								583
								584
							mux 226
								mux 259
									812
									813
									814
								722
								723
							mux 234
								mux 277
									863
										935
									864
									865
								743
								744
						0..2 32
							1..1 48
								1..1 88
									2..3 108
										mux 205
											667
												988 ?
											668
											669
												936
												997 ?
										438
										439
									396
									397
								338
								339
									952 ?
							mux 141
								mux 157
									mux 215
										692
										693
										694
									mux 223
										714
										715
										716
										982
									551
								mux 169
									mux 185
										613
										614
										615
									577
										969 ?
									578
								1..3 178
									597
									598
									599
										968
							319
							953
						mux 55
							347
							348
							349
						0..3 100
							mux 250
								786
								787
								788
								985
							422
							423
						3..3 148
							529
							530
							531
					1..2 34
						1..2 82
							0..3 84
								mux 131
									mux 235
										745
										746
										747
									490
									491
								387
								388
							382
							383
						322
						323
					mux 39
						2..2 66
							mux 266
								831
								832
								833
							365
							366
						mux 209
							mux 238
								753
								754
								755
							mux 262
								mux 264
									825
									826
									827
								820
								821
							679
						mux 276
							860
							861
							862
						mux 294
							914
							915
							916
					mux 135
						mux 179
							mux 263
								822
								823
								824
							600
							601
						498
						499
				mux 79
					mux 99
						mux 161
							mux 219
								704
								705
								706
							558
							559
						420
						421
					2..2 106
						mux 155
							mux 207
								673
								674
								675
									974
							546
							547
								944 ?
									966
						434
						435
					mux 183
						mux 240
							759
							760
							761
						608
						609
					0..2 184
						610
						611
						612
					mux 203
						mux 293
							911
							912
							913
						662
						663
						943
				mux 225
					mux 296
						920
						921
						922
							957 ?
					720
						937 ?
					721
						984
			0..4 12
				mux 13
					mux 21
						mux 67
							3..3 80
								0..3 160
									1..1 182
										mux 278
											866
											867
											868
										606
										607
										979
									556
									557
								mux 282
									878
									879
									880
								379
							0..2 156
								548
								549
								550
							mux 214
								mux 216
									695
									696
									697
								690
								691
							mux 249
								mux 287
									893
									894
									895
								784
								785
						305
						306
					mux 213
						mux 279
							869
							870
							871
						688
							975
						689
					mux 227
						724
						725
						726
				mux 33
					1..1 170
						579
						580
						581
					320
					321
				mux 49
					3..3 166
						mux 173
							588
							589
							590
						mux 181
							603
							604
							605
						0..2 188
							621
							622
							623
					340
					341
				mux 59
					2..3 116
						456
						457
						458
					355
					356
				mux 247
					778
					779
					780
			mux 15
				0..1 26
					mux 197
						647
						648
						649
					309
					310
				0..3 92
					mux 253
						795
						796
						797
					404
					405
				mux 113
					447
					448
					449
				0..3 158
					1..1 172
						585
						586
						587
					mux 248
						781
						782
						783
					552
				mux 167
					571
					572
					573
		0..2 110
			443
			444
			445
		mux 228
			727
			728
			729
		mux 260
			mux 270
				842
				843
				844
			815
			816
	mux 5
		mux 41
			mux 57
				1..3 162
					mux 290
						902
						903
						904
					560
					561
				353
					992
				354
			mux 153
				541
				542
				543
			332
		0..1 54
			344
			345
			346
		mux 81
			1..1 90
				mux 269
					mux 289
						899
						900
						901
					840
					841
				400
				401
			380
			381
	2..4 8
		0..2 14
			mux 75
				mux 77
					1..1 176
						mux 199
							mux 212
								mux 272
									848
									849
									850
								686
								687
							652
							653
							946
						594
						595
					377
					378
				2..3 122
					2..2 126
						479
						480
						481
					0..1 142
						512
						513
							990
						514
					470
				mux 139
					mux 256
						804
						805
						806
							970 ?
					508
					509
			mux 202
				659
				660
				661
				980
			302
		mux 129
			mux 133
				0..1 164
					565
					566
					567
				mux 268
					837
					838
					839
				494
			mux 208
				676
				677
				678
			487
				939 ?
		mux 147
			mux 201
				656
				657
				658
			527
			528
		mux 159
			553
			554
			555
	1..3 28 ?
		0..2 50
			mux 69
				mux 187
					618
					619
					620
				368
					958
				369
			3..3 86
				390
				391
				392
			342
		312
		313
	mux 297 ?
		923
		924
		925
config: 0