abstract 0
	mux 1 ?
		mux 7
			mux 98
				428
				429
				430
					946
			mux 101
				434
				435
				436
			mux 102
				437
				438
				439
				950
			mux 128
				mux 271
					852
					853
					854
				487
					991 ?
				488
				943
			mux 150
				532
					995
				533
				534
			mux 240
				763
				764
				765
		mux 17
			mux 24
				mux 69
					373
					374
					375
				mux 219
					705
					706
					707
				318
			mux 53
				mux 82
					mux 181
						605
						606
						607
					mux 198
						650
						651
						652
					402
				mux 115
					mux 216
						mux 283
							mux 292
								914
								915
								916
							888
							889
						697
						698
					mux 290
						908
						909
						910
					465
				348
			mux 75
				mux 140
					509
					510
					511
				388
				389
		301
		951
	mux 2 ?
		mux 3
			mux 4
				mux 16
					mux 29
						mux 108
							mux 135
								mux 224
									719
									720
									721
								500
								501
							mux 196
								646
								647
								648
							452
						mux 133
							495
							496
							497
							952
						324
					312
					313
				mux 21
					mux 35
						mux 43
							mux 62
								mux 298
									930
									931
									932
								363
								364
							mux 99
								mux 131
									mux 137
										mux 165
											mux 194
												mux 251
													795
													796
													797
												641
												642
											566
											567
										mux 237
											755
											756
											757
										504
									493
									494
								431
								432
								1000
							mux 203
								665
								666
								667
						mux 44
							mux 49
								mux 55
									mux 221
										711
											981 ?
										712
										713
									mux 260
										820
										821
										822
									350
								340
								341
							mux 207
								676
								677
								678
							338
						mux 182
							608
								985 ?
							609
							610
						961
							984 ?
					mux 37
						mux 71
							mux 77
								mux 155
									543
									544
										976 ?
									545
								392
								393
							mux 116
								mux 296
									924
									925
									926
								466
								467
							378
						mux 85
							mux 174
								mux 217
									699
									700
									701
								590
								591
							mux 223
								716
								717
								718
							mux 250
								792
								793
								794
						mux 123
							mux 130
								mux 204
									668
									669
									670
								491
								492
							479
							480
					mux 67
						mux 117
							mux 249
								789
								790
								791
							mux 253
								801
								802
								803
							mux 289
								905
								906
								907
						mux 247
							783
							784
							785
						mux 288
							902
							903
							904
				mux 39
					mux 73
						382
						383
						384
					mux 96
						mux 166
							568
							569
							570
								992
						mux 245
							mux 254
								804
								805
								806
							778
							779
						426
							969 ?
					mux 112
						mux 235
							mux 272
								855
									988 ?
								856
								857
							750
							751
						459
						460
					mux 280
						879
						880
						881
						999
				mux 120
					472
					473
					474
				mux 270
					849
					850
					851
				mux 281
					882
					883
						989 ?
					884
			mux 22
				mux 45
					mux 103
						mux 147
							mux 189
								mux 199
									653
									654
									655
								627
								628
							526
							527
						mux 268
							843
							844
							845
						440
					mux 184
						613
						614
						615
					339
				mux 84
					mux 105
						444
						445
						446
					mux 109
						mux 124
							mux 171
								mux 293
									mux 297
										927
										928
										929
									917
									918
								582
								583
									953 ?
							481
							482
						453
						454
					mux 299
						933
						934
						935
				mux 93
					420
					421
					422
			mux 46
				mux 70
					mux 151
						535
						536
						537
					376
					377
				mux 78
					mux 176
						mux 262
							825
							826
							827
						594
						595
					394
					395
				mux 83
					403
					404
					405
					957
				mux 89
					mux 192
						635
						636
						637
					412
					413
					971
				mux 92
					417
					418
					419
				mux 143
					mux 258
						mux 263
							828
							829
								990
							830
						815
						816
					517
					518
				mux 175
					mux 228
						731
							996
						732
						733
					592
					593
				mux 191
					632
					633
					634
			mux 50
				mux 81
					mux 177
						mux 205
							mux 291
								911
								912
									982 ?
								913
							671
							672
						mux 286
							896
							897
							898
						596
					mux 211
						685
						686
						687
					401
				mux 86
					mux 202
						662
							939 ?
						663
						664
							974
					mux 265
						834
						835
						836
					406
				mux 261
					mux 264
						831
						832
						833
					823
					824
		mux 10
			mux 113
				mux 225
					722
						954
					723
						948
					724
				461
				462
			mux 142
				514
				515
				516
					947
			303
				940 ?
			962
		mux 12
			mux 30
				mux 287
					899
					900
					901
				325
				326
			305
			306
		mux 19
			mux 159
				mux 227
					728
					729
					730
				mux 233
					744
					745
					746
				553
			314
			315
			994
		mux 23
			mux 26
				319
					964
				320
				321
			mux 136
				mux 285
					893
					894
						979
					895
				502
				503
			mux 190
				629
				630
				631
		mux 25
			mux 36
				mux 90
					mux 248
						786
						787
						788
					414
					415
					975
						986
				332
				333
			mux 40
				mux 48
					mux 58
						mux 106
							mux 114
								mux 193
									638
									639
									640
								463
								464
							447
							448
						mux 156
							546
							547
							548
						355
					mux 145
						522
						523
						524
					mux 183
						mux 277
							870
							871
							872
						611
						612
					mux 252
						798
						799
						800
				mux 87
					mux 119
						469
						470
							941
						471
					407
					408
				335
			mux 118
				mux 129
					mux 134
						mux 180
							602
							603
							604
						498
						499
					489
					490
				mux 167
					mux 294
						mux 295
							921
							922
							923
						919
						920
					571
					572
					942
						973 ?
				468
		mux 56
			mux 139
				mux 275
					864
						944
					865
					866
				507
				508
			351
			352
		mux 74
			385
			386
			387
	mux 5
		mux 8
			mux 18
				mux 20
					mux 42
						mux 215
							mux 230
								mux 241
									766
									767
									768
								mux 282
									885
									886
									887
								737
							695
							696
						336
						337
					316
					317
						980 ?
				mux 27
					mux 31
						mux 32
							mux 41
								mux 60
									mux 65
										mux 79
											mux 179
												mux 195
													643
													644
													645
												600
												601
											396
											397
										mux 107
											449
											450
												956 ?
											451
										mux 274
											861
											862
											863
									358
									359
								mux 122
									476
									477
									478
								mux 154
									mux 178
										597
										598
										599
									541
									542
								mux 173
									587
										978
									588
									589
								mux 185
									616
									617
									618
								mux 229
									734
									735
									736
								mux 257
									mux 278
										873
										874
										875
									813
									814
							328
							329
						mux 33
							mux 246
								780
								781
								782
							330
							331
						327
					mux 88
						409
						410
						411
					322
				mux 72
					379
					380
					381
			mux 28
				mux 54
					mux 148
						528
						529
						530
					mux 238
						758
							965
								966 ?
							972
						759
						760
					349
				mux 255
					807
					808
					809
				323
			mux 61
				360
				361
				362
			mux 80
				398
				399
				400
			mux 206
				673
				674
				675
			mux 220
				708
				709
				710
		mux 13
			mux 14
				308
				309
				310
			mux 94
				mux 121
					mux 222
						mux 273
							858
							859
							860
								963
						714
						715
					mux 244
						775
						776
						777
					475
				mux 146
					mux 163
						mux 170
							579
							580
							581
						mux 188
							624
							625
							626
						563
					mux 197
						mux 212
							mux 266
								837
								838
								839
									959 ?
							688
							689
						mux 236
							752
							753
							754
						649
					525
				mux 232
					741
					742
						983
					743
					958
			307
		mux 47
			mux 51
				342
				343
				344
			mux 76
				mux 100
					mux 158
						550
						551
						552
							955 ?
					mux 168
						573
							987
						574
						575
					433
				390
				391
			mux 126
				mux 132
					mux 144
						519
						520
						521
					mux 187
						621
						622
						623
					mux 218
						702
						703
						704
				484
				485
		mux 63
			mux 64
				mux 95
					423
					424
					425
				366
				367
			mux 97
				mux 104
					441
					442
					443
				mux 259
					817
					818
					819
				427
			365
		mux 127
			mux 162
				560
				561
				562
			mux 269
				846
				847
				848
			486
			967
	mux 6
		mux 66
			368
			369
			370
		mux 161
			557
			558
				945
			559
				968 ?
		302
	mux 9 ?
		mux 15
			mux 138
				mux 172
					584
					585
					586
				505
				506
			mux 208
				mux 234
					747
					748
					749
				mux 279
					876
					877
						977 ?
					878
				679
			311
				993
		mux 200
			656
			657
			658
				970
		mux 231
			738
			739
			740
		mux 242
			769
			770
			771
	mux 11
		mux 34
			mux 52
				345
				346
				347
			mux 57
				mux 59
					mux 209
						mux 214
							mux 284
								890
								891
								892
							693
								949
							694
						680
						681
					356
					357
				353
				354
			mux 111
				mux 164
					mux 239
						mux 243
							772
							773
							774
						761
						762
					564
					565
				457
				458
			mux 157
				mux 213
					690
						960
					691
					692
				mux 256
					810
					811
					812
				549
		mux 38
			mux 91
				mux 141
					mux 169
						576
						577
						578
					512
					513
						998 ?
				mux 267
					840
					841
					842
				416
			mux 110
				mux 125
					mux 149
						mux 201
							659
							660
							661
						mux 226
							725
							726
							727
						531
					mux 210
						682
						683
						684
					483
				455
				456
			334
		304
	mux 68
		mux 160
			554
			555
			556
		371
		372
	mux 152 ?
		mux 153
			mux 186
				mux 276
					867
					868
					869
				619
				620
				997
			539
			540
		mux 300
			936
			937
			938
		538
config: 0