abstract 0
	xor 1
		or 2
			1..3 4
				or 6
					or 114
						429
						430
						431
					253
					254
						866 ?
				0..4 56
					307
					308
					309
					840
						972 ?
				1..4 84
					363
						786 ?
						967
					364
					365
						981
					842
				mux 119
					440
					441
					442
					800
			xor 5
				2..2 8
					xor 9
						or 14
							xor 29
								mux 199
									640
									641
									642
								271
									830 ?
										928
										932 ?
								272
									823 ?
							mux 59
								xor 117
									435
									436
										999 ?
									437
										888
									883
								1..1 217
									687
									688
									689
										935
								1..2 247
									773
									774
									775
							mux 111
								or 138
									mux 147
										1..2 248
											776
												873
											777
											778
										504
										505
									484
										865 ?
										897 ?
									485
										807 ?
								2..2 156
									1..1 180
										590
											817 ?
											983
										591
										592
									526
									527
										821
											856
								424
							or 142
								0..2 172
									xor 181
										1..1 218
											690
											691
											692
										593
										594
									568
									569
								491
								492
								891
						mux 39
							xor 129
								465
								466
									985 ?
								467
								913
							284
							285
						mux 187
							1..3 225
								710
								711
								712
									870
							610
							611
								805
						2..3 221
							698
							699
							700
							998
					or 102
						401
						402
						403
					255
				mux 11
					mux 15
						or 18
							or 42
								mux 83
									1..3 136
										478
											919
										479
										480
									361
									362
								0..4 108
									xor 125
										mux 135
											3..3 152
												0..3 239
													749
													750
													751
													989
												515
												516
											476
												829 ?
											477
											949
										455
										456
											907 ?
												951
												977
										818
									417
									418
									962
								289
							3..3 64
								0..4 232
									729
									730
										849 ?
									731
										851
										976 ?
									824
								323
								324
							mux 139
								486
								487
								488
							3..3 205
								657
								658
								659
						256
						257
					0..3 24
						or 26
							mux 107
								414
								415
								416
							xor 153
								517
									838 ?
								518
								519
							267
						1..2 36
							xor 65
								xor 109
									419
									420
										912 ?
											974 ?
										944
									421
										959 ?
								325
									813
									908 ?
								326
								848
							mux 163
								1..3 207
									1..1 212
										0..0 216
											2..2 220
												695
													984
												696
												697
											2..2 227
												1..3 244
													764
													765
													766
												715
												716
													822 ?
														915 ?
													933
												852
											686
											863
										676
										677
										960
									662
									663
								0..2 245
									767
									768
									769
								543
									862 ?
									938
							xor 177
								581
								582
								583
							0..1 229
								720
								721
								722
						xor 57
							310
							311
							312
								799 ?
						2..2 120
							1..3 140
								xor 141
									xor 169
										559
										560
										561
									or 182
										595
										596
										597
									490
								or 146
									501
									502
									503
								489
							443
							444
					0..3 28
						268
						269
						270
					mux 75
						0..1 104
							406
								844
									892
							407
							408
						3..4 144
							495
							496
							497
							878
						2..3 192
							622
								789 ?
									937
							623
							624
				mux 35
					281
					282
					283
					954
				4..4 40
					286
					287
					288
					868
				1..2 44
					or 66
						327
						328
						329
						832
					or 190
						0..2 210
							670
							671
							672
						617
						618
					291
			0..5 12
				mux 23
					4..4 160
						534
						535
						536
						877
					263
					264
					808
						857
				mux 27
					xor 41
						1..2 52
							301
							302
							303
								968
						0..2 60
							315
							316
								905 ?
							317
						3..3 68
							mux 95
								386
									812 ?
								387
								388
									809 ?
								901
							333
							334
					xor 45
						mux 151
							0..3 176
								0..1 196
									631
										952
									632
									633
										899 ?
											990 ?
								579
								580
							513
							514
						292
							909 ?
						293
					xor 157
						528
							806 ?
						529
						530
				xor 77
					mux 159
						3..3 188
							612
							613
								854
							614
						0..3 237
							743
							744
							745
						533
							904 ?
					350
						996
					351
				1..2 80
					mux 155
						523
						524
							942 ?
						525
						893
							894 ?
					355
					356
				2..2 116
					1..2 124
						0..2 213
							678
							679
							680
						453
						454
					mux 191
						619
						620
						621
						867
					434
						969
			3..3 20
				or 30
					273
					274
					275
				260
				261
			3..3 32
				3..4 72
					xor 81
						357
						358
						359
						833
					2..2 235
						2..3 238
							746
								916 ?
								961
							747
								787
							748
						738
						739
							795
					1..3 242
						758
						759
							936
						760
					834
				or 82
					or 94
						xor 105
							409
							410
								816
							411
						xor 133
							473
							474
							475
						385
						955
					0..2 100
						1..2 201
							646
							647
							648
								804 ?
									975
									979 ?
							982
						396
						397
					360
					879
				or 170
					562
					563
					564
				0..2 230
					723
					724
					725
						914
				2..3 241
					755
					756
					757
					906
			or 38
				or 58
					xor 145
						498
						499
							853
						500
							898
						885
					313
					314
						956 ?
				or 154
					520
					521
						793 ?
					522
				0..1 164
					544
					545
					546
				861
					994
		mux 7
			xor 21
				or 22
					xor 61
						or 70
							337
							338
								978
							339
						318
							841 ?
						319
					mux 127
						460
							794
							995
						461
						462
					3..3 224
						707
							836 ?
						708
						709
				or 174
					573
					574
					575
				262
			or 34
				0..2 215
					0..2 246
						770
							896
								925 ?
						771
							886
						772
					684
					685
				279
				280
			mux 63
				xor 101
					398
					399
					400
				321
				322
					895 ?
				887
			xor 69
				mux 143
					or 198
						637
						638
						639
					493
					494
				335
					997
				336
				980
		or 10
			xor 13
				mux 19
					xor 33
						276
						277
						278
					xor 37
						or 54
							or 62
								xor 93
									382
									383
									384
								0..2 204
									654
									655
									656
								320
							305
							306
						xor 89
							374
							375
							376
						2..2 112
							3..3 200
								643
								644
								645
									872 ?
							1..2 226
								0..1 236
									740
									741
									742
										923 ?
									801
										828
								713
									903
									973
								714
								820
							425
						xor 197
							634
							635
							636
								991 ?
					mux 51
						or 74
							or 86
								367
								368
								369
									858 ?
							xor 149
								mux 183
									598
										792
									599
									600
								509
								510
							346
							876
						0..1 203
							3..4 243
								761
								762
								763
								953
							652
							653
						0..3 249
							779
							780
							781
					mux 79
						mux 115
							1..3 240
								752
								753
								754
							432
								986
							433
								827
						xor 173
							570
							571
							572
							880
						354
				mux 71
					340
						920 ?
					341
					342
						917
				or 126
					457
					458
					459
						934 ?
			xor 25
				1..3 202
					649
					650
						815
					651
				265
					881 ?
				266
			mux 31
				mux 91
					xor 121
						1..3 209
							667
							668
								819
							669
								931
						445
						446
						929
					377
					378
				xor 97
					389
					390
					391
				or 122
					447
					448
					449
						869 ?
			or 98
				or 134
					or 158
						mux 171
							565
								884
							566
							567
							947
						531
						532
					0..3 168
						556
						557
						558
					xor 189
						or 194
							628
							629
							630
						615
						616
					965
				392
				393
					950 ?
			mux 175
				576
					850
				577
				578
				860
		mux 47
			mux 87
				or 90
					or 106
						or 118
							0..2 234
								735
									837 ?
								736
								737
									882
									948 ?
							438
							439
						412
						413
					2..3 132
						470
						471
						472
					xor 185
						604
						605
						606
				370
				371
			0..1 88
				3..3 206
					0..1 214
						681
						682
						683
					660
					661
					910
				372
				373
			or 110
				xor 165
					547
					548
						943
					549
						847
				422
				423
					902
				835
					889 ?
		xor 113
			426
			427
			428
		mux 131
			or 162
				540
					939
					945 ?
				541
				542
			or 178
				584
				585
				586
					798
					927
			mux 179
				587
				588
				589
					788 ?
				859
	mux 3
		4..4 16
			0..2 96
				or 130
					xor 193
						625
						626
							785 ?
								926
									957 ?
						627
					468
					469
				mux 167
					553
						846
					554
					555
				0..1 228
					717
						1000 ?
					718
					719
						790 ?
			258
			259
				843
			918
		251
		252
	xor 17 ?
		or 46
			1..4 48
				or 50
					298
					299
						839
						874
					300
					864
				1..1 231
					726
					727
						987 ?
					728
				294
				855
			xor 49
				295
					958 ?
				296
				297
			mux 103
				0..1 208
					664
						825 ?
					665
					666
				404
				405
			831
		xor 53
			xor 85
				2..3 92
					379
						826 ?
							988 ?
					380
					381
						911
				or 150
					0..3 184
						601
							814
								871
						602
						603
					511
					512
						971
				366
			mux 99
				0..1 148
					506
						890
							900 ?
					507
					508
						802
							810 ?
				394
				395
				803
			304
			791
		xor 73
			343
				941
			344
			345
		1..3 76
			347
			348
			349
			940
		or 78
			xor 161
				537
				538
					993
				539
			352
			353
				924
		mux 123
			450
			451
			452
		mux 195
			0..1 211
				673
					922 ?
				674
				675
					946 ?
			1..2 223
				704
					845
				705
				706
			2..4 233
				732
				733
				734
				964
	mux 43
		1..1 128
			or 166
				550
				551
					970 ?
				552
			463
			464
		0..4 219
			1..3 250
				782
				783
					796
						811
				784
			693
			694
			930
		290
			963
	mux 55 ?
		mux 67
			330
				966 ?
			331
			332
				992
		xor 137
			481
			482
				921 ?
			483
		or 186
			607
			608
			609
			875
	0..1 222 ?
		701
		702
			797 ?
		703
config: 0