abstract 0
	mux 1 ?
		1..3 6
			mux 11
				46
				47
				48
			34
			35
		31
		32
	3..3 2 ?
		mux 5
			mux 9
				40
				41
				42
			3..3 12
				mux 13
					0..2 16
						56
						57
							100
						58
					50
					51
				mux 23
					2..2 26
						81
						82
							98
						83
					73
					74
				49
			mux 15
				53
				54
				55
			mux 25
				78
				79
				80
				99
		1..3 18
			62
			63
				96
			64
		0..1 28
			87
			88
			89
	mux 3
		2..2 4
			mux 7
				0..1 8
					37
					38
					39
				mux 19
					3..3 22
						70
						71
						72
					65
					66
				36
			mux 17
				59
				60
				61
			33
		0..3 14
			mux 21
				mux 29
					90
					91
					92
				0..2 30
					93
						97
					94
					95
				69
			0..3 24
				75
				76
				77
			52
		2..3 20
			mux 27
				84
				85
				86
			67
			68
	2..3 10
		43
		44
		45
config: 0