abstract 0
	mux 1 ?
		1..1 2
			mux 11
				1..3 12
					1..2 14
						2..3 16
							53
							54
							55
						51
						52
					46
					47
					100
				mux 19
					61
					62
					63
				0..1 28
					87
					88
					89
			1..2 21
				67
				68
				69
			31
		0..1 6
			35
			36
			37
		mux 9
			42
			43
				99
			44
		mux 17
			1..3 27
				84
				85
				86
			56
				96
				98
			57
	mux 3
		1..1 4
			1..2 8
				3..3 29
					90
					91
					92
				40
				41
			mux 13
				48
					97 ?
				49
				50
			32
		mux 5
			mux 7
				0..1 20
					64
					65
					66
				38
				39
			33
			34
		mux 15
			0..3 18
				58
				59
				60
			1..2 26
				81
				82
				83
			1..3 30
				93
				94
				95
		3..3 22
			70
			71
			72
	2..2 10 ?
		3..3 23
			1..1 24
				75
				76
				77
			73
			74
		2..2 25
			78
			79
			80
		45
config: 0