abstract 0
	xor 1 ?
		mux 3
			23
				78 ?
			24
				90
					97 ?
			25
				91
		0..1 4
			mux 7
				mux 15
					52
						82
					53
					54
					72
				30
				31
					74 ?
				93
			1..2 8
				32
					77
				33
				34
					69
			or 14
				49
				50
					94 ?
				51
				96
		xor 9
			0..4 16
				mux 19
					63
					64
						100
					65
						70
				55
					88 ?
				56
				98
			35
			36
			76
		xor 13
			46
				87 ?
			47
			48
		xor 17
			57
				79
				84 ?
			58
				73
			59
	or 2 ?
		mux 11
			40
			41
			42
			71
				86
					95
		21
		22
	xor 5 ?
		or 6
			0..2 12
				43
				44
				45
					92 ?
			28
				80 ?
					99
			29
			83
		26
		27
	or 10
		37
		38
			81 ?
			89 ?
		39
	or 18
		60
		61
			75
		62
		85
	1..3 20
		66
		67
		68
config: 0