abstract 0
	xor 1
		or 2
			mux 3
				44
				45
					87
					96 ?
				46
					90 ?
				47
				48
				49
				50
				51
					94
				52
				53
				54
					88 ?
						99
				55
				56
				57
				58
				59
				60
				61
				62
				63
				64
			7..20 4
				65
				66
				67
					93
				68
					97
				69
					91
					100
				70
				71
				72
				73
				74
				75
				76
				77
				78
				79
				80
				81
					89
				82
					98 ?
				83
				84
				85
			25
			26
			27
			28
			29
			30
			31
			32
			33
			34
			35
			36
			37
			38
			39
			40
			41
			42
				92
			43
		5
		6
		7
		8
		9
		10
		11
		12
		13
		14
		15
		16
		17
		18
		19
		20
		21
		22
		23
			95 ?
		24
			86 ?
config: 0