abstract 0
	xor 1
		26
		27
		28
	or 2
		mux 3
			or 6
				mux 11
					44
					45
					46
				mux 25
					81
						86
					82
					83
						98 ?
				34
			mux 7
				35
				36
				37
			3..3 20
				66
				67
				68
				89
			85
		xor 5
			xor 9
				mux 22
					72
						96 ?
					73
						93
					74
					88
				40
				41
			32
			33
		or 10
			mux 23
				75
				76
				77
					95 ?
				84
			42
				97 ?
			43
			90
				99 ?
				100
		2..3 12
			47
			48
			49
		xor 13
			mux 15
				mux 21
					69
					70
					71
						94
				54
				55
				87
			mux 19
				63
				64
				65
			50
		xor 17
			or 18
				60
				61
				62
			58
			59
	2..2 4 ?
		29
		30
		31
	0..1 8 ?
		or 14
			51
			52
			53
		38
			91
		39
	1..3 16 ?
		mux 24
			78
			79
				92 ?
			80
		56
		57
config: 0