abstract 0
	1..1 1
		31
		32
		33
	0..2 2 ?
		3..4 3
			0..1 4
				2..2 8
					0..3 10
						2..2 19
							0..2 24
								76
								77
								78
									96
							63
							64
						43
						44
					38
					39
				1..1 9
					40
					41
					42
				1..1 11
					2..2 16
						2..2 23
							2..3 29
								89
								90
								91
							74
							75
						56
						57
					45
					46
			0..1 6
				2..2 17
					58
					59
					60
				35
				36
			1..1 25
				0..3 26
					0..1 27
						83
						84
						85
					81
					82
				79
				80
			2..2 28
				86
				87
					97
				88
		2..3 5
			2..3 13
				0..1 15
					53
					54
					55
						98 ?
				49
				50
			1..1 22
				71
				72
				73
			2..2 30
				92
				93
				94
		34
	1..1 7
		3..3 12
			1..3 14
				0..2 20
					65
					66
					67
				51
				52
			47
			48
		1..1 18
			2..3 21
				68
				69
					95 ?
				70
			61
				99
			62
			100
		37
config: 0