abstract 0
	mux 1
		1..1 2
			mux 9
				mux 11
					47
					48
					49
				mux 19
					mux 21
						69
						70
						71
					mux 23
						mux 27
							85
							86
							87
								98
									99
						74
						75
					mux 28
						88
						89
						90
				43
			1..2 10
				44
				45
				46
			mux 13
				52
				53
				54
		mux 3
			0..3 12
				mux 15
					56
					57
					58
				50
				51
			mux 22
				mux 30
					94
					95
						97 ?
					96
				72
				73
			31
		0..3 4
			mux 26
				82
				83
				84
			32
			33
		2..2 6
			36
			37
			38
	mux 5 ?
		mux 25
			79
			80
			81
		34
		35
	mux 7
		mux 29
			91
			92
			93
		39
		40
	2..3 8 ?
		3..3 14
			2..3 16
				mux 17
					1..1 18
						63
						64
						65
					61
					62
				59
				60
			mux 24
				76
					100 ?
				77
				78
			55
		41
		42
	3..3 20
		66
		67
		68
config: 0