abstract 0
	0..4 1
		4
			97
		5
			95
		6
		7
			80 ?
		8
			99 ?
		9
		10
		11
			89 ?
		12
			70
			74 ?
		13
			93 ?
		14
		15
		16
		17
		18
			96
		19
			67
				82
		20
		21
			83
		22
		23
		24
		69
			81 ?
		71
	1..1 2 ?
		25
		26
			76 ?
			78
		27
		28
		29
		30
		31
		32
		33
		34
			72 ?
				94
		35
		36
			90 ?
		37
		38
		39
		40
		41
		42
		43
		44
		45
	0..18 3
		46
		47
		48
			73
				86 ?
				87
					92 ?
			79
		49
		50
		51
			75
		52
			85
				91 ?
		53
			68
				84 ?
		54
		55
		56
		57
		58
		59
			98
		60
		61
			88 ?
		62
		63
		64
			100 ?
		65
		66
	77 ?
config: 0