abstract 0
	xor 1 ?
		xor 5
			or 6
				or 10
					41
					42
						96 ?
					43
				xor 13
					or 14
						48
						49
						50
						84
					0..2 20
						65
							90
								92
						66
						67
							93 ?
					47
				xor 17
					0..3 22
						71
						72
						73
					57
					58
				1..2 23
					2..2 24
						76
						77
						78
					74
					75
				1..1 25
					79
					80
					81
				94
			31
			32
		mux 11
			44
			45
			46
				88 ?
					91 ?
		26
	or 2 ?
		mux 7
			33
			34
			35
				98
		mux 15
			51
			52
			53
			87
		27
	mux 3 ?
		0..0 4
			mux 19
				62
				63
				64
				83
					89 ?
					100
			29
			30
			86
		1..2 12
			1..1 16
				54
				55
					82
				56
			or 18
				59
				60
				61
					99
			2..2 21
				68
				69
				70
		28
	1..2 8
		xor 9
			38
			39
			40
				85
			95
		36
		37
			97 ?
config: 0