abstract 0
	mux 1
		4
		5
		6
			91 ?
			96
		7
			94
		8
		9
		10
		11
		12
		13
		14
			84 ?
		15
		16
		17
		18
			71
		19
		20
			70 ?
		21
		22
			89
		23
			80 ?
		24
			76
	mux 2
		25
			77 ?
		26
			88 ?
				93 ?
		27
		28
			79
				100
		29
		30
		31
			82 ?
				87 ?
		32
		33
		34
			95 ?
		35
		36
		37
		38
			90
		39
		40
		41
			81
		42
		43
		44
		45
		78
	mux 3 ?
		46
		47
		48
		49
		50
			68
		51
			74 ?
			83
				92 ?
		52
		53
		54
			99
		55
			72 ?
				97
		56
		57
			98
		58
		59
			67 ?
				73 ?
			75 ?
				85 ?
		60
		61
		62
			69 ?
		63
		64
		65
			86
		66
config: 0