abstract 0
	xor 1 ?
		or 2
			mux 3
				or 6
					mux 7
						1..2 12
							mux 25
								0..2 30
									92
										97
									93
									94
								79
								80
							2..3 28
								mux 29
									89
									90
									91
								87
								88
							46
						xor 13
							47
							48
							49
						or 14
							50
								96
							51
							52
						0..3 24
							76
							77
							78
					mux 11
						xor 17
							59
							60
							61
						or 18
							mux 21
								mux 23
									73
										98 ?
									74
									75
								1..1 26
									81
									82
									83
								70
							62
							63
						45
					37
				mux 15
					53
					54
					55
				33
			xor 5
				xor 9
					40
					41
						100 ?
					42
				0..1 16
					56
					57
						95
					58
				1..2 20
					67
					68
					69
			32
		3..3 8
			0..1 22
				mux 27
					84
					85
					86
				71
				72
			38
			39
		31
	0..3 4 ?
		34
		35
		36
		99
	or 10 ?
		mux 19
			64
			65
			66
		43
		44
config: 0