abstract 0
	xor 1 ?
		mux 3
			2..2 4
				xor 5
					mux 7
						58
						59
						60
					55
					56
						166 ?
					185
						200
				mux 35
					115
					116
					117
					187
				54
			1..5 8
				xor 9
					61
					62
					63
						165 ?
				or 10
					mux 11
						2..2 16
							70
							71
							72
						or 18
							mux 48
								151
								152
								153
									177
							76
								167
								190
								199
							77
						mux 19
							xor 21
								mux 50
									157
										176 ?
									158
									159
								81
								82
							or 22
								83
									189
								84
									171 ?
								85
							78
						2..3 20
							0..0 28
								96
								97
								98
								164
							79
							80
							160
						or 38
							123
							124
								180
							125
								192 ?
							191
					or 14
						xor 29
							99
							100
							101
								181 ?
						2..2 36
							118
							119
							120
								193 ?
						67
					xor 25
						mux 46
							145
							146
							147
							162
						88
						89
					mux 39
						126
						127
							172
						128
				1..2 12
					64
					65
					66
				xor 13
					or 26
						90
							163
								175
						91
							182
						92
					xor 33
						109
						110
						111
					1..3 40
						129
						130
						131
				mux 23
					3..3 32
						xor 37
							mux 41
								132
								133
									184
									188
								134
							121
								161 ?
								194
							122
						107
						108
					86
					87
					168
						174 ?
				1..3 24
					or 34
						112
						113
						114
						198
					mux 43
						mux 45
							mux 47
								148
								149
								150
									186 ?
							143
							144
						138
						139
					mux 49
						154
						155
						156
			53
		mux 27
			93
			94
			95
		mux 31
			104
			105
				173 ?
			106
	or 2 ?
		or 30
			mux 44
				140
				141
				142
			102
			103
		51
			170
		52
	or 6 ?
		mux 15
			xor 17
				73
				74
					178
					179
				75
					195
				169
			68
				196
			69
			183
		mux 42
			135
			136
			137
		57
		197
config: 0