abstract 0
	xor 1 ?
		or 2
			mux 3
				41
				42
				43
				127
			2..3 4
				xor 9
					mux 19
						or 30
							94
							95
							96
								198
							131
						68
							194 ?
						69
					47
						125 ?
					48
						126
				0..2 12
					51
					52
						155
							175 ?
					53
						145
							147
								192 ?
						195
				mux 23
					xor 25
						83
						84
						85
							132
						193
					78
					79
						163 ?
			xor 5
				mux 11
					xor 17
						mux 27
							1..3 28
								mux 31
									97
									98
									99
									154
										180 ?
								mux 39
									119
										151 ?
										161 ?
									120
										129
											166
									121
										164
								91
							89
								167
							90
								150 ?
									190 ?
								186
						64
							130
								187 ?
							137 ?
							176
						65
					1..1 20
						70
						71
						72
							184
					50
						139 ?
						153
				xor 13
					1..3 24
						80
						81
						82
					54
					55
				mux 15
					or 18
						or 22
							xor 37
								113
								114
								115
									169 ?
									181
								189
							76
								136
								143 ?
								177 ?
							77
								141 ?
							191
						66
						67
					59
					60
					158
				xor 33
					102
						171
					103
					104
						174
					182
			0..0 8
				or 26
					86
					87
					88
						146
							157 ?
							179 ?
								196 ?
					178
				1..3 40
					122
						138 ?
							148
						162
					123
					124
						140 ?
						142
					133
				46
					183 ?
				144
			mux 35
				107
				108
				109
			159
		or 6
			mux 7
				or 10
					or 14
						56
						57
						58
					xor 21
						73
						74
						75
					49
						168 ?
					149
				0..1 16
					61
						165
					62
						188
					63
						172
							199
						197 ?
				45
			or 38
				116
				117
				118
				200
			44
		xor 29
			1..2 32
				or 34
					3..3 36
						110
							135 ?
						111
							173
						112
						170
					105
					106
						152
				100
					156
					185
				101
					160
			92
			93
				134 ?
		128
config: 0