abstract 0
	9..11 1 ?
		2..16 2
			1..1 3
				45
				46
					162 ?
				47
					130 ?
				48
				49
					183 ?
				50
				51
				52
				53
				54
				55
					132 ?
						160 ?
						164
					175
				56
				57
					129
					149 ?
						170
				58
					150
						187 ?
					184 ?
				59
					191
				60
				61
					158 ?
					169 ?
				62
					173 ?
				63
				64
				65
			4..7 4
				66
				67
					182 ?
				68
					134 ?
				69
				70
				71
				72
				73
					144
				74
				75
				76
				77
				78
					148 ?
					197
				79
				80
					131 ?
						157 ?
							176 ?
							200 ?
				81
				82
				83
					136
				84
				85
				86
			26
			27
			28
			29
			30
			31
			32
				159 ?
			33
			34
				135 ?
			35
			36
			37
			38
			39
			40
			41
			42
				137 ?
					195
				198
			43
				168
			44
		2..5 6
			108
			109
				152
			110
			111
			112
				151 ?
					171 ?
					189 ?
			113
				145 ?
				153 ?
					186
			114
			115
			116
			117
				178 ?
			118
			119
			120
			121
			122
				165 ?
			123
			124
			125
				172
			126
			127
			128
		7
		8
			140 ?
			194 ?
		9
		10
			154 ?
		11
			193
		12
			199 ?
		13
		14
		15
		16
		17
			163
				174
			181
				185
		18
		19
			138
				139 ?
				156
			196
		20
		21
		22
		23
		24
			161
				177
					180
		25
			155 ?
	8..10 5
		87
		88
			133 ?
				179
		89
		90
		91
		92
		93
		94
		95
			146 ?
		96
			192
		97
			143
			147
				188
		98
		99
		100
			166 ?
			190
		101
		102
		103
		104
			167 ?
		105
		106
			142
		107
			141 ?
config: 0