abstract 0
	mux 1 ?
		mux 2
			mux 3
				mux 4
					mux 5
						87
						88
						89
						90
							177
						91
						92
							172
								187
						93
							160 ?
							198 ?
						94
							173
						95
						96
						97
							133
							140
						98
						99
						100
							161 ?
						101
							131
						102
						103
						104
						105
						106
						107
					67
						136 ?
							182
							189 ?
					68
					69
						141
						164
					70
						154 ?
							200 ?
						180 ?
					71
						152
					72
					73
						168 ?
					74
						165
					75
					76
					77
					78
					79
					80
					81
					82
					83
					84
						130 ?
						162
					85
					86
				47
				48
					199 ?
				49
				50
				51
				52
					159 ?
						174
				53
				54
					132 ?
				55
				56
				57
				58
					166 ?
				59
					137
						170
				60
				61
					129 ?
					153
						175 ?
				62
				63
				64
				65
					134 ?
						163
				66
					149 ?
			27
			28
				194
			29
			30
			31
				142
			32
				167 ?
				197 ?
			33
			34
			35
			36
			37
			38
				144 ?
					150 ?
			39
			40
			41
			42
			43
				138
					146 ?
						156
					183
			44
				139
			45
				196
			46
		7
		8
			188 ?
		9
		10
		11
			171 ?
		12
		13
		14
			185
		15
			135
				157 ?
		16
		17
			158
				169 ?
		18
			145
				190
		19
		20
		21
			147
		22
		23
		24
		25
		26
			151 ?
			155 ?
			186 ?
	mux 6 ?
		108
			148
			191 ?
		109
		110
		111
		112
			181
				192
		113
		114
		115
		116
			176 ?
		117
			143
		118
		119
		120
		121
			193 ?
		122
		123
			184
		124
		125
			179
		126
		127
		128
			178 ?
	195 ?
config: 0