abstract 0
	0..1 1 ?
		0..1 2
			0..2 4
				1..1 6
					0..2 30
						0..1 32
							2..2 33
								112
									199 ?
								113
									189 ?
								114
							110
							111
						105
						106
					1..3 41
						131
						132
						133
					65
				3..3 8
					0..2 9
						1..1 13
							0..1 19
								79
								80
								81
							1..3 38
								3..3 43
									0..2 58
										176
										177
										178
									137
									138
								0..3 49
									150
									151
									152
									194
								125
								198
							73
						2..4 14
							0..3 16
								0..2 24
									91
									92
									93
								2..3 51
									156
									157
									158
								76
							1..1 36
								120
								121
								122
							0..2 37
								1..2 44
									3..3 60
										182
										183
										184
										186
									139
									140
								123
								124
							1..2 40
								128
								129
								130
								200
						1..3 20
							3..3 22
								0..2 53
									162
									163
									164
								86
								87
								193
							82
							83
					1..2 26
						0..3 27
							98
							99
							100
						2..2 39
							2..2 45
								141
								142
								143
							126
							127
						97
					67
					196
				63
				185
			61
			62
		0..2 3
			0..3 5
				0..1 7
					2..3 10
						68
						69
							190 ?
						70
					1..1 47
						1..1 57
							173
							174
							175
						145
						146
					66
				3..3 11
					0..1 23
						88
						89
						90
					2..2 28
						0..1 31
							107
							108
							109
						0..2 52
							159
							160
							161
						101
					71
				64
			3..3 12
				1..3 25
					94
					95
					96
				1..3 34
					115
					116
					117
				72
			0..3 46
				2..2 50
					153
					154
					155
				0..2 59
					179
					180
					181
				144
		0..3 18
			2..3 42
				134
				135
				136
			77
			78
	0..3 15 ?
		0..2 29
			102
			103
			104
		74
		75
	0..3 17 ?
		3..3 21
			1..1 55
				167
					187 ?
						195
				168
					192 ?
				169
					197 ?
			84
			85
		1..2 35
			1..2 48
				147
				148
				149
			118
				191 ?
			119
		1..3 54
			1..2 56
				170
				171
				172
					188
			165
			166
config: 0