abstract 0
	mux 1 ?
		mux 3
			63
			64
			65
		mux 5
			mux 7
				1..1 8
					1..3 10
						1..2 16
							75
							76
							77
						mux 25
							94
							95
							96
						0..1 36
							118
							119
							120
					mux 13
						mux 15
							2..3 18
								mux 53
									166
									167
									168
								79
									194 ?
								80
							mux 27
								mux 54
									169
									170
									171
								99
								100
							mux 59
								183
								184
								185
						mux 41
							mux 45
								144
								145
								146
							133
							134
						72
					mux 44
						141
							192
						142
						143
				mux 9
					1..2 12
						0..2 22
							87
							88
							89
						70
							196 ?
						71
					2..2 24
						mux 48
							152
							153
							154
						92
						93
					mux 52
						mux 60
							186
							187
							188
						164
						165
					mux 57
						177
						178
						179
				mux 37
					121
					122
					123
			mux 11
				mux 19
					mux 50
						158
						159
						160
					81
					82
						200
				2..3 40
					130
					131
					132
				69
					193 ?
			mux 21
				84
				85
				86
			0..1 26
				mux 29
					0..3 34
						112
						113
						114
					mux 56
						mux 58
							180
							181
							182
								195
						175
						176
					102
				97
				98
			1..1 30
				103
				104
				105
		mux 33
			mux 43
				138
				139
				140
				191
			110
			111
	0..2 2
		mux 39
			127
			128
			129
				198 ?
		61
		62
	3..3 4 ?
		1..3 6
			mux 47
				149
				150
				151
			67
			68
		mux 42
			135
			136
			137
		66
	0..2 14
		1..1 38
			124
			125
			126
		73
		74
	mux 17 ?
		3..4 20
			mux 23
				1..1 28
					1..3 32
						mux 46
							mux 55
								172
								173
								174
							147
								189
							148
						108
						109
					mux 51
						161
						162
							190 ?
						163
					101
						197 ?
				90
				91
			mux 31
				mux 49
					155
					156
					157
				106
				107
			83
			199
		mux 35
			115
			116
			117
		78
config: 0