abstract 0
	mux 1
		0..3 2
			mux 7
				2..3 18
					1..3 24
						1..1 32
							116
							117
							118
						1..1 42
							2..2 46
								151
								152
								153
							142
							143
						99
					86
					87
				mux 33
					119
					120
					121
				70
			61
			62
		mux 3
			mux 9
				72
				73
				74
			1..1 10
				4..4 12
					mux 13
						mux 17
							mux 57
								183
								184
								185
							84
							85
						75
						76
					2..2 16
						81
						82
						83
					mux 19
						3..3 22
							93
							94
							95
						0..1 26
							1..1 34
								mux 43
									0..2 48
										157
										158
										159
									144
									145
								2..2 58
									186
									187
									188
								122
							mux 51
								165
								166
								167
							102
						mux 35
							123
							124
							125
						mux 55
							177
							178
							179
					0..3 20
						mux 29
							108
							109
							110
						88
						89
					mux 21
						90
						91
						92
					mux 25
						mux 49
							160
							161
							162
						100
						101
					mux 37
						128
						129
						130
					1..3 50
						2..3 56
							180
							181
							182
						163
						164
					mux 53
						171
						172
						173
				1..2 14
					mux 23
						96
						97
						98
							198
					77
					78
				mux 31
					mux 45
						0..2 52
							168
							169
							170
						149
							195
								197
						150
					114
					115
				mux 47
					154
					155
					156
						196 ?
			mux 15
				2..3 40
					137
					138
						200 ?
					139
						199 ?
				79
				80
		3..3 4
			2..2 8
				mux 11
					0..1 28
						105
						106
						107
					1..2 54
						174
						175
						176
					0..1 60
						192
						193
						194
				2..2 38
					131
					132
					133
				71
			63
			64
		mux 5
			mux 41
				mux 59
					189
					190
					191
				140
				141
			65
			66
		0..2 6
			67
			68
			69
		mux 27
			3..3 36
				mux 39
					134
					135
					136
				126
				127
			103
			104
		2..3 30
			111
			112
			113
	2..3 44
		146
		147
		148
config: 0