abstract 0
	xor 1
		xor 9
			59
				169
				176 ?
			60
				173
			61
		or 10
			0..2 49
				154
				155
					184
				156
			62
			63
		0..3 12
			xor 13
				67
					170
				68
				69
			xor 37
				120
				121
				122
			or 38
				123
				124
					178 ?
				125
	or 2
		mux 3
			or 26
				92
				93
				94
				179
			51
			52
		0..3 4
			3..3 45
				2..3 47
					148
					149
					150
				1..2 50
					157
					158
					159
				144
			53
			54
				194
		0..2 20
			xor 21
				or 22
					mux 31
						103
						104
						105
					85
					86
				83
				84
			or 30
				0..1 46
					145
					146
					147
					193
				101
					160
					174 ?
					187 ?
				102
				166
			82
		2..4 24
			3..3 41
				132
				133
				134
			88
			89
				196 ?
			164
		1..1 28
			96
			97
			98
		1..1 42
			135
			136
			137
	xor 5
		mux 7
			or 14
				0..3 16
					74
					75
					76
						188 ?
				xor 17
					mux 19
						79
						80
						81
					0..2 32
						106
						107
							165
							177
						108
					0..2 48
						151
						152
						153
							168
						181
				70
					200
			mux 15
				71
					198 ?
				72
				73
				180
			mux 23
				mux 27
					1..2 40
						129
						130
							185
						131
					1..3 44
						141
						142
						143
					95
				mux 39
					126
						162 ?
						183 ?
							191
					127
						167
					128
						175 ?
				87
		1..3 8
			xor 25
				xor 29
					mux 35
						114
						115
						116
						182
					99
					100
				90
				91
			3..4 43
				138
				139
					199 ?
				140
				172
			58
				190
		55
	or 6
		or 18
			xor 33
				109
				110
				111
					161
					186 ?
			77
			78
		56
		57
	mux 11 ?
		64
		65
			171
			197
		66
			189
				195 ?
		163
	or 34 ?
		0..1 36
			117
			118
			119
				192 ?
		112
		113
config: 0