abstract 0
	mux 1
		mux 3
			mux 4
				mux 7
					mux 12
						mux 22
							87
							88
							89
						mux 36
							mux 43
								mux 45
									mux 59
										182
										183
											199
										184
									144
									145
								139
								140
									200 ?
							120
							121
						72
					mux 25
						96
						97
						98
					65
				mux 9
					mux 57
						176
						177
						178
					66
						191
						193
					67
				mux 21
					mux 60
						185
						186
						187
					85
					86
				mux 38
					125
					126
					127
			mux 6
				62
				63
				64
			mux 17
				mux 23
					90
					91
					92
				mux 24
					93
					94
					95
				76
			mux 26
				99
				100
				101
		mux 5
			mux 8
				mux 18
					mux 40
						mux 50
							158
							159
							160
						131
						132
					77
						192
					78
				mux 37
					122
					123
					124
				mux 52
					mux 58
						179
						180
						181
					163
					164
						196 ?
			mux 11
				69
				70
				71
			61
		mux 10
			mux 27
				mux 32
					110
					111
					112
				mux 46
					146
					147
					148
						190 ?
				mux 53
					165
					166
					167
			mux 35
				mux 47
					149
					150
					151
				118
				119
			68
		mux 13
			mux 14
				mux 29
					104
					105
					106
				mux 34
					mux 48
						152
						153
						154
					116
					117
				73
					197 ?
			mux 30
				mux 44
					141
					142
					143
					194
				107
				108
			mux 33
				113
				114
				115
		mux 16
			mux 20
				82
					188
				83
				84
			mux 51
				mux 54
					mux 56
						173
						174
						175
					168
						198 ?
					169
				161
				162
			75
		mux 31
			mux 39
				128
				129
				130
			mux 55
				170
				171
				172
			109
	mux 2
		mux 15
			mux 41
				133
				134
				135
					195 ?
			mux 49
				155
				156
				157
			74
		mux 19
			79
			80
			81
		mux 28
			mux 42
				136
				137
				138
				189
			102
			103
config: 0