abstract 0
	mux 1 ?
		0..3 2
			61
			62
			63
		mux 3
			0..6 6
				1..3 8
					0..1 48
						0..3 51
							162
							163
							164
						154
						155
					68
					69
						194 ?
				mux 15
					2..2 26
						0..2 28
							101
							102
							103
						1..3 52
							165
							166
							167
						97
					74
						199 ?
					75
				mux 21
					0..2 30
						2..3 47
							151
								196
							152
							153
						107
						108
					87
					88
				mux 23
					3..3 40
						0..1 46
							3..3 55
								174
								175
								176
							149
							150
								198
						133
						134
					91
					92
				2..2 36
					122
						195
					123
					124
				1..1 44
					2..2 49
						156
						157
						158
					144
					145
			0..3 41
				135
				136
				137
			64
		mux 5
			mux 7
				mux 9
					70
					71
					72
				mux 31
					109
					110
					111
				67
			65
			66
	1..3 4 ?
		mux 19
			2..3 22
				1..1 43
					141
					142
					143
				89
				90
			mux 39
				3..3 45
					146
					147
					148
				131
				132
			83
		mux 25
			mux 33
				115
				116
				117
			95
			96
		0..1 50
			159
			160
			161
	1..2 10
		mux 11
			0..2 12
				mux 13
					0..1 24
						mux 29
							104
							105
								192 ?
							106
						93
						94
					3..3 32
						112
						113
						114
					mux 37
						125
						126
						127
					1..2 59
						186
						187
						188
				0..1 20
					84
					85
					86
				2..2 58
					183
					184
					185
			1..2 14
				mux 17
					1..1 60
						189
						190
						191
					78
					79
				mux 35
					1..1 54
						171
						172
						173
					120
					121
				2..2 56
					177
					178
					179
			2..2 18
				80
				81
				82
					193
						200 ?
					197 ?
			1..1 53
				168
				169
				170
		mux 27
			98
			99
			100
		73
	1..2 16 ?
		2..3 34
			3..3 42
				138
				139
				140
			118
			119
		76
		77
	0..3 38 ?
		128
		129
		130
	0..3 57
		180
		181
		182
config: 0