abstract 0
	xor 1
		or 10
			mux 11
				mux 19
					84
					85
					86
				69
				70
			1..1 20
				87
					194 ?
				88
				89
			mux 23
				0..3 56
					mux 59
						188
						189
						190
					180
					181
				94
				95
			mux 41
				138
				139
				140
		xor 17
			79
			80
			81
		1..3 36
			125
			126
			127
	or 2
		0..1 4
			xor 37
				128
				129
				130
			mux 39
				mux 43
					143
					144
					145
				mux 53
					171
					172
					173
				134
			61
		xor 9
			66
			67
			68
		xor 13
			or 14
				or 22
					91
					92
					93
						198
				xor 29
					109
					110
					111
				75
			3..3 16
				3..3 54
					174
					175
					176
				77
				78
			74
		or 30
			112
			113
			114
		2..2 32
			or 34
				121
				122
				123
			118
			119
		2..3 50
			162
			163
			164
	mux 3
		xor 5
			0..2 8
				mux 15
					xor 21
						mux 35
							or 38
								131
								132
								133
							0..3 60
								191
								192
								193
							124
						0..2 44
							146
							147
							148
						90
					mux 27
						105
						106
						107
					76
				mux 47
					mux 57
						182
						183
							199 ?
						184
					154
					155
				65
			1..3 40
				135
				136
				137
			62
		or 6
			mux 7
				or 26
					102
					103
					104
				63
				64
			or 18
				xor 25
					99
					100
					101
				82
				83
			2..3 28
				xor 33
					2..2 48
						156
						157
						158
					1..2 58
						185
						186
							196
						187
					120
				mux 45
					mux 55
						177
						178
						179
					149
					150
				108
			0..1 46
				151
					195 ?
				152
				153
		mux 49
			159
			160
			161
				197 ?
	2..2 12 ?
		71
		72
		73
	2..2 24 ?
		96
		97
		98
	mux 31 ?
		115
		116
		117
	0..3 42 ?
		1..2 52
			168
				200 ?
			169
			170
		141
		142
	mux 51
		165
		166
		167
config: 0