abstract 0
	xor 1 ?
		0..17 8
			150
			151
			152
			153
				193
			154
			155
				187
			156
				179 ?
			157
			158
				195
			159
			160
			161
			162
			163
			164
			165
			166
			167
			168
			169
				185
			170
			192
		9
			196
		10
			190 ?
		11
		12
		13
		14
		15
			191
		16
		17
		18
		19
		20
		21
			174
			183 ?
		22
		23
		24
			186
		25
		26
		27
		28
	or 2
		mux 3
			5..17 4
				67
				68
				69
				70
				71
					176
				72
				73
				74
				75
				76
				77
				78
				79
				80
				81
				82
					194
				83
				84
				85
				86
				87
			or 6
				108
					173 ?
				109
					197 ?
				110
				111
				112
				113
				114
				115
				116
					184 ?
				117
				118
				119
					171 ?
				120
					189 ?
				121
				122
				123
				124
				125
				126
				127
				128
			48
			49
			50
			51
				182
			52
			53
			54
			55
			56
				172 ?
			57
				178
			58
			59
			60
			61
			62
			63
			64
			65
				175
			66
		xor 5
			mux 7
				129
				130
				131
				132
				133
				134
				135
				136
				137
				138
				139
					177 ?
				140
				141
					199
				142
				143
				144
				145
				146
				147
				148
				149
			88
			89
			90
			91
			92
			93
			94
			95
			96
			97
			98
			99
			100
				180 ?
			101
			102
				200 ?
			103
			104
			105
			106
			107
		29
		30
		31
		32
		33
		34
		35
		36
		37
		38
			181 ?
		39
		40
		41
			198 ?
		42
		43
			188
		44
		45
		46
		47
config: 0