abstract 0
	mux 1 ?
		mux 2
			mux 3
				mux 5
					mux 26
						mux 66
							789
							790
							791
						mux 68
							792
							793
							794
						mux 140
							mux 391
								1383
								1384
								1385
							mux 439
								1502
									2424 ?
								1503
								1504
								2386
							878
						mux 396
							1395
							1396
							1397
						mux 414
							1438
							1439
							1440
					mux 142
						879
							2438 ?
						880
						881
					mux 722
						2272
						2273
						2274
				mux 65
					mux 323
						1226
						1227
						1228
					mux 398
						1401
						1402
						1403
						2457
					mux 580
						mux 637
							2027
							2028
							2029
						1865
						1866
							2403 ?
				751
			mux 146
				mux 257
					1079
					1080
					1081
				mux 350
					mux 519
						1704
						1705
						1706
					1285
						2480
					1286
				mux 437
					mux 724
						2278
						2279
						2280
					1499
					1500
				mux 476
					1599
					1600
					1601
				mux 636
					2024
					2025
					2026
				mux 705
					2224
					2225
					2226
					2493
				mux 747
					2347
					2348
					2349
			mux 294
				mux 435
					1493
					1494
					1495
				1163
				1164
			mux 469
				1581
				1582
				1583
		mux 4
			mux 6
				mux 9
					mux 20
						mux 122
							mux 126
								859
								860
									2410 ?
								861
							856
								2494
							857
						mux 223
							mux 737
								2317
								2318
								2319
							1015
							1016
						mux 249
							1063
							1064
							1065
						mux 274
							1122
							1123
							1124
						mux 493
							mux 571
								1840
								1841
								1842
							1641
							1642
					mux 680
						2151
						2152
						2153
					754
				mux 25
					mux 30
						mux 73
							mux 87
								mux 118
									mux 120
										mux 156
											mux 370
												1334
												1335
												1336
											mux 512
												mux 675
													mux 709
														2236
														2237
															2435 ?
														2238
													2137
													2138
												1688
												1689
											899
										mux 532
											1739
											1740
											1741
										mux 667
											2113
											2114
											2115
									mux 193
										mux 352
											1290
											1291
											1292
										mux 479
											1606
											1607
											1608
										959
									852
									2369
								mux 463
									1565
									1566
									1567
								817
							mux 488
								mux 608
									1943
										2366
									1944
									1945
								1630
								1631
							mux 588
								1888
								1889
								1890
						mux 393
							mux 701
								2212
								2213
								2214
							1388
							1389
						mux 578
							1859
							1860
							1861
					mux 49
						mux 63
							mux 618
								1972
								1973
								1974
							786
							787
						772
						773
					mux 70
						mux 200
							973
							974
							975
						mux 409
							mux 690
								2179
								2180
								2181
							1426
							1427
						797
					mux 182
						mux 241
							mux 742
								2332
								2333
								2334
							1046
							1047
						mux 243
							mux 268
								1105
								1106
								1107
							1049
							1050
						940
				mux 56
					mux 61
						mux 117
							mux 171
								mux 228
									mux 335
										mux 575
											1852
											1853
											1854
										1253
										1254
									mux 431
										1482
										1483
										1484
									mux 526
										1725
										1726
										1727
									mux 530
										mux 600
											1920
											1921
											1922
										1735
										1736
								mux 466
									1572
									1573
									1574
								928
							mux 201
								mux 423
									1461
										2401 ?
									1462
									1463
								976
								977
							851
						mux 401
							1409
							1410
							1411
						784
					mux 78
						mux 95
							mux 158
								mux 389
									1377
									1378
										2475 ?
									1379
								mux 460
									1557
									1558
										2417
									1559
								901
							823
							824
						mux 187
							949
							950
							951
							2405
						mux 242
							mux 255
								mux 269
									1108
									1109
									1110
								1075
								1076
							mux 397
								1398
								1399
								1400
							1048
						mux 388
							mux 441
								1507
								1508
								1509
							mux 454
								mux 684
									2163
									2164
									2165
								1542
								1543
							mux 560
								1810
								1811
								1812
					mux 149
						mux 169
							923
							924
							925
						891
						892
					mux 229
						mux 499
							1655
							1656
							1657
						1023
						1024
				mux 216
					1007
					1008
					1009
				mux 250
					mux 533
						mux 638
							2030
							2031
							2032
						1742
						1743
					1066
					1067
				mux 272
					mux 368
						mux 417
							1446
							1447
							1448
						1329
						1330
					1117
					1118
				mux 660
					2092
					2093
					2094
				mux 682
					2157
					2158
					2159
			mux 12
				mux 23
					mux 202
						978
						979
						980
					mux 208
						mux 345
							1272
							1273
							1274
						993
						994
					mux 212
						mux 245
							1052
							1053
							1054
						mux 631
							2010
							2011
							2012
						1000
				mux 24
					mux 45
						mux 133
							mux 207
								mux 266
									1100
									1101
									1102
								mux 308
									1195
									1196
									1197
								mux 544
									1771
									1772
									1773
								mux 597
									mux 677
										2142
										2143
											2485
										2144
									1913
										2422
									1914
							871
								2380 ?
							872
						764
						765
							2483
					mux 91
						mux 125
							mux 284
								mux 654
									2074
									2075
									2076
								1145
								1146
							mux 311
								mux 540
									1760
									1761
									1762
								1200
								1201
							mux 407
								mux 652
									2068
									2069
									2070
								mux 696
									2197
									2198
									2199
								1423
						mux 445
							1517
							1518
							1519
						822
					755
				mux 36
					mux 41
						mux 42
							mux 513
								mux 730
									2296
									2297
									2298
								1690
								1691
							mux 648
								mux 691
									2182
									2183
									2184
								2058
									2418
								2059
							762
							2441
						mux 79
							mux 177
								mux 259
									1084
									1085
									1086
								mux 615
									mux 655
										2077
										2078
										2079
									1964
									1965
								mux 651
									mux 713
										2247
										2248
										2249
									2066
									2067
							mux 361
								mux 482
									1615
									1616
									1617
								1311
								1312
							mux 674
								2134
								2135
								2136
									2368 ?
										2453
						761
					mux 64
						mux 160
							mux 210
								995
								996
								997
							mux 400
								1406
								1407
								1408
							mux 621
								1981
								1982
								1983
						mux 232
							mux 564
								1821
								1822
								1823
							1030
								2363
							1031
						788
					mux 750
						2356
						2357
						2358
				mux 148
					mux 506
						mux 630
							2007
							2008
							2009
						1673
						1674
					889
					890
				mux 495
					1645
					1646
					1647
			mux 13
				mux 31
					mux 97
						mux 138
							mux 277
								mux 554
									mux 576
										mux 663
											2101
											2102
											2103
												2466
										1855
										1856
									1795
									1796
								1128
								1129
							mux 589
								1891
								1892
								1893
							877
						mux 240
							mux 529
								mux 738
									2320
									2321
									2322
									2384
								1733
								1734
								2443
							mux 666
								2110
								2111
								2112
							1045
						827
					mux 179
						mux 366
							1323
							1324
							1325
						mux 507
							1675
							1676
							1677
						mux 511
							1685
							1686
							1687
					mux 280
						1135
						1136
						1137
					mux 287
						1151
						1152
						1153
					mux 293
						mux 746
							2344
							2345
							2346
						1161
						1162
							2446 ?
						2375
				mux 76
					mux 362
						1313
						1314
						1315
					mux 386
						mux 412
							1433
							1434
							1435
								2498
						1372
						1373
					801
				mux 85
					812
					813
					814
				mux 131
					mux 550
						1784
						1785
						1786
					866
					867
				mux 338
					1257
						2499
					1258
					1259
				mux 549
					mux 741
						2329
						2330
						2331
					1782
					1783
				mux 591
					mux 616
						1966
							2491
						1967
						1968
						2376
					1897
					1898
			mux 38
				mux 84
					mux 159
						mux 233
							mux 516
								mux 558
									mux 590
										1894
										1895
										1896
									mux 699
										2206
										2207
										2208
									1806
								1697
								1698
							mux 670
								2122
								2123
								2124
							1032
							2472
						902
							2364
						903
					mux 521
						1710
						1711
						1712
					811
				mux 94
					mux 112
						mux 128
							mux 292
								mux 349
									mux 518
										mux 712
											2244
											2245
											2246
											2460
										1702
										1703
									1283
									1284
								mux 462
									1562
									1563
									1564
								1160
							mux 299
								1175
								1176
								1177
									2442
							864
						mux 152
							mux 253
								mux 281
									1138
									1139
									1140
									2445
								mux 492
									mux 714
										mux 719
											mux 740
												2326
												2327
												2328
												2458
											2264
											2265
										2250
										2251
									1639
									1640
								mux 647
									2055
									2056
									2057
							mux 480
								1609
								1610
								1611
							mux 498
								1652
								1653
								1654
							mux 539
								1757
								1758
								1759
						mux 162
							mux 195
								mux 711
									mux 721
										2269
										2270
										2271
										2471
									2242
									2243
										2415
								963
								964
							mux 629
								2004
								2005
								2006
							906
						mux 205
							987
							988
							989
					mux 119
						mux 137
							874
							875
							876
							2360
						mux 219
							mux 384
								1367
								1368
								1369
							mux 524
								1719
								1720
								1721
							mux 633
								mux 641
									2039
									2040
									2041
								2016
								2017
							mux 681
								2154
								2155
								2156
						mux 377
							1352
							1353
								2373 ?
							1354
					mux 288
						mux 405
							mux 505
								1670
								1671
								1672
							1419
							1420
						mux 517
							1699
							1700
							1701
								2467
						1154
				mux 99
					mux 143
						882
						883
						884
					mux 657
						2083
						2084
						2085
					830
			mux 46
				766
				767
				768
				2482
			mux 141
				mux 204
					984
					985
					986
					2408
				mux 415
					mux 595
						1907
						1908
						1909
					1441
					1442
				mux 706
					2227
					2228
					2229
			mux 154
				mux 163
					mux 425
						1467
						1468
						1469
					907
					908
				mux 367
					1326
					1327
					1328
				896
			mux 194
				960
				961
				962
				2392
			mux 698
				2203
				2204
				2205
			mux 728
				2290
				2291
					2365
				2292
		mux 8
			mux 665
				2107
				2108
				2109
			752
			753
		mux 47
			769
			770
			771
			2437
		mux 50
			mux 189
				mux 538
					mux 731
						2299
						2300
						2301
					1755
					1756
				953
				954
				2488
			mux 285
				mux 295
					mux 472
						mux 541
							1763
							1764
							1765
						mux 542
							1766
							1767
							1768
						1589
					1165
					1166
				1147
				1148
			mux 385
				mux 457
					1549
					1550
					1551
				1370
					2454
				1371
			mux 419
				1452
				1453
				1454
			mux 440
				mux 678
					2145
					2146
					2147
				1505
				1506
			mux 547
				mux 604
					1931
					1932
					1933
				mux 607
					1940
					1941
					1942
				mux 736
					2314
					2315
					2316
		mux 106
			mux 340
				mux 634
					2018
					2019
					2020
				1262
				1263
			839
			840
		mux 416
			1443
			1444
				2456
			1445
		mux 606
			1937
			1938
			1939
		2478
	mux 7
		mux 10
			mux 14
				mux 19
					mux 34
						mux 51
							mux 57
								mux 222
									mux 328
										mux 378
											1355
											1356
											1357
											2394
										1239
										1240
									mux 387
										1374
										1375
										1376
									mux 510
										mux 702
											2215
											2216
											2217
										1683
										1684
									mux 574
										1849
										1850
										1851
								779
								780
									2367 ?
							mux 69
								mux 673
									2131
									2132
									2133
								795
								796
							mux 75
								mux 145
									mux 147
										mux 203
											981
											982
											983
										887
										888
									mux 473
										1590
										1591
										1592
									886
								799
								800
							mux 127
								mux 562
									mux 693
										2188
										2189
										2190
									1816
									1817
										2450 ?
								862
								863
							mux 545
								mux 610
									1949
									1950
									1951
								1774
								1775
						mux 52
							mux 227
								mux 251
									mux 265
										1097
											2495
										1098
										1099
									1068
									1069
								mux 556
									1800
									1801
									1802
								1022
							mux 303
								mux 497
									mux 619
										1975
										1976
										1977
									1650
									1651
									2474
								mux 733
									2305
									2306
									2307
									2372
										2469
								1185
							mux 358
								1303
								1304
								1305
						mux 316
							1207
							1208
							1209
						mux 390
							1380
							1381
							1382
						mux 555
							1797
							1798
							1799
						mux 635
							2021
							2022
							2023
					mux 59
						mux 80
							803
							804
								2362
							805
						mux 115
							mux 175
								mux 279
									mux 465
										1569
										1570
										1571
									1133
									1134
								934
								935
							849
							850
						mux 413
							mux 448
								1525
								1526
								1527
							1436
							1437
					mux 135
						mux 172
							mux 374
								1345
								1346
								1347
							929
							930
							2430
						mux 363
							1316
							1317
							1318
						873
					mux 230
						1025
						1026
						1027
					mux 404
						mux 438
							mux 583
								1873
								1874
								1875
							mux 668
								2116
								2117
								2118
							1501
						1417
						1418
					mux 669
						2119
							2468
						2120
						2121
				mux 102
					833
					834
					835
				mux 153
					mux 271
						1114
						1115
						1116
					mux 664
						2104
						2105
						2106
					895
				mux 612
					1955
					1956
					1957
			mux 18
				mux 33
					mux 62
						mux 244
							mux 504
								1667
								1668
								1669
								2379
							mux 582
								1870
								1871
								1872
							1051
						mux 467
							1575
							1576
							1577
						785
							2473 ?
					mux 166
						914
						915
						916
					mux 220
						mux 300
							mux 503
								1664
								1665
									2399 ?
								1666
							1178
							1179
							2427
						mux 315
							mux 379
								mux 708
									2233
									2234
									2235
								1358
								1359
							mux 557
								1803
								1804
								1805
							mux 646
								mux 686
									2169
									2170
									2171
								2053
								2054
						1014
					mux 278
						1130
						1131
						1132
				mux 196
					mux 206
						990
						991
						992
					965
					966
					2476
				mux 408
					mux 456
						1546
						1547
						1548
					1424
					1425
				mux 475
					1596
					1597
					1598
				mux 484
					mux 494
						mux 710
							2239
							2240
							2241
						1643
						1644
					1620
					1621
			mux 44
				mux 83
					mux 86
						mux 333
							mux 471
								1586
								1587
								1588
							1249
							1250
						815
						816
					809
					810
				mux 213
					mux 723
						2275
						2276
						2277
						2390
					1001
					1002
				763
			mux 168
				920
				921
				922
					2378
			mux 452
				1536
				1537
				1538
			mux 568
				1831
				1832
				1833
		mux 11
			mux 28
				mux 39
					mux 165
						911
						912
						913
					mux 236
						mux 238
							1042
							1043
							1044
						1038
						1039
					mux 239
						mux 263
							mux 319
								mux 481
									1612
									1613
									1614
								1216
								1217
							mux 320
								1218
								1219
								1220
							1094
						mux 286
							mux 620
								1978
								1979
								1980
								2411
							1149
							1150
						mux 364
							1319
							1320
							1321
								2436
								2490
						mux 522
							1713
							1714
							1715
				mux 60
					mux 103
						mux 290
							mux 310
								mux 447
									1522
									1523
										2414 ?
									1524
										2371 ?
										2462 ?
								mux 489
									1632
										2370
									1633
									1634
								1199
							mux 426
								mux 700
									2209
									2210
									2211
								1470
								1471
								2500
							1156
						mux 394
							1390
							1391
								2459
							1392
						mux 688
							2175
								2489 ?
							2176
							2177
						mux 717
							2258
								2484
							2259
							2260
								2479
						mux 720
							2266
							2267
							2268
					782
					783
					2440
				mux 211
					mux 546
						1776
						1777
						1778
					998
					999
				mux 312
					1202
					1203
					1204
					2409
			mux 43
				mux 53
					mux 54
						mux 157
							mux 248
								1060
								1061
								1062
							mux 399
								mux 679
									2148
									2149
									2150
								1404
								1405
							900
						mux 161
							mux 464
								mux 527
									1728
									1729
									1730
										2393
									2398
								mux 613
									1958
									1959
									1960
								1568
							904
							905
						mux 304
							mux 339
								mux 381
									mux 427
										mux 528
											mux 628
												2001
												2002
													2463 ?
												2003
											1731
											1732
										1472
										1473
									mux 573
										1846
										1847
										1848
									1362
								1260
								1261
							1186
							1187
					774
					775
				mux 58
					mux 132
						868
						869
						870
					mux 487
						mux 579
							1862
							1863
							1864
								2452
						1628
						1629
					781
				mux 226
					1019
						2389
					1020
					1021
					2361
						2465 ?
				mux 422
					mux 536
						mux 603
							1928
							1929
							1930
						1750
						1751
					1459
					1460
			mux 88
				mux 121
					853
					854
					855
				818
				819
		mux 16
			mux 21
				mux 29
					mux 55
						776
						777
						778
					mux 136
						mux 167
							917
							918
							919
						mux 183
							941
							942
							943
						mux 359
							1306
							1307
							1308
						mux 428
							1474
							1475
							1476
						mux 639
							2033
							2034
							2035
					mux 318
						1213
						1214
						1215
				mux 35
					mux 101
						mux 273
							1119
							1120
							1121
						mux 306
							1191
							1192
							1193
						832
					mux 275
						mux 446
							mux 552
								1789
								1790
								1791
							1520
							1521
						mux 514
							1692
								2421
							1693
							1694
								2400 ?
						1125
					759
				mux 89
					mux 188
						mux 322
							mux 687
								2172
								2173
								2174
							1224
							1225
						mux 694
							2191
							2192
							2193
						952
					mux 190
						mux 198
							mux 246
								mux 734
									2308
									2309
									2310
								1055
								1056
							969
							970
						mux 234
							1033
							1034
							1035
						mux 313
							mux 324
								1229
									2433 ?
								1230
								1231
							mux 402
								mux 643
									2044
									2045
									2046
								1412
								1413
							1205
					mux 559
						1807
						1808
						1809
					mux 602
						1925
							2404 ?
						1926
						1927
			mux 27
				mux 123
					mux 262
						1091
						1092
						1093
					mux 317
						1210
						1211
						1212
					mux 433
						mux 587
							1885
							1886
							1887
						1488
						1489
				mux 150
					mux 739
						2323
						2324
						2325
					893
					894
					2396
				mux 291
					1157
						2385
					1158
					1159
				mux 411
					1430
					1431
					1432
				mux 468
					1578
					1579
					1580
			mux 48
				mux 71
					mux 192
						mux 197
							mux 283
								mux 594
									1904
									1905
									1906
								1143
								1144
									2423
							967
							968
						mux 483
							mux 649
								2060
								2061
								2062
							1618
							1619
						958
					mux 297
						1169
						1170
						1171
					mux 331
						mux 459
							1554
							1555
							1556
						1247
						1248
					mux 348
						1280
						1281
						1282
				mux 72
					mux 93
						mux 155
							mux 252
								1070
								1071
								1072
							897
							898
								2388 ?
							2395
								2402
						mux 186
							946
							947
							948
						mux 307
							mux 325
								1232
								1233
								1234
							mux 584
								1876
								1877
								1878
							1194
						mux 326
							1235
							1236
							1237
					mux 383
						mux 450
							mux 581
								1867
								1868
									2455 ?
								1869
									2432 ?
								2425
							1531
								2470
							1532
						1365
						1366
					798
				mux 336
					mux 523
						1716
						1717
						1718
					mux 551
						mux 748
							2350
							2351
							2352
						1787
							2481
						1788
					1255
				mux 625
					1993
					1994
					1995
		mux 22
			mux 67
				mux 108
					mux 124
						mux 305
							1188
							1189
							1190
								2447
						mux 373
							1342
								2486 ?
							1343
							1344
						858
					mux 298
						1172
						1173
						1174
					mux 346
						mux 434
							1490
							1491
							1492
						1275
						1276
					mux 566
						mux 585
							1879
							1880
							1881
						1827
						1828
				mux 261
					mux 351
						1287
						1288
						1289
					1089
					1090
				mux 296
					mux 500
						mux 605
							1934
								2416 ?
							1935
							1936
						1658
						1659
					1167
					1168
				mux 332
					mux 347
						1277
						1278
						1279
					mux 461
						mux 749
							2353
							2354
								2428 ?
							2355
						1560
						1561
					mux 656
						2080
						2081
						2082
				mux 727
					2287
					2288
					2289
				2451
			mux 104
				mux 191
					955
					956
					957
				mux 314
					mux 356
						1298
						1299
						1300
					mux 491
						mux 515
							mux 683
								2160
								2161
								2162
							1695
							1696
						mux 715
							2252
							2253
							2254
						1638
					1206
				mux 596
					1910
					1911
					1912
			mux 116
				mux 185
					mux 258
						mux 632
							2013
							2014
							2015
						1082
						1083
					mux 470
						mux 496
							mux 672
								2128
								2129
								2130
							1648
							1649
						1584
						1585
					mux 525
						1722
						1723
						1724
					mux 697
						2200
						2201
						2202
					mux 743
						2335
						2336
						2337
				mux 371
					1337
					1338
					1339
				mux 508
					mux 685
						2166
						2167
						2168
						2419
					1678
					1679
						2496 ?
			mux 217
				mux 260
					mux 453
						1539
						1540
						1541
					1087
					1088
				mux 372
					mux 458
						mux 735
							2311
							2312
							2313
						1552
						1553
					1340
					1341
				1010
		mux 344
			1269
			1270
				2387 ?
			1271
				2391 ?
		mux 369
			1331
			1332
			1333
	mux 15
		mux 74
			mux 173
				931
				932
				933
			mux 382
				mux 658
					2086
					2087
					2088
				1363
				1364
			mux 501
				1660
				1661
				1662
		mux 81
			mux 176
				mux 593
					1901
					1902
					1903
				936
				937
			806
			807
		mux 264
			mux 321
				1221
				1222
				1223
			1095
			1096
		mux 535
			1747
			1748
			1749
	mux 17 ?
		mux 37
			mux 82
				mux 98
					mux 474
						1593
						1594
						1595
					828
					829
				mux 134
					mux 218
						1011
						1012
						1013
					mux 443
						mux 570
							1837
							1838
							1839
								2397
						1513
						1514
					mux 531
						mux 627
							mux 725
								2281
								2282
									2407 ?
								2283
							1999
							2000
						1737
						1738
				808
			mux 113
				mux 114
					mux 622
						1984
						1985
						1986
					847
					848
				mux 209
					mux 355
						1295
						1296
						1297
					mux 357
						mux 375
							mux 376
								mux 429
									1477
									1478
									1479
								1350
								1351
							1348
							1349
						1301
						1302
					mux 671
						2125
						2126
						2127
				846
			760
		mux 77
			mux 105
				836
				837
				838
			mux 225
				mux 256
					mux 537
						1752
						1753
						1754
					1077
					1078
				mux 327
					mux 330
						1244
						1245
							2444 ?
						1246
					mux 337
						mux 432
							1485
							1486
							1487
						mux 543
							mux 561
								1813
								1814
								1815
							1769
							1770
						1256
					1238
				mux 342
					mux 563
						1818
						1819
						1820
					mux 601
						mux 645
							2050
							2051
							2052
						1923
						1924
					mux 640
						2036
						2037
						2038
				mux 689
					mux 703
						2218
						2219
							2431
						2220
					mux 729
						2293
						2294
						2295
					2178
			802
		mux 96
			mux 184
				mux 235
					mux 282
						mux 553
							1792
							1793
							1794
						1141
						1142
					1036
					1037
				944
				945
			825
			826
		mux 110
			mux 111
				mux 139
					mux 276
						mux 410
							mux 477
								1602
								1603
								1604
							1428
								2377
							1429
								2429 ?
						1126
							2434
						1127
					mux 360
						mux 444
							mux 567
								mux 599
									1917
									1918
									1919
								1829
								1830
							1515
								2426
							1516
						1309
						1310
					mux 365
						mux 451
							1533
								2461
							1534
							1535
						mux 695
							2194
							2195
							2196
						1322
				844
				845
			842
			843
			2374
				2383
		mux 129
			mux 144
				mux 151
					mux 199
						mux 572
							1843
							1844
							1845
						971
						972
					mux 329
						1241
						1242
						1243
					mux 353
						mux 424
							1464
							1465
							1466
						mux 692
							2185
							2186
							2187
						1293
				mux 214
					mux 334
						mux 418
							1449
							1450
							1451
						1251
						1252
					1003
					1004
				885
				2381
			mux 436
				1496
				1497
				1498
			865
		mux 178
			mux 221
				mux 247
					1057
						2449 ?
					1058
					1059
					2448
				mux 490
					1635
					1636
					1637
				mux 592
					mux 704
						2221
						2222
						2223
					1899
					1900
				mux 626
					1996
					1997
					1998
			mux 231
				mux 726
					2284
					2285
					2286
				1028
					2464
				1029
			mux 302
				1182
				1183
				1184
					2420 ?
			mux 430
				mux 548
					1779
					1780
					1781
				1480
					2497 ?
				1481
			mux 707
				2230
				2231
				2232
		mux 181
			mux 215
				mux 716
					2255
					2256
					2257
				1005
				1006
			mux 354
				mux 565
					1824
					1825
					1826
				mux 659
					2089
					2090
					2091
				1294
			mux 395
				mux 502
					mux 509
						1680
						1681
						1682
					mux 534
						1744
						1745
						1746
					1663
				1393
				1394
			mux 642
				mux 653
					2071
					2072
					2073
				2042
				2043
			mux 644
				2047
				2048
				2049
					2477 ?
		mux 449
			1528
			1529
			1530
	mux 32
		756
		757
			2359 ?
		758
			2487
	mux 40
		mux 90
			mux 109
				mux 224
					mux 442
						1510
						1511
						1512
					1017
					1018
				mux 586
					1882
					1883
					1884
				841
			820
			821
				2382 ?
		mux 92
			mux 100
				mux 343
					mux 421
						mux 624
							1990
							1991
							1992
						1457
						1458
					1267
					1268
				mux 623
					1987
					1988
					1989
				831
			mux 164
				mux 569
					1834
					1835
					1836
				909
				910
			mux 403
				1414
				1415
				1416
		mux 170
			mux 267
				mux 676
					2139
					2140
					2141
				1103
				1104
			926
			927
		mux 174
			mux 180
				mux 662
					2098
					2099
					2100
				938
				939
			mux 301
				mux 486
					1625
					1626
					1627
				1180
				1181
			mux 617
				1969
				1970
				1971
			2439
		mux 341
			1264
			1265
			1266
	mux 107 ?
		mux 309
			mux 380
				mux 406
					mux 732
						2302
						2303
						2304
					1421
					1422
					2413
				1360
				1361
					2412
			mux 420
				mux 614
					1961
					1962
					1963
				1455
					2492
				1456
					2406 ?
			1198
		mux 392
			mux 718
				2261
				2262
				2263
			1386
			1387
		mux 485
			1622
			1623
			1624
		mux 611
			1952
			1953
			1954
	mux 130 ?
		mux 237
			mux 270
				1111
				1112
				1113
			1040
			1041
		mux 289
			mux 478
				mux 520
					1707
					1708
					1709
				mux 744
					2338
					2339
					2340
				1605
			mux 661
				2095
				2096
				2097
			1155
		mux 577
			mux 745
				2341
				2342
				2343
			1857
			1858
	mux 254
		mux 609
			1946
			1947
			1948
		1073
		1074
	mux 455
		mux 598
			mux 650
				2063
				2064
				2065
			1915
			1916
		1544
		1545
config: 0