abstract 0
	xor 1
		2..14 12
			xor 61
				1274
				1275
				1276
				1277
				1278
				1279
				1280
				1281
				1282
				1283
				1284
					2411
				1285
				1286
					2138
				1287
					2240 ?
				1288
				1289
				1290
				1291
				1292
				1293
				1294
				2243
			297
			298
			299
			300
			301
			302
			303
				2295 ?
			304
			305
				2209
			306
			307
			308
			309
			310
				2497 ?
			311
			312
			313
				2261
				2378 ?
			314
			315
			316
		10..21 56
			xor 77
				1603
				1604
				1605
				1606
				1607
				1608
				1609
				1610
				1611
				1612
				1613
				1614
					2174 ?
				1615
				1616
				1617
				1618
				1619
				1620
				1621
				1622
				1623
			1173
			1174
			1175
			1176
			1177
			1178
			1179
			1180
			1181
			1182
			1183
			1184
			1185
				2322
			1186
			1187
			1188
				2440 ?
			1189
			1190
			1191
			1192
		101
		102
		103
		104
		105
			2449 ?
		106
			2452 ?
		107
		108
			2130 ?
				2335 ?
			2222
			2232
			2445
		109
		110
		111
		112
		113
		114
		115
		116
		117
		118
		119
		2162
	or 2 ?
		mux 3
			2..17 8
				xor 9
					or 10
						or 34
							727
							728
							729
								2387 ?
							730
								2467
							731
							732
							733
							734
								2479 ?
							735
								2323
							736
							737
								2421 ?
							738
							739
								2152 ?
							740
							741
							742
							743
								2493 ?
							744
							745
							746
							747
							2112
						0..19 36
							xor 37
								786
								787
								788
								789
								790
									2280 ?
									2477 ?
								791
								792
								793
								794
									2176 ?
									2392 ?
									2448
								795
									2275 ?
									2324 ?
								796
								797
								798
								799
								800
									2422
								801
								802
								803
								804
									2139
								805
								806
									2160
							3..11 48
								1008
								1009
								1010
								1011
								1012
									2350
								1013
									2214
								1014
								1015
								1016
								1017
								1018
								1019
								1020
								1021
								1022
									2315
								1023
								1024
								1025
								1026
									2273
										2339
										2360
										2400 ?
								1027
									2368 ?
								1028
							xor 69
								1439
								1440
								1441
									2476
								1442
								1443
								1444
								1445
									2144 ?
								1446
								1447
								1448
								1449
								1450
								1451
								1452
								1453
									2219 ?
										2264 ?
								1454
									2167 ?
								1455
								1456
								1457
								1458
								1459
							768
							769
								2231 ?
							770
							771
							772
							773
							774
							775
							776
							777
							778
							779
							780
							781
							782
							783
							784
							785
								2266
						or 42
							or 58
								1212
								1213
								1214
								1215
								1216
									2110
									2276 ?
								1217
								1218
								1219
								1220
								1221
									2217 ?
								1222
								1223
								1224
								1225
								1226
								1227
								1228
								1229
								1230
									2189 ?
								1231
								1232
									2118 ?
							888
								2129
							889
							890
							891
							892
							893
							894
							895
							896
							897
							898
							899
								2113 ?
									2164
										2284
							900
							901
							902
							903
							904
							905
							906
								2473
							907
						5..21 44
							xor 49
								1029
								1030
								1031
								1032
								1033
								1034
								1035
								1036
								1037
								1038
									2363
								1039
								1040
								1041
								1042
								1043
								1044
								1045
									2496
								1046
								1047
									2461
								1048
								1049
								2306
							or 90
								1874
								1875
								1876
									2197 ?
								1877
								1878
								1879
								1880
								1881
								1882
								1883
								1884
								1885
									2314
								1886
								1887
								1888
								1889
								1890
									2236 ?
								1891
								1892
								1893
									2333
								1894
							928
							929
							930
							931
							932
							933
							934
							935
							936
							937
							938
							939
								2237
								2267
							940
							941
							942
							943
							944
								2226
							945
							946
						or 94
							1958
							1959
							1960
							1961
								2128 ?
								2229 ?
							1962
							1963
							1964
								2460 ?
							1965
							1966
							1967
							1968
							1969
								2190 ?
								2478 ?
							1970
							1971
							1972
							1973
							1974
							1975
							1976
							1977
								2471
							1978
						264
						265
						266
						267
						268
							2362 ?
						269
						270
							2349 ?
						271
						272
						273
							2265
							2435 ?
						274
						275
						276
						277
						278
						279
					244
						2436 ?
					245
						2393
					246
					247
						2149 ?
							2346 ?
					248
					249
					250
					251
					252
					253
					254
					255
					256
					257
					258
					259
					260
					261
						2111 ?
					262
					263
				4..12 20
					10..20 84
						mux 91
							1895
							1896
							1897
							1898
							1899
								2227 ?
							1900
							1901
							1902
							1903
							1904
							1905
							1906
							1907
							1908
							1909
							1910
							1911
							1912
							1913
							1914
							1915
						13..21 96
							2000
							2001
							2002
							2003
							2004
							2005
							2006
							2007
								2352 ?
							2008
							2009
							2010
							2011
							2012
							2013
							2014
								2235
							2015
							2016
							2017
							2018
							2019
							2020
						1750
						1751
						1752
						1753
						1754
						1755
						1756
						1757
							2425
						1758
						1759
						1760
						1761
						1762
						1763
						1764
						1765
						1766
						1767
						1768
							2271
					449
					450
					451
					452
					453
					454
					455
					456
					457
					458
					459
					460
					461
					462
					463
					464
					465
					466
						2109 ?
					467
					468
				mux 31
					or 70
						17..17 92
							1916
							1917
							1918
								2340 ?
							1919
								2347
							1920
							1921
							1922
							1923
							1924
							1925
							1926
							1927
							1928
							1929
							1930
							1931
							1932
							1933
							1934
								2437 ?
							1935
								2166 ?
							1936
						1460
						1461
						1462
						1463
						1464
						1465
						1466
						1467
						1468
							2472 ?
						1469
							2175 ?
								2332
						1470
							2287 ?
						1471
						1472
							2469
						1473
						1474
						1475
						1476
						1477
						1478
						1479
						2390
					xor 97
						2021
						2022
						2023
						2024
						2025
						2026
						2027
							2201 ?
						2028
						2029
						2030
						2031
						2032
						2033
						2034
						2035
							2116 ?
						2036
							2172
						2037
						2038
						2039
						2040
						2041
						2153
					669
					670
						2409
					671
					672
						2210
					673
					674
					675
					676
					677
					678
					679
					680
						2426
					681
					682
						2156
						2202
					683
					684
					685
					686
					687
				or 86
					1790
					1791
					1792
					1793
					1794
					1795
					1796
					1797
					1798
					1799
					1800
					1801
					1802
					1803
						2299 ?
					1804
					1805
					1806
					1807
						2196 ?
					1808
					1809
						2211
					1810
				227
				228
				229
				230
					2183
				231
				232
				233
				234
				235
				236
				237
				238
				239
					2394 ?
				240
				241
					2397 ?
				242
				243
			mux 15
				or 62
					xor 93
						1937
						1938
						1939
						1940
						1941
						1942
						1943
						1944
						1945
						1946
						1947
						1948
						1949
						1950
						1951
						1952
						1953
						1954
						1955
							2143
						1956
						1957
					1295
					1296
					1297
					1298
					1299
					1300
					1301
					1302
						2358 ?
					1303
					1304
					1305
					1306
					1307
						2401 ?
					1308
					1309
					1310
					1311
					1312
					1313
					1314
				356
				357
				358
				359
				360
				361
					2450 ?
				362
					2337 ?
				363
				364
				365
				366
					2187
					2475 ?
				367
				368
				369
				370
				371
					2186
				372
				373
					2486
				374
				375
			mux 23
				507
					2430 ?
				508
				509
				510
				511
				512
				513
				514
				515
				516
				517
				518
				519
				520
				521
				522
				523
				524
				525
				526
				527
			5..18 52
				12..16 80
					1666
					1667
					1668
					1669
					1670
					1671
					1672
					1673
					1674
						2454 ?
					1675
					1676
					1677
					1678
					1679
					1680
					1681
					1682
					1683
					1684
					1685
					1686
				1091
					2122 ?
				1092
				1093
				1094
					2258 ?
				1095
				1096
				1097
				1098
				1099
				1100
				1101
				1102
					2370 ?
				1103
				1104
				1105
				1106
				1107
				1108
				1109
				1110
			4..10 72
				xor 73
					1521
						2203
						2289 ?
					1522
					1523
					1524
					1525
					1526
					1527
					1528
						2254 ?
					1529
					1530
					1531
						2446 ?
							2490
					1532
					1533
					1534
					1535
					1536
					1537
					1538
					1539
						2385
					1540
					1541
				1501
				1502
					2188 ?
				1503
				1504
				1505
				1506
				1507
				1508
				1509
				1510
				1511
				1512
				1513
				1514
				1515
				1516
				1517
				1518
				1519
				1520
			135
			136
			137
			138
			139
			140
			141
			142
			143
			144
			145
			146
			147
			148
			149
			150
		3..10 4
			xor 5
				mux 7
					or 50
						or 54
							1131
							1132
							1133
							1134
							1135
							1136
							1137
							1138
								2302
							1139
							1140
							1141
								2359 ?
							1142
							1143
								2373 ?
							1144
							1145
							1146
							1147
							1148
							1149
								2114 ?
							1150
							1151
						1050
						1051
						1052
						1053
						1054
						1055
						1056
						1057
						1058
						1059
						1060
						1061
						1062
						1063
							2148 ?
								2379 ?
						1064
							2135
							2151 ?
						1065
							2155
						1066
						1067
						1068
						1069
					207
					208
					209
						2277 ?
					210
						2141 ?
					211
					212
					213
					214
					215
						2215
					216
						2311
					217
					218
					219
					220
					221
					222
						2170 ?
							2354
					223
					224
						2181 ?
					225
					226
				mux 39
					828
					829
					830
					831
					832
					833
					834
					835
					836
					837
					838
					839
					840
					841
						2380 ?
					842
					843
					844
					845
					846
					847
					848
						2338 ?
				169
				170
				171
				172
					2381
				173
				174
				175
					2269 ?
				176
				177
				178
				179
				180
				181
				182
				183
				184
				185
				186
				187
			or 14
				3..14 16
					mux 27
						mux 55
							1152
							1153
							1154
							1155
							1156
							1157
							1158
							1159
							1160
							1161
							1162
								2303 ?
							1163
							1164
							1165
							1166
								2375
								2424 ?
							1167
							1168
							1169
							1170
							1171
							1172
						mux 87
							1811
							1812
							1813
							1814
							1815
							1816
							1817
							1818
							1819
								2414 ?
							1820
							1821
							1822
							1823
							1824
							1825
							1826
							1827
							1828
							1829
								2146
								2492
							1830
							1831
						590
						591
						592
						593
							2286 ?
						594
							2321
						595
						596
						597
						598
							2383
						599
						600
							2438 ?
						601
						602
						603
						604
						605
						606
							2108 ?
						607
						608
					13..13 28
						609
						610
							2123
						611
						612
						613
						614
						615
							2256
						616
						617
						618
						619
						620
						621
						622
						623
						624
						625
						626
						627
						628
						629
						2480
					xor 29
						14..20 60
							1253
							1254
							1255
							1256
							1257
							1258
							1259
							1260
							1261
							1262
							1263
							1264
							1265
							1266
							1267
								2142 ?
							1268
							1269
							1270
							1271
							1272
							1273
								2224
							2182
						xor 89
							1853
							1854
								2125
								2292
							1855
							1856
							1857
							1858
							1859
							1860
							1861
								2481
							1862
							1863
							1864
								2423
							1865
							1866
							1867
								2457
							1868
								2158 ?
							1869
							1870
							1871
							1872
							1873
						630
						631
						632
							2239 ?
						633
						634
							2247
						635
						636
						637
						638
						639
						640
							2456
						641
							2171 ?
								2327
						642
						643
						644
						645
						646
							2328 ?
						647
						648
						2285
					xor 45
						947
							2305 ?
						948
							2318 ?
							2351 ?
						949
						950
						951
						952
						953
						954
						955
						956
						957
						958
						959
						960
						961
						962
						963
						964
						965
						966
						967
					4..12 64
						1336
						1337
							2439 ?
						1338
						1339
						1340
						1341
							2161
						1342
						1343
						1344
							2216 ?
						1345
						1346
						1347
						1348
						1349
							2341
						1350
						1351
						1352
						1353
						1354
						1355
						1356
					376
					377
					378
					379
						2184
					380
						2412
					381
					382
					383
					384
					385
						2263
					386
					387
					388
					389
						2431 ?
					390
					391
				or 66
					mux 83
						1729
						1730
						1731
						1732
						1733
						1734
						1735
						1736
						1737
							2274
						1738
							2301 ?
						1739
						1740
						1741
						1742
						1743
							2429
						1744
						1745
							2432 ?
						1746
						1747
							2124 ?
						1748
						1749
					1377
					1378
					1379
					1380
					1381
					1382
					1383
					1384
					1385
					1386
					1387
					1388
					1389
					1390
					1391
					1392
					1393
					1394
					1395
						2228 ?
							2331 ?
					1396
				337
				338
				339
				340
				341
				342
				343
				344
				345
				346
				347
				348
				349
				350
				351
				352
				353
					2489 ?
				354
				355
			15..16 32
				xor 53
					2..16 76
						or 78
							1624
							1625
							1626
							1627
							1628
							1629
							1630
							1631
							1632
							1633
							1634
							1635
							1636
							1637
								2398 ?
							1638
							1639
							1640
							1641
							1642
							1643
							1644
						1583
						1584
						1585
						1586
						1587
							2195
						1588
							2462 ?
						1589
						1590
						1591
						1592
							2204 ?
							2395 ?
						1593
						1594
						1595
						1596
						1597
						1598
						1599
						1600
						1601
						1602
					1111
					1112
					1113
					1114
					1115
					1116
					1117
					1118
					1119
					1120
					1121
						2154 ?
					1122
					1123
					1124
					1125
						2207 ?
					1126
					1127
					1128
					1129
					1130
						2253 ?
				mux 59
					3..14 68
						1418
							2389 ?
						1419
						1420
						1421
						1422
							2223 ?
						1423
							2173 ?
						1424
						1425
						1426
						1427
						1428
						1429
						1430
						1431
						1432
						1433
						1434
							2147
						1435
						1436
						1437
						1438
					1233
					1234
					1235
					1236
					1237
					1238
					1239
					1240
					1241
					1242
					1243
					1244
					1245
					1246
					1247
					1248
					1249
					1250
					1251
						2345 ?
					1252
				688
				689
				690
					2433 ?
				691
				692
				693
				694
				695
				696
					2482 ?
				697
				698
				699
					2500 ?
				700
				701
				702
				703
				704
				705
				706
			151
			152
			153
			154
			155
				2291 ?
			156
			157
			158
				2131 ?
					2374 ?
			159
			160
			161
			162
			163
			164
			165
			166
			167
			168
		or 6
			mux 19
				0..15 88
					1832
					1833
					1834
					1835
					1836
					1837
					1838
					1839
					1840
						2107 ?
							2136 ?
					1841
					1842
						2192
					1843
					1844
					1845
						2326 ?
					1846
					1847
					1848
					1849
					1850
					1851
						2245 ?
					1852
				429
				430
				431
				432
				433
					2410
				434
				435
				436
				437
				438
				439
				440
					2272 ?
				441
				442
				443
					2307
				444
				445
				446
				447
				448
					2279 ?
			xor 57
				xor 65
					or 82
						1708
						1709
						1710
						1711
							2283 ?
						1712
						1713
						1714
						1715
						1716
						1717
						1718
						1719
						1720
						1721
						1722
							2242 ?
							2474
						1723
							2117
								2420
							2169
						1724
						1725
						1726
						1727
						1728
					1357
					1358
						2259
						2494
					1359
						2206 ?
					1360
						2249 ?
					1361
					1362
					1363
					1364
						2309
					1365
						2270
					1366
					1367
					1368
						2372 ?
					1369
					1370
					1371
					1372
					1373
					1374
					1375
					1376
				mux 75
					1562
					1563
						2498
					1564
					1565
					1566
					1567
						2402 ?
					1568
					1569
					1570
					1571
					1572
					1573
					1574
					1575
					1576
					1577
					1578
					1579
					1580
						2281
					1581
					1582
				1193
				1194
					2140 ?
				1195
				1196
				1197
				1198
				1199
				1200
				1201
				1202
					2458
				1203
					2330
				1204
				1205
				1206
					2353 ?
					2386
				1207
				1208
				1209
				1210
				1211
			188
			189
			190
			191
			192
				2308
			193
			194
			195
			196
			197
			198
			199
			200
			201
				2220 ?
			202
			203
			204
			205
			206
		xor 21
			or 30
				or 74
					5..20 100
						2084
						2085
						2086
						2087
						2088
						2089
						2090
						2091
						2092
						2093
							2463
						2094
						2095
						2096
						2097
						2098
						2099
						2100
							2377 ?
						2101
						2102
						2103
						2104
					1542
					1543
					1544
					1545
					1546
					1547
					1548
					1549
					1550
					1551
					1552
						2137 ?
						2415 ?
					1553
						2185 ?
					1554
					1555
					1556
					1557
					1558
					1559
					1560
					1561
				649
				650
					2304 ?
				651
					2133 ?
				652
				653
				654
				655
				656
				657
				658
					2241 ?
				659
				660
				661
				662
				663
				664
					2396 ?
				665
				666
				667
				668
			469
			470
			471
			472
			473
			474
				2336 ?
			475
				2320
				2384
			476
			477
				2248
			478
			479
				2297
			480
				2312 ?
			481
			482
			483
			484
			485
			486
			487
			488
				2194
		or 22
			5..7 24
				528
				529
				530
				531
				532
					2455
				533
				534
				535
					2367
				536
				537
				538
				539
				540
				541
				542
				543
				544
				545
				546
					2221
				547
				548
			17..19 40
				mux 47
					xor 81
						1687
						1688
						1689
							2213
						1690
							2342 ?
								2361
						1691
						1692
						1693
						1694
							2434 ?
						1695
							2255 ?
						1696
							2180 ?
						1697
						1698
						1699
						1700
						1701
						1702
						1703
						1704
						1705
						1706
						1707
					xor 85
						1769
						1770
						1771
						1772
						1773
						1774
						1775
						1776
						1777
						1778
							2470 ?
						1779
						1780
						1781
							2413
						1782
						1783
						1784
						1785
						1786
						1787
						1788
						1789
					989
					990
						2234
					991
					992
					993
					994
						2106
					995
					996
					997
						2262 ?
					998
					999
					1000
					1001
					1002
					1003
					1004
					1005
					1006
					1007
				mux 99
					2063
						2165 ?
					2064
					2065
					2066
					2067
					2068
					2069
					2070
					2071
						2150
					2072
					2073
					2074
					2075
						2199
					2076
					2077
					2078
					2079
						2443
					2080
					2081
					2082
					2083
				849
				850
				851
					2382
				852
				853
				854
				855
				856
				857
				858
				859
				860
				861
				862
				863
				864
				865
				866
				867
					2365 ?
			or 98
				2042
				2043
				2044
				2045
				2046
					2127 ?
				2047
				2048
				2049
				2050
				2051
				2052
					2157
				2053
				2054
				2055
				2056
				2057
				2058
				2059
				2060
				2061
				2062
					2484
			489
			490
			491
			492
			493
			494
			495
				2499 ?
			496
			497
			498
			499
			500
			501
			502
			503
			504
			505
			506
		or 26
			mux 63
				1315
				1316
				1317
				1318
					2459 ?
				1319
				1320
				1321
				1322
				1323
					2120
				1324
				1325
				1326
				1327
				1328
				1329
				1330
				1331
				1332
					2419 ?
				1333
					2212
				1334
				1335
			570
			571
			572
				2356 ?
			573
			574
			575
				2444
			576
			577
				2495 ?
			578
			579
			580
			581
			582
			583
			584
			585
			586
			587
			588
			589
			2466
		120
		121
		122
		123
		124
		125
		126
		127
		128
		129
		130
		131
			2168
				2205
					2282
			2441 ?
		132
		133
			2453
		134
	mux 11
		xor 17
			or 18
				xor 25
					549
						2334 ?
					550
					551
					552
					553
					554
					555
					556
					557
					558
						2464
					559
					560
					561
						2329 ?
					562
					563
						2119
					564
					565
					566
					567
					568
					569
						2487 ?
				mux 71
					1480
					1481
					1482
					1483
					1484
					1485
						2177 ?
						2371
						2405 ?
					1486
						2344 ?
					1487
					1488
					1489
					1490
						2357
					1491
					1492
					1493
						2296
					1494
					1495
					1496
					1497
					1498
					1499
					1500
						2369
				410
				411
				412
					2163 ?
				413
				414
				415
				416
				417
				418
					2348
				419
				420
				421
				422
				423
					2230
					2246 ?
						2298
						2417 ?
						2447 ?
				424
				425
				426
				427
				428
			xor 33
				mux 35
					mux 67
						1397
						1398
							2159 ?
						1399
						1400
						1401
							2115
						1402
							2200
								2403 ?
						1403
							2483
						1404
						1405
						1406
						1407
						1408
							2418 ?
						1409
						1410
							2132 ?
							2366 ?
						1411
						1412
						1413
							2451 ?
						1414
						1415
						1416
						1417
					748
					749
						2325 ?
					750
					751
					752
					753
					754
					755
					756
					757
						2310 ?
					758
					759
					760
					761
					762
					763
					764
					765
					766
					767
					2416
				707
				708
					2105
				709
				710
				711
					2465 ?
				712
				713
					2198 ?
				714
				715
				716
				717
				718
				719
				720
				721
				722
				723
				724
				725
				726
				2191
			mux 43
				mux 51
					1070
					1071
					1072
					1073
						2343 ?
					1074
					1075
					1076
					1077
					1078
					1079
						2278
					1080
						2250
					1081
					1082
					1083
					1084
						2208 ?
							2364 ?
					1085
					1086
					1087
						2316
					1088
						2134 ?
							2218
						2233 ?
						2238
						2408
					1089
					1090
						2399 ?
				908
				909
				910
					2485
				911
					2491
				912
					2313
				913
				914
				915
					2300
				916
				917
				918
					2179
				919
				920
				921
				922
				923
				924
				925
				926
				927
			392
			393
				2288 ?
					2442 ?
			394
			395
			396
			397
			398
			399
			400
			401
			402
			403
			404
			405
			406
			407
				2257 ?
			408
			409
			2468
		xor 41
			or 46
				968
				969
					2252 ?
				970
				971
				972
					2225
						2355 ?
				973
				974
				975
				976
				977
				978
				979
				980
				981
				982
					2126 ?
				983
				984
				985
				986
				987
				988
					2178 ?
			868
				2244
			869
			870
			871
			872
			873
			874
			875
			876
			877
			878
			879
			880
				2319
			881
			882
			883
				2404
			884
			885
			886
			887
		mux 79
			1645
			1646
			1647
			1648
			1649
			1650
			1651
			1652
			1653
			1654
			1655
			1656
			1657
				2121
			1658
			1659
				2293 ?
					2428
			1660
			1661
				2376 ?
			1662
			1663
			1664
			1665
		mux 95
			1979
			1980
			1981
			1982
			1983
				2193 ?
			1984
			1985
			1986
				2427
			1987
			1988
			1989
			1990
			1991
			1992
			1993
			1994
			1995
			1996
			1997
				2145 ?
					2407 ?
				2290
			1998
			1999
		280
		281
		282
		283
		284
		285
		286
		287
		288
		289
			2251
				2260
		290
		291
		292
			2294
		293
			2268
		294
		295
		296
	xor 13 ?
		or 38
			807
			808
			809
			810
			811
			812
			813
			814
			815
			816
			817
			818
			819
			820
				2317
					2488 ?
			821
			822
			823
			824
			825
			826
			827
				2388
		317
		318
		319
		320
			2406 ?
		321
		322
		323
		324
		325
		326
		327
		328
		329
			2391
		330
		331
		332
		333
		334
		335
		336
config: 0