abstract 0
	3..3 1
		2..2 11
			0..3 91
				820
				821
				822
					2498
			1..1 132
				2..3 334
					1235
					1236
					1237
				874
				875
			0..1 171
				932
				933
				934
				2462
			2..3 745
				2328
				2329
				2330
		0..3 12
			1..1 67
				1..2 102
					0..2 154
						3..3 542
							1746
							1747
							1748
						908
						909
					0..1 229
						1029
						1030
						1031
					0..2 230
						3..3 238
							0..1 705
								2209
								2210
								2211
							1042
							1043
						1..2 437
							1486
							1487
							1488
						1032
					2..3 364
						1307
						1308
							2434 ?
						1309
				1..1 214
					1010
					1011
					1012
				2..3 394
					0..2 489
						0..2 670
							2104
							2105
							2106
							2366
						1605
						1606
						2402
					1382
					1383
				2..2 420
					1443
					1444
					1445
			1..2 281
				1120
				1121
				1122
			2..3 618
				1961
				1962
				1963
		3..3 22
			2..3 24
				0..3 101
					0..1 150
						1..1 160
							2..3 224
								1..3 285
									1131
									1132
									1133
								0..3 402
									2..2 454
										1524
										1525
										1526
									1403
									1404
								3..3 556
									0..2 574
										1837
										1838
										1839
									1786
									1787
							2..2 431
								3..3 688
									2158
									2159
									2160
								1470
								1471
							3..3 657
								2068
								2069
								2070
									2499 ?
						3..3 291
							1145
							1146
							1147
						902
					0..2 362
						0..3 406
							1413
							1414
							1415
						1302
						1303
					829
				1..3 580
					1853
					1854
					1855
						2473 ?
				2..3 639
					2018
					2019
					2020
			0..2 183
				3..4 298
					0..2 361
						1299
						1300
						1301
					0..3 517
						1680
						1681
						1682
					2..3 650
						2049
						2050
						2051
					2485
				956
				957
			1..3 198
				0..3 204
					1..2 244
						1054
						1055
						1056
					1..2 273
						2..3 374
							1330
							1331
							1332
						1107
						1108
					1..1 539
						1737
						1738
						1739
				2..2 466
					1551
					1552
					1553
				985
			2..4 546
				1..2 707
					2215
					2216
					2217
						2426 ?
				1758
				1759
				2475
		1..1 329
			0..3 386
				1360
				1361
				1362
			1225
			1226
	1..2 2
		2..4 4
			3..3 53
				3..3 71
					1..2 74
						0..1 157
							2..3 251
								1..2 458
									1534
									1535
									1536
								1065
									2464
								1066
							1..1 325
								1216
								1217
									2385
								1218
								2398
							0..2 392
								1376
								1377
								1378
						0..2 550
							1768
							1769
							1770
						0..3 619
							1..3 681
								2137
								2138
								2139
							0..1 716
								2242
								2243
								2244
							1964
					3..3 98
						4..4 124
							0..1 313
								3..3 512
									2..2 615
										1952
											2411 ?
										1953
											2433 ?
										1954
									1667
									1668
									2435
								1193
								1194
							2..2 393
								1379
								1380
								1381
							1..1 531
								1714
								1715
								1716
							3..3 666
								2093
								2094
								2095
						0..1 450
							1513
							1514
							1515
						0..2 494
							1619
							1620
							1621
					1..3 222
						2..3 558
							1791
							1792
							1793
						1022
						1023
				0..2 307
					2..2 484
						1591
						1592
						1593
					1178
					1179
				775
			2..3 158
				0..3 259
					1..1 496
						1625
						1626
						1627
					1080
					1081
				2..4 423
					0..0 535
						1726
						1727
						1728
						2452
					1452
					1453
					2454
				915
					2487
			1..2 187
				962
				963
				964
			1..2 438
				1..1 569
					3..3 625
						1980
						1981
						1982
						2428
					1823
					1824
				2..3 575
					1840
					1841
					1842
				1489
		2..4 5
			0..3 10
				4..4 14
					1..1 19
						1..3 25
							2..3 239
								1044
								1045
								1046
							1..2 724
								2266
								2267
								2268
							754
						0..4 26
							0..2 55
								2..2 80
									800
									801
									802
										2466
								1..1 255
									3..3 368
										1316
										1317
										1318
									1073
									1074
								1..1 257
									3..3 443
										2..3 719
											2251
											2252
											2253
										1495
										1496
									2..3 562
										1802
											2350 ?
										1803
										1804
									1077
							2..3 142
								3..3 155
									0..1 162
										0..3 242
											0..3 276
												0..3 377
													1337
													1338
													1339
												2..3 699
													2191
													2192
													2193
												1..2 743
													2322
													2323
													2324
											1051
											1052
										2..3 551
											1771
											1772
											1773
										919
									910
									911
								3..3 163
									920
									921
									922
								1..1 709
									2221
									2222
									2223
							0..2 252
								1067
								1068
								1069
							0..3 344
								0..1 662
									2082
									2083
									2084
								1261
								1262
						3..4 84
							2..3 175
								0..3 581
									1856
									1857
									1858
								940
								941
							0..2 345
								1..3 407
									1..3 417
										0..2 609
											0..1 682
												2140
												2141
												2142
											1935
											1936
												2376
										1435
										1436
									1416
									1417
								1263
									2461
								1264
							807
							2355
						1..1 125
							1..2 174
								1..3 231
									1..1 571
										1828
										1829
										1830
									2..3 652
										1..2 679
											2131
											2132
											2133
											2412
										2055
										2056
									1033
								1..3 356
									0..2 521
										1691
										1692
										1693
									1287
									1288
								939
							3..3 245
								1..2 314
									1195
									1196
										2486 ?
									1197
								2..3 672
									2110
									2111
									2112
								1057
							861
						1..2 348
							1..2 471
								1..2 687
									2155
									2156
									2157
								1563
								1564
							1..1 486
								1597
								1598
								1599
							0..2 626
								1..1 736
									2..2 741
										2316
										2317
										2318
									2302
									2303
								1983
								1984
					0..1 167
						2..3 196
							981
							982
							983
							2383
						2..4 246
							2..3 436
								1483
								1484
								1485
							1058
							1059
								2348 ?
							2404
						1..3 653
							2057
							2058
							2059
					0..2 328
						1..1 358
							1..1 616
								1955
								1956
								1957
							1291
							1292
						1223
						1224
					1..1 405
						1410
						1411
						1412
				1..1 15
					1..2 49
						3..3 315
							0..2 411
								0..3 413
									1426
									1427
									1428
								1422
								1423
							1..3 453
								1521
								1522
								1523
							0..2 632
								1998
								1999
								2000
						770
						771
						2391
					1..2 111
						2..2 385
							1357
							1358
							1359
						840
						841
					1..1 138
						3..3 193
							977
							978
							979
						1..3 401
							1400
							1401
							1402
						2..3 422
							1449
							1450
							1451
						0..3 480
							0..3 589
								1879
								1880
								1881
							1584
							1585
						0..2 543
							1749
							1750
							1751
				0..3 375
					0..3 567
						1817
						1818
							2377
						1819
					1333
						2367 ?
					1334
			2..2 16
				0..3 38
					1..5 44
						2..3 57
							0..2 482
								1587
								1588
								1589
								2396
							0..2 518
								1683
								1684
								1685
							0..2 630
								1..1 678
									2128
									2129
									2130
								1993
								1994
						1..2 66
							0..1 673
								2113
								2114
								2115
								2489
							785
							786
								2420 ?
									2497
						1..1 263
							0..2 286
								2..2 365
									3..3 573
										1834
											2467
										1835
											2494
										1836
									1310
									1311
								1134
								1135
							2..2 317
								1..1 500
									1636
									1637
									1638
								1200
								1201
							3..3 388
								1365
								1366
								1367
						2..2 376
							2..3 469
								0..1 474
									0..2 526
										1702
										1703
										1704
									1571
									1572
								1..1 733
									2293
									2294
									2295
								1559
							1335
							1336
						1..1 487
							3..3 504
								0..1 563
									1805
										2354
									1806
									1807
								1..3 677
									2125
									2126
									2127
								1647
							1600
							1601
							2451
					763
					764
				1..2 151
					0..2 505
						1648
						1649
						1650
					903
					904
				0..3 695
					2179
					2180
					2181
			2..3 17
				0..4 41
					2..2 61
						3..3 86
							1..2 564
								1808
								1809
								1810
							810
							811
						2..2 210
							0..1 243
								2..2 254
									0..2 363
										1304
										1305
										1306
									1..2 503
										2..3 514
											0..3 664
												3..3 674
													2116
													2117
													2118
												2088
												2089
											1672
											1673
										1645
										1646
									0..2 696
										2182
										2183
										2184
								3..3 270
									1..1 352
										3..3 446
											1..3 516
												1677
												1678
												1679
											1503
												2468
											1504
												2476
										1279
										1280
									1..2 426
										0..1 455
											3..3 645
												2035
												2036
													2493 ?
												2037
											1527
											1528
										1460
										1461
									0..2 586
										1871
										1872
										1873
								1053
							1002
							1003
						0..1 369
							1319
							1320
							1321
					1..2 93
						2..3 127
							1..1 146
								1..2 320
									0..3 522
										2..3 578
											4..4 727
												2275
												2276
												2277
												2393
											1849
											1850
										1..1 593
											2..2 691
												2167
												2168
												2169
											1891
												2382
											1892
										1694
									1207
									1208
								892
								893
							3..3 319
								0..3 659
									3..3 732
										2290
										2291
										2292
									2074
									2075
								1205
								1206
							865
							2389
						0..3 145
							0..1 698
								2188
								2189
								2190
									2395
							890
							891
						3..3 172
							935
							936
							937
					3..3 185
						0..2 215
							0..1 268
								1..2 676
									2122
									2123
									2124
								1096
								1097
							0..2 447
								1505
									2375 ?
								1506
								1507
							1..1 634
								2004
								2005
								2006
						958
						959
					0..4 223
						2..3 350
							1273
							1274
							1275
								2399 ?
						1..1 424
							1454
							1455
							1456
						3..3 442
							0..3 451
								1516
								1517
									2450
								1518
							1..1 532
								1717
								1718
								1719
							1494
						0..0 462
							0..1 730
								2284
								2285
								2286
							1544
							1545
							2453
						0..1 735
							2299
							2300
							2301
					0..3 726
						2272
						2273
						2274
				3..3 260
					1082
					1083
					1084
				2..2 262
					2..4 440
						2..3 448
							1..1 490
								1607
								1608
								1609
							1508
							1509
						2..3 631
							1995
							1996
							1997
							2405
						1..2 675
							2119
							2120
							2121
						1..1 704
							2206
							2207
							2208
					1..3 663
						2085
						2086
						2087
					1087
				2..2 477
					1..3 671
						2107
						2108
						2109
					0..1 728
						2278
						2279
						2280
					1579
			6..7 18
				1..2 20
					0..1 42
						1..1 104
							0..3 495
								1622
								1623
								1624
									2449
							831
							832
						765
						766
							2408 ?
					4..5 54
						2..3 88
							0..2 118
								1..1 380
									3..3 643
										2030
										2031
										2032
											2495 ?
									1344
									1345
								0..1 452
									1..2 635
										2007
										2008
										2009
									1519
									1520
								853
							2..3 473
								1568
								1569
								1570
							814
						1..3 140
							885
							886
							887
							2437
						0..3 212
							1006
							1007
							1008
						1..1 288
							2..2 408
								2..3 502
									1642
									1643
									1644
								3..3 523
									1..3 534
										1723
										1724
											2357 ?
										1725
									1695
									1696
								1418
							1138
							1139
						0..1 400
							1397
							1398
							1399
						1..2 472
							1565
							1566
							1567
					753
				3..4 30
					3..3 83
						804
						805
						806
					2..2 99
						1..1 479
							2..2 498
								1630
								1631
								1632
							1582
							1583
						826
						827
					0..2 177
						944
						945
						946
					1..1 295
						1155
						1156
						1157
					0..3 433
						1474
						1475
						1476
				1..3 31
					757
					758
					759
				0..2 51
					0..3 572
						1831
						1832
						1833
					773
					774
				3..3 65
					1..2 213
						3..3 227
							1..1 395
								3..3 661
									2079
									2080
									2081
								1384
								1385
							1..2 427
								1462
								1463
								1464
							1025
						0..2 689
							2161
							2162
							2163
						1009
					3..3 397
						1388
						1389
						1390
					0..1 607
						1929
						1930
						1931
					0..2 608
						1932
						1933
						1934
							2413
				0..2 108
					1..1 144
						0..2 189
							968
							969
								2427 ?
							970
								2470
						0..2 232
							0..1 610
								1937
								1938
								1939
							1..2 731
								2287
								2288
								2289
							1034
						1..2 340
							1250
							1251
							1252
						0..2 478
							1..2 702
								2200
									2444
								2201
								2202
							1580
							1581
					0..1 147
						894
						895
						896
					837
				3..3 353
					1281
					1282
					1283
			1..2 23
				2..3 33
					0..3 40
						3..4 69
							0..1 72
								2..3 382
									1349
										2380
										2394
									1350
									1351
								789
								790
							3..3 92
								2..2 94
									2..3 131
										2..3 342
											0..1 658
												2071
												2072
												2073
											1256
											1257
												2369
										872
										873
									0..2 188
										965
										966
										967
									823
								1..2 152
									2..2 191
										1..3 338
											2..3 493
												1616
												1617
												1618
													2479
											1..1 547
												1760
												1761
												1762
											1246
										973
										974
									1..2 435
										1480
										1481
											2478 ?
										1482
									2..3 465
										1..1 510
											0..2 557
												1788
												1789
												1790
											1662
											1663
										0..3 565
											1811
											1812
											1813
										1550
								2..2 647
									2040
									2041
									2042
							1..2 114
								2..2 527
									1..1 602
										1915
										1916
										1917
										2351
									1705
									1706
								847
								848
							1..3 219
								1..3 271
									1101
									1102
									1103
								1..3 321
									3..4 327
										2..3 456
											1529
												2438
											1530
											1531
										3..3 648
											2043
											2044
											2045
										1222
										2477
									0..3 359
										1293
										1294
										1295
									1209
								2..3 372
									1..2 568
										1820
										1821
										1822
									0..4 594
										1893
										1894
										1895
										2372
									1326
							3..3 306
								2..2 579
									0..1 596
										1899
											2364
										1900
										1901
									1851
									1852
								3..3 591
									1885
									1886
									1887
								1177
							3..3 725
								2269
								2270
								2271
						3..3 85
							1..1 351
								1276
								1277
								1278
							808
							809
						0..2 112
							1..1 468
								1556
								1557
								1558
							842
							843
						0..2 113
							844
							845
							846
						0..3 130
							0..3 700
								2194
								2195
								2196
							870
							871
						2..2 186
							2..2 197
								0..3 264
									0..2 301
										1166
										1167
										1168
									1088
									1089
								0..2 330
									2..3 624
										1977
										1978
										1979
									1227
									1228
								984
							960
							961
						0..3 333
							1..3 396
								0..3 654
									2060
									2061
									2062
								1386
								1387
							1233
							1234
						1..3 346
							1..1 540
								1740
								1741
								1742
							1265
							1266
						0..2 432
							1..3 457
								1..2 541
									1743
									1744
									1745
								1532
								1533
							1472
							1473
					760
					761
				1..2 39
					1..1 133
						0..2 195
							1..1 235
								0..1 597
									1902
									1903
									1904
								0..3 649
									2046
									2047
									2048
								1037
							2..2 265
								0..1 275
									1112
									1113
									1114
								3..3 425
									1457
									1458
									1459
								1090
							980
						0..2 218
							0..2 629
								1990
								1991
								1992
							1016
							1017
						876
					1..3 143
						0..3 570
							1825
							1826
							1827
						888
						889
					0..3 169
						1..2 278
							0..2 434
								1477
								1478
								1479
							2..2 529
								2..3 538
									3..3 722
										2260
										2261
										2262
									1735
									1736
								1710
								1711
							1115
						4..4 416
							1432
							1433
							1434
							2443
						931
					1..3 266
						1091
						1092
						1093
					1..3 292
						1..1 669
							2101
							2102
							2103
						1..1 697
							2185
							2186
							2187
						1148
					0..1 497
						1..1 552
							1774
							1775
							1776
						1628
						1629
						2373
				0..2 89
					0..0 181
						2..4 296
							1158
							1159
							1160
							2446
						951
						952
						2352
					815
					816
					2432
				0..3 194
					1..3 297
						2..3 366
							1..3 577
								1846
								1847
									2403 ?
								1848
							2..2 703
								2203
								2204
								2205
							1312
						2..3 409
							1419
							1420
							1421
						1161
					1..2 525
						1699
						1700
						1701
					0..1 668
						2098
						2099
						2100
				2..4 303
					3..3 481
						1..3 507
							3..3 553
								1777
								1778
								1779
							1654
							1655
						0..1 576
							1843
								2371 ?
								2447
							1844
							1845
						1586
					1170
					1171
					2358
			2..2 46
				0..2 126
					862
					863
					864
				0..3 149
					899
						2365
					900
					901
				0..2 153
					905
					906
					907
				1..3 379
					3..3 600
						1..2 638
							1..3 646
								3..3 711
									2227
									2228
									2229
									2388
								2038
								2039
							2016
							2017
						1..1 721
							2257
								2425 ?
							2258
							2259
						1911
					1342
					1343
			1..6 48
				2..2 121
					1..1 544
						1752
						1753
						1754
					0..1 555
						1783
						1784
						1785
							2414
					857
				3..3 308
					0..1 343
						1258
						1259
						1260
					1180
					1181
				0..2 387
					2..2 749
						2340
						2341
						2342
					1363
					1364
				2..2 389
					1368
					1369
					1370
				0..2 428
					0..2 530
						1..2 694
							2176
							2177
							2178
						1712
						1713
					1..3 560
						1796
						1797
						1798
					2..2 713
						2233
						2234
							2436 ?
						2235
					2429
				3..3 746
					2331
						2406 ?
							2460 ?
					2332
					2333
			3..3 52
				1..1 73
					791
					792
					793
				0..1 76
					0..3 590
						1882
						1883
						1884
					796
					797
				1..1 107
					0..3 584
						1865
						1866
						1867
					835
					836
				0..0 135
					2..2 173
						1..3 180
							1..2 354
								1284
								1285
								1286
							0..1 592
								1888
								1889
								1890
							950
						3..3 606
							2..2 627
								1985
								1986
								1987
							1927
							1928
						938
					2..3 211
						0..2 740
							2313
							2314
							2315
						1004
						1005
						2490
					1..1 267
						1..1 739
							2310
							2311
							2312
						1094
						1095
					1..3 537
						1732
						1733
						1734
						2384
			1..1 701
				2197
					2474 ?
				2198
				2199
		2..3 75
			0..2 738
				2307
				2308
				2309
			794
				2423
			795
				2481
		1..1 90
			817
			818
			819
		1..1 207
			999
				2409
			1000
			1001
	3..4 3
		0..3 7
			2..3 28
				2..3 29
					0..1 32
						1..4 36
							0..1 58
								0..2 337
									1243
									1244
									1245
										2421 ?
								1..3 449
									1510
									1511
									1512
								778
									2445 ?
							0..2 78
								1..2 182
									953
									954
									955
								798
								799
							2..2 156
								912
								913
								914
							1..1 545
								1755
								1756
								1757
						1..1 70
							1..2 206
								996
								997
								998
									2472
							1..1 269
								1098
								1099
								1100
							0..3 690
								2164
								2165
								2166
									2347
						1..3 119
							0..1 221
								2..2 225
									1..1 248
										1..3 284
											1128
											1129
											1130
										1..2 289
											1140
											1141
											1142
												2386
											2484
										1..2 613
											1946
											1947
											1948
									2..2 304
										0..1 488
											1602
											1603
											1604
										1172
										1173
									2..2 723
										2263
										2264
										2265
								1020
								1021
									2456
							854
							855
						2463
					2..2 128
						866
						867
						868
						2418
					1..2 463
						0..3 717
							2245
							2246
							2247
						1546
						1547
				3..3 209
					3..3 216
						0..1 404
							1407
							1408
							1409
						0..1 628
							0..2 714
								2236
								2237
								2238
							1988
							1989
						0..3 683
							2143
							2144
								2441
								2491 ?
							2145
					1..3 228
						1026
						1027
						1028
					1..1 279
						2..3 430
							1467
							1468
							1469
						1116
							2417 ?
						1117
				756
			2..2 63
				780
				781
				782
			0..1 95
				1..2 122
					2..2 299
						1..1 399
							1394
							1395
							1396
						1162
						1163
					858
					859
					2390
				1..2 178
					2..3 179
						1..2 258
							1..2 623
								1974
								1975
								1976
							1078
							1079
						2..2 341
							1253
							1254
							1255
								2496
						949
					947
					948
				1..2 524
					0..3 587
						1874
						1875
						1876
					1697
					1698
				2..3 620
					1965
					1966
					1967
					2379
			2416
		2..2 47
			1..4 59
				1..2 115
					1..3 234
						0..1 718
							2248
							2249
							2250
						1035
						1036
							2442 ?
					1..1 390
						0..2 410
							1..3 439
								0..1 680
									2134
									2135
										2378 ?
											2392 ?
									2136
								1490
								1491
							1..3 611
								1940
								1941
								1942
							1..1 636
								2010
								2011
								2012
						1371
						1372
					1..1 720
						2254
						2255
						2256
				0..1 202
					990
					991
					992
				1..3 208
					0..3 312
						1190
						1191
						1192
					0..3 339
						1247
						1248
						1249
					0..3 459
						1537
						1538
						1539
				3..3 287
					0..2 290
						3..3 326
							1219
							1220
							1221
						1143
						1144
					1136
					1137
				1..2 310
					1184
					1185
					1186
			1..3 412
				0..3 444
					1497
					1498
					1499
				1424
				1425
			769
		2..3 60
			0..1 82
				1..2 294
					1152
					1153
					1154
				0..3 418
					1437
					1438
					1439
				803
					2415
			0..2 554
				1780
				1781
					2480
				1782
			779
		1..2 116
			1..1 710
				2224
				2225
				2226
			849
			850
		3..3 332
			2..3 355
				2..3 583
					1862
					1863
					1864
						2407
				1..1 686
					2152
					2153
					2154
						2471
				1..3 750
					2343
					2344
					2345
			1..3 734
				2296
				2297
				2298
			1232
		1..2 476
			1576
			1577
			1578
	0..1 6
		3..3 8
			5..6 21
				1..2 37
					0..3 45
						1..2 391
							1373
							1374
							1375
							2361
						767
						768
					1..1 64
						0..1 715
							2239
							2240
							2241
								2457
						783
						784
					1..1 96
						0..2 274
							1109
							1110
							1111
						824
						825
					1..1 100
						3..3 247
							1060
							1061
							1062
						0..1 421
							1446
							1447
							1448
						828
					2..3 250
						1..2 582
							1859
							1860
							1861
						1063
						1064
					0..3 519
						1686
						1687
						1688
				0..3 56
					1..1 464
						0..2 744
							2325
							2326
							2327
						1548
						1549
					776
					777
				1..2 68
					2..2 347
						1267
						1268
						1269
					787
					788
						2410
				0..2 166
					0..1 692
						2170
						2171
						2172
					928
					929
				3..3 236
					2..3 249
						0..3 324
							1213
							1214
							1215
						2..3 378
							1..1 642
								2027
								2028
								2029
									2448 ?
							1340
							1341
						1..2 617
							1958
							1959
							1960
					1038
					1039
				0..2 640
					2021
					2022
					2023
			3..5 62
				0..1 97
					1..3 117
						1..2 336
							1..2 398
								1391
								1392
								1393
							1241
							1242
						851
						852
							2431 ?
					1..1 192
						0..1 429
							2..2 559
								1..2 747
									2334
									2335
									2336
								1794
								1795
							1465
							1466
								2422 ?
						975
						976
					1..1 253
						1070
						1071
						1072
				0..2 123
					1..1 381
						1346
						1347
						1348
							2430 ?
					0..1 685
						2149
						2150
							2500
						2151
					860
				3..6 141
					1..2 199
						2..2 445
							1500
							1501
							1502
						986
						987
					0..2 282
						0..3 300
							2..3 742
								2319
								2320
									2353
								2321
							1164
							1165
						1123
						1124
					1..1 357
						0..3 604
							1921
							1922
							1923
						1289
						1290
					0..1 373
						1327
						1328
						1329
					1..4 548
						1763
						1764
						1765
						2469
					1..1 644
						1..3 660
							2076
							2077
							2078
						2033
						2034
					2439
				2..2 360
					1296
					1297
					1298
				0..1 533
					1720
					1721
					1722
			1..2 105
				2..2 311
					1187
					1188
					1189
				1..1 441
					3..3 475
						1573
						1574
						1575
					1492
					1493
				833
			2..3 109
				3..3 137
					879
					880
					881
					2370
				1..3 515
					1674
					1675
					1676
				838
		1..1 9
			0..2 27
				0..1 233
					1..2 316
						0..2 748
							2337
							2338
							2339
						1198
						1199
						2424
					1..3 536
						1729
						1730
						1731
					0..3 655
						1..1 693
							2173
							2174
							2175
						2063
						2064
				0..3 335
					1238
					1239
					1240
				755
			0..1 50
				2..3 103
					2..3 241
						1..1 598
							1905
							1906
							1907
						1049
						1050
							2374 ?
					0..4 633
						2001
						2002
						2003
						2401
					830
					2362
				2..2 203
					0..1 220
						3..3 621
							1968
							1969
								2349
									2368 ?
								2458 ?
							1970
						1018
						1019
							2397 ?
					3..3 614
						1949
						1950
						1951
					993
				772
			0..1 87
				0..1 370
					3..3 491
						1610
						1611
						1612
					1322
					1323
				812
				813
			0..1 170
				2..3 176
					3..3 190
						0..3 367
							1313
							1314
							1315
						971
						972
					942
					943
				2..4 256
					2..3 349
						1270
						1271
						1272
					1075
					1076
					2359
				1..1 272
					1104
					1105
					1106
				1..2 283
					1125
					1126
					1127
			1..1 200
				1..3 226
					3..3 293
						1149
							2419 ?
						1150
						1151
					2..3 485
						1594
						1595
							2482
						1596
					1024
				988
				989
			3..3 261
				2..2 371
					1..3 419
						1440
						1441
						1442
					1324
					1325
				1085
				1086
		1..1 13
			2..2 205
				1..3 237
					3..3 712
						2230
						2231
						2232
					1040
					1041
				994
				995
			751
			752
		1..2 43
			1..2 81
				1..4 161
					3..3 240
						1..1 322
							1..3 506
								1651
								1652
								1653
							1210
							1211
						1047
						1048
					0..2 528
						1707
						1708
						1709
					0..1 667
						2..2 706
							2212
							2213
							2214
						2096
						2097
					0..1 684
						2146
						2147
						2148
				1..1 168
					2..2 566
						1814
						1815
						1816
					0..2 585
						1868
						1869
						1870
					930
				3..3 331
					1229
					1230
					1231
					2356
				1..1 384
					2..3 415
						2..3 467
							1..1 483
								1..2 561
									1799
									1800
									1801
								2..2 612
									1943
									1944
									1945
								1590
							1554
							1555
						1..2 509
							1659
							1660
							1661
								2346
						0..2 637
							2013
							2014
							2015
					1355
					1356
				1..3 601
					1912
					1913
					1914
			3..3 470
				1560
				1561
				1562
			0..3 492
				1613
				1614
				1615
					2400 ?
	2..3 34 ?
		0..3 35
			0..3 129
				2..3 136
					0..1 305
						1174
						1175
						1176
							2465
								2483
									2488
					1..3 499
						1633
						1634
						1635
					1..1 501
						1639
						1640
						1641
				1..2 165
					925
					926
					927
				869
				2360
					2387 ?
			1..1 599
				1908
				1909
				1910
			762
		2..3 77
			1..3 79
				1..2 110
					2..2 139
						882
						883
						884
					2..2 159
						916
						917
						918
					839
				0..3 120
					0..3 134
						2..3 414
							1429
							1430
							1431
						877
						878
					0..3 164
						1..2 217
							1013
							1014
							1015
						923
						924
					856
				2..3 622
					1971
					1972
					1973
			1..2 513
				1669
				1670
				1671
			2..3 708
				2218
					2363 ?
				2219
				2220
		0..3 106
			2..2 302
				1..2 309
					2..2 461
						1..2 508
							1656
							1657
								2381
									2459 ?
							1658
						2..3 656
							2065
							2066
							2067
						1543
					1182
					1183
				3..3 511
					1664
					1665
					1666
				1169
			1..3 403
				2..2 549
					2..2 595
						1896
						1897
						1898
					1766
					1767
				1405
				1406
			834
		0..1 148
			0..2 277
				3..3 318
					1202
					1203
					1204
				3..4 383
					1352
					1353
					1354
					2455
				0..1 588
					2..2 729
						2281
						2282
						2283
					1877
					1878
			897
			898
	1..1 184 ?
		4..4 201
			1..1 280
				1..2 665
					2090
					2091
					2092
						2440 ?
							2492
				1118
				1119
			0..1 323
				1..1 603
					1918
					1919
					1920
				1..2 651
					2052
					2053
					2054
				1212
			1..3 460
				1540
				1541
				1542
			1..2 737
				2304
				2305
				2306
		1..3 520
			0..3 605
				1924
				1925
				1926
			1689
			1690
		0..1 641
			2024
			2025
			2026
config: 0