abstract 0
	xor 1
		xor 5
			xor 17
				0..1 28
					xor 33
						0..0 100
							2..2 148
								776
									2408
								777
								778
							or 226
								mux 383
									mux 573
										1800
											2414 ?
										1801
										1802
									1285
									1286
								mux 463
									1489
									1490
									1491
								920
							xor 313
								mux 588
									1844
									1845
									1846
										2040
								1108
								1109
							mux 523
								1656
								1657
								1658
						1..3 108
							2..2 256
								977
								978
								979
							mux 443
								0..0 456
									1469
										2221
									1470
									1471
									2061
								1435
								1436
							712
						635
					1..1 64
						3..3 84
							679
							680
							681
						0..1 208
							mux 535
								1690
									2340
									2351 ?
								1691
									2029
									2186 ?
								1692
									2389 ?
								2398
							881
							882
						662
					xor 221
						xor 337
							1163
							1164
							1165
							2145
						911
						912
				or 30
					or 38
						xor 109
							713
							714
								2284
							715
						xor 153
							788
								2154
								2446
							789
								2363
							790
							2105
						xor 285
							1038
							1039
							1040
						mux 515
							1635
							1636
							1637
					633
					634
				xor 41
					mux 47
						xor 61
							xor 149
								0..2 476
									1523
										2106 ?
									1524
									1525
								779
								780
								2027
							656
							657
								2094
						mux 99
							or 106
								708
									2074 ?
									2490 ?
								709
								710
							xor 289
								xor 325
									1134
										2000 ?
										2212 ?
									1135
									1136
									2385
								1048
									2110
								1049
								2282
							699
								2447 ?
						xor 177
							mux 183
								837
									2347 ?
								838
								839
							830
							831
								1966
								2366
						or 386
							or 414
								1360
								1361
								1362
							1293
							1294
							2323
					mux 518
						1642
						1643
						1644
					640
						2445 ?
				3..3 48
					mux 123
						or 350
							1197
								2378
							1198
							1199
						734
						735
					642
						2401 ?
					643
				xor 141
					or 146
						mux 235
							1..2 408
								1346
								1347
								1348
									1979
							938
								2211 ?
									2262
							939
						771
						772
					1..1 188
						mux 231
							mux 335
								1157
									2118
								1158
								1159
							931
							932
								2003 ?
									2138
									2293 ?
							2261
						0..1 392
							1308
								1985 ?
							1309
								2090
							1310
						mux 615
							1924
							1925
								2246
									2311 ?
								2489 ?
							1926
							2158
					mux 271
						1..2 308
							xor 445
								mux 504
									1602
										2364
									1603
									1604
								1440
									2218
								1441
							1096
							1097
							2050
						1008
						1009
					mux 467
						1..1 496
							1579
								2314 ?
							1580
							1581
								2157 ?
						1500
							2020
						1501
					mux 514
						1632
						1633
						1634
					mux 553
						1742
						1743
						1744
				mux 243
					xor 297
						1068
						1069
						1070
						2320
					953
					954
						2104 ?
			or 22
				xor 301
					1079
						2129
					1080
					1081
				0..1 304
					1086
						2062
					1087
					1088
				628
			xor 93
				1..1 116
					mux 211
						887
						888
							1967 ?
						889
						2078
					mux 475
						1520
						1521
							2182
								2400
						1522
					723
				or 382
					1282
					1283
					1284
						2343 ?
				692
					2076
			0..1 96
				696
				697
				698
			mux 171
				mux 311
					1102
						2097
					1103
					1104
				819
				820
			mux 299
				1073
				1074
				1075
			2199
				2386 ?
		mux 19
			mux 27
				xor 137
					or 138
						mux 147
							773
							774
								2156 ?
							775
						761
						762
					mux 207
						xor 429
							1397
							1398
								2324 ?
							1399
								2477
						879
							2189 ?
						880
					760
					2017
				or 254
					3..3 312
						1105
							2453
						1106
						1107
							2481 ?
					974
					975
				1..1 344
					3..3 368
						1244
						1245
							2010 ?
						1246
							2244
							2382 ?
					1181
					1182
						2092 ?
			mux 59
				or 174
					mux 411
						1353
						1354
							2492
						1355
							2276 ?
								2321 ?
								2426
					823
					824
					2359
				or 310
					1099
						2407
						2439
					1100
						2088
						2267
					1101
						2263 ?
				xor 393
					1311
					1312
					1313
			mux 570
				1791
				1792
				1793
		mux 195
			mux 556
				1751
				1752
				1753
			mux 625
				1954
				1955
				1956
				2018
			860
				2067 ?
				2172
					2290
					2332
		0..0 260
			983
				2318 ?
			984
				2371 ?
				2474
			985
			2015
		or 274
			1016
			1017
			1018
		xor 433
			1409
				2457 ?
			1410
			1411
				2119
					2416 ?
	or 2 ?
		0..4 16
			0..1 32
				or 34
					mux 79
						xor 193
							or 294
								1059
								1060
									2300
								1061
							858
							859
						mux 203
							868
							869
							870
						675
					or 130
						748
						749
						750
					0..1 160
						1..3 200
							or 242
								mux 291
									or 338
										1166
										1167
										1168
									1053
									1054
									2329
								951
								952
							0..2 376
								or 482
									1538
										2192
									1539
									1540
								1265
								1266
							mux 564
								1775
									2444 ?
								1776
									2384
								1777
						1..1 428
							mux 511
								1623
								1624
								1625
							mux 549
								1730
								1731
								1732
							1396
						or 450
							1452
							1453
							1454
					xor 493
						1570
							2418
						1571
						1572
						2264
				xor 49
					3..3 52
						mux 604
							1891
							1892
								2337
									2456
							1893
						647
						648
					mux 543
						1712
						1713
						1714
					644
						2095
							2213
							2265 ?
							2467 ?
						2480 ?
					2175
				or 50
					mux 63
						659
						660
							2482 ?
						661
					mux 431
						1403
						1404
						1405
						2044
							2187
					645
						2406 ?
				mux 127
					or 166
						or 370
							or 470
								1507
								1508
								1509
								1973
							1250
							1251
						813
						814
						2252
					741
					742
					2023
				xor 309
					or 458
						1475
							2089 ?
							2455 ?
						1476
						1477
					mux 605
						1894
						1895
						1896
							2170
					1098
			or 74
				xor 89
					mux 533
						1685
						1686
						1687
					mux 622
						1945
						1946
							2341
						1947
					687
				mux 607
					1900
						2438
					1901
					1902
				669
			or 186
				845
					2099 ?
						2462
				846
				847
			xor 333
				1151
				1152
					2349
				1153
			or 498
				1585
				1586
				1587
		or 54
			0..0 68
				1..3 72
					xor 249
						mux 275
							1019
							1020
							1021
								2149 ?
						3..4 332
							3..3 400
								mux 471
									1510
									1511
									1512
								mux 487
									1552
									1553
									1554
								1327
									2404
							xor 425
								1388
								1389
								1390
									2344
								2390
							1150
							2322
						mux 520
							1648
							1649
							1650
						2224
							2365
					665
					666
						2459 ?
				mux 75
					xor 97
						xor 257
							mux 307
								1093
								1094
								1095
							1..1 404
								1336
									2056 ?
								1337
								1338
							980
						mux 267
							998
							999
							1000
								1970
						xor 329
							1143
								1962 ?
							1144
								2059 ?
							1145
						mux 363
							1232
							1233
							1234
					1..1 164
						mux 503
							1599
							1600
							1601
						811
						812
						2228
					670
						2054 ?
				mux 247
					mux 295
						1062
						1063
						1064
					962
					963
					2346
				mux 603
					1888
					1889
					1890
			mux 343
				xor 457
					1472
						1993
						2242 ?
					1473
					1474
					2248
				1179
				1180
				2268
			or 426
				1391
					2369
				1392
				1393
				1974
			2255
		1..2 240
			945
			946
			947
			2120
		mux 536
			1693
			1694
			1695
	mux 3
		7..8 4
			or 6
				mux 7
					or 10
						xor 85
							or 86
								682
								683
									2072 ?
										2435
								684
							0..4 132
								or 154
									1..2 268
										1001
										1002
										1003
									791
									792
								xor 485
									1547
									1548
									1549
									2148
								753
									1994
									2014 ?
								2026
							or 290
								1050
								1051
								1052
								2139
						3..3 156
							796
							797
							798
						mux 595
							1865
							1866
							1867
							2214
					xor 45
						or 90
							mux 555
								1748
									2319
								1749
								1750
									2232 ?
							688
							689
							2047
								2339
						0..2 128
							1..2 180
								4..4 272
									1010
									1011
										2121 ?
									1012
									2168
								or 330
									1146
									1147
										2303 ?
									1148
								mux 502
									1596
									1597
									1598
								1999
									2399 ?
							743
							744
								2201 ?
						641
					or 62
						or 110
							mux 435
								1415
									2012
										2253
										2487 ?
								1416
								1417
							716
							717
								2008 ?
								2410
							2093
						xor 413
							1357
							1358
								2326 ?
							1359
						658
					2..3 176
						mux 516
							mux 568
								mux 610
									1909
									1910
										2225
									1911
								1786
								1787
								2266
							mux 620
								1939
								1940
								1941
								2173
							1638
						828
						829
						2114
							2327
				mux 11
					xor 69
						mux 87
							mux 111
								mux 179
									or 198
										864
										865
											2147 ?
										866
									xor 449
										1449
										1450
										1451
									833
									2338
								718
								719
								2096
							2..3 136
								mux 303
									0..3 380
										1276
										1277
											2471
										1278
									1084
									1085
								758
								759
									2085
										2111
											2372 ?
											2405 ?
							685
						xor 353
							1206
							1207
							1208
						xor 437
							mux 459
								1478
								1479
								1480
								1960
									2236
							or 462
								mux 509
									1617
									1618
									1619
								1487
								1488
									2279 ?
							1421
					or 118
						or 354
							mux 546
								1721
								1722
								1723
									2393
								2396
							1209
							1210
						725
							2336
						726
					1..2 120
						0..2 192
							855
								2260 ?
									2464 ?
								2475 ?
							856
							857
						729
						730
					xor 129
						745
						746
						747
					xor 145
						768
						769
						770
					mux 219
						xor 237
							xor 361
								1226
								1227
								1228
							942
								2437 ?
							943
						906
						907
							2270
								2325
								2476
					mux 506
						1608
							2098
								2207
						1609
						1610
				0..1 12
					2..4 92
						mux 103
							xor 165
								xor 169
									0..2 184
										840
											2238 ?
										841
										842
											2142
									or 362
										1229
										1230
											2132 ?
										1231
									817
									1969
								0..2 236
									2..2 436
										1418
										1419
										1420
									940
										2251
									941
										2052 ?
										2195
								or 282
									or 306
										0..0 432
											1406
											1407
											1408
											2137
										1091
										1092
										2113
											2222
									1031
									1032
										1978
								2..2 300
									1076
										2053
										2136
									1077
									1078
								4..4 324
									xor 365
										1237
										1238
										1239
									1132
									1133
									2165
								or 374
									mux 505
										1605
										1606
										1607
									1260
										2161
									1261
								1..3 420
									1375
										2048
									1376
									1377
								mux 524
									mux 540
										mux 584
											1832
											1833
											1834
										1705
										1706
									1659
									1660
										2423 ?
									2001
								mux 592
									1856
									1857
										2394 ?
									1858
							or 190
								2..3 244
									or 302
										mux 347
											1189
												2245
											1190
												2485
											1191
										1082
										1083
											2333
									955
									956
								851
								852
							mux 239
								or 278
									xor 481
										1535
										1536
										1537
									1024
										2425
									1025
								or 406
									1342
										2037 ?
									1343
										1972
									1344
								or 446
									xor 497
										1582
										1583
										1584
									1442
									1443
								xor 469
									1504
									1505
									1506
							mux 419
								mux 483
									1541
										1968
											2234
									1542
									1543
									2451
								1373
								1374
						mux 151
							2..2 172
								or 346
									1186
									1187
									1188
								mux 355
									or 410
										1..1 444
											1437
											1438
											1439
										1351
											2066
										1352
									1211
										2278 ?
									1212
								mux 519
									1645
									1646
									1647
							784
							785
						1..3 292
							1055
								2342 ?
							1056
								2275 ?
							1057
						or 430
							1400
							1401
							1402
					xor 241
						948
						949
							2497 ?
						950
					xor 341
						1175
						1176
						1177
				1..1 88
					xor 205
						873
							2381
						874
						875
						2256
					xor 349
						mux 387
							1295
							1296
								2269
									2289 ?
							1297
						1195
						1196
						2007
					686
				2..4 196
					2..2 224
						xor 277
							4..4 284
								mux 495
									1576
										1986 ?
											2240
									1577
										2146
									1578
								1036
									2362 ?
								1037
								2028
									2422
							xor 401
								1328
									2292
								1329
									2143 ?
								1330
							mux 576
								1808
								1809
								1810
						917
						918
					mux 542
						mux 617
							1930
							1931
							1932
								2141 ?
									2216
									2274 ?
							2019
						1710
						1711
					861
					2071
						2167
							2436
				xor 397
					1320
					1321
					1322
					2191
				xor 409
					mux 619
						1936
						1937
						1938
					1349
						1988
							2495 ?
					1350
				mux 599
					1877
						2395 ?
					1878
					1879
					2103
			or 14
				or 158
					or 182
						1..3 216
							or 286
								mux 371
									1252
									1253
									1254
								1041
								1042
							899
								2178 ?
							900
						0..3 424
							1385
							1386
							1387
								2254
						836
					800
						1965 ?
						2241
					801
					2281
				mux 167
					0..2 228
						mux 577
							1811
								2491 ?
							1812
							1813
						923
							2330 ?
						924
					mux 251
						0..1 388
							1298
							1299
							1300
						0..1 396
							1317
								2125 ?
							1318
							1319
								2069 ?
						mux 529
							1673
								2002
								2500 ?
							1674
							1675
					or 262
						or 466
							1497
							1498
								1996 ?
								2024
								2220 ?
									2413
							1499
								2117
							2031
						988
						989
							2176
						2331
					mux 287
						1043
						1044
						1045
				or 222
					xor 345
						1183
							2283 ?
						1184
						1185
					mux 582
						1826
						1827
						1828
						2409
					913
				mux 227
					0..1 352
						1203
						1204
							1959 ?
							1991
								2011
						1205
							2442 ?
					921
					922
						2200 ?
				3..3 264
					or 422
						mux 586
							1838
								2183 ?
									2277
								2257
							1839
							1840
						1380
						1381
							2473 ?
					993
					994
				mux 624
					1951
					1952
						2348 ?
					1953
					2107
				2250
			0..2 24
				2..3 40
					637
						2429
					638
					639
				xor 181
					mux 602
						mux 616
							1927
								2086 ?
							1928
							1929
						1886
						1887
					834
					835
				mux 479
					1530
					1531
						2065 ?
					1532
			or 42
				or 66
					3..3 80
						or 162
							mux 163
								808
								809
									2298
								810
							806
							807
						or 258
							or 478
								mux 522
									mux 552
										1739
										1740
										1741
									1654
									1655
								mux 532
									1682
										1987 ?
										2144
									1683
									1684
								1529
							mux 547
								1724
								1725
								1726
							mux 567
								1783
									2443 ?
								1784
								1785
								2194
						mux 339
							1169
							1170
							1171
								2417 ?
					xor 113
						3..3 220
							908
							909
								2169
									2440
							910
								2134
						mux 327
							2..2 412
								mux 544
									1715
									1716
									1717
										2128 ?
								mux 609
									1906
									1907
									1908
								1356
							mux 447
								1444
								1445
								1446
							1140
						0..2 464
							1492
							1493
							1494
					mux 115
						xor 173
							xor 389
								1301
								1302
								1303
									1976 ?
										2402 ?
							821
							822
						or 194
							xor 201
								or 234
									or 486
										mux 539
											1702
											1703
											1704
										1550
										1551
									mux 558
										1757
										1758
										1759
									937
								xor 281
									or 298
										mux 525
											1661
											1662
											1663
											2271
										1071
											2160 ?
										1072
									2..2 316
										mux 580
											1820
											1821
											1822
										1115
											2152 ?
										1116
											2115
									or 474
										mux 587
											1841
											1842
												2133 ?
											1843
												2305 ?
											2091
										1518
										1519
										1989
									2051
								0..3 372
									or 418
										1370
										1371
										1372
									1255
									1256
							or 238
								mux 279
									1026
									1027
									1028
										2082
								mux 395
									or 438
										1422
										1423
											2164
										1424
									1..3 480
										mux 510
											1620
											1621
											1622
										1533
											2022 ?
										1534
									mux 537
										1696
										1697
										1698
								944
								2237
									2470
							mux 259
								mux 451
									mux 594
										1862
										1863
										1864
									1455
									1456
										2397 ?
								981
								982
						722
							2077
					or 378
						1270
						1271
							2068
						1272
						2354
				mux 403
					1333
						2353
					1334
						2151
					1335
						2080 ?
				mux 589
					1847
					1848
					1849
					2130
			1..1 104
				mux 155
					793
					794
					795
						2226 ?
					2126
				or 322
					1127
					1128
						1980 ?
					1129
					2374
				704
				2243
			2..2 140
				mux 391
					mux 528
						1670
						1671
						1672
					1306
					1307
				mux 423
					1382
					1383
					1384
						2108 ?
				mux 606
					1897
					1898
					1899
			0..1 152
				mux 560
					1763
					1764
					1765
					2030
				786
				787
			0..1 168
				mux 569
					1788
					1789
						2307
					1790
				815
					2469 ?
				816
					2315
			0..2 280
				xor 293
					mux 499
						1588
							2428
								2454
						1589
						1590
					mux 597
						1871
						1872
						1873
					1058
				1029
				1030
				2373
			mux 323
				mux 415
					mux 534
						mux 545
							1718
							1719
								2295
							1720
						1688
						1689
						2032
					1363
					1364
				1130
					2460 ?
				1131
			mux 455
				1466
				1467
					2081 ?
				1468
		3..3 8
			xor 9
				or 70
					xor 161
						803
						804
						805
							1982 ?
					or 170
						xor 405
							1339
							1340
							1341
						xor 489
							1558
								2101
								2153 ?
									2185
								2285 ?
									2434 ?
							1559
							1560
						818
					or 210
						884
						885
							2392 ?
						886
					2498
				0..3 440
					1428
					1429
					1430
						2388
						2411 ?
				mux 581
					1823
						2196 ?
					1824
					1825
			or 214
				or 390
					1..1 460
						1481
						1482
						1483
						2122
					1304
					1305
						2179
				894
				895
					1998 ?
			mux 618
				1933
				1934
				1935
				2038
		xor 13
			mux 15
				mux 31
					mux 43
						mux 107
							xor 121
								mux 585
									1835
									1836
									1837
								731
									2035
								732
							1..3 124
								mux 283
									1033
									1034
									1035
								0..1 484
									1544
									1545
									1546
								736
							711
						or 230
							928
							929
							930
						3..3 356
							1213
							1214
							1215
					xor 65
						xor 225
							mux 367
								xor 441
									0..2 488
										1555
										1556
										1557
										2033
									1431
									1432
										1963
								1242
								1243
							mux 591
								1853
									2317
								1854
								1855
							919
						663
						664
					xor 197
						xor 261
							xor 465
								or 490
									1561
									1562
										2013 ?
										2412
									1563
								1495
									2045
										2403
								1496
								2249
							986
								1997
									2163
								2060
								2312 ?
							987
								2286
							2463
						862
						863
				or 46
					2..3 60
						or 82
							mux 131
								mux 223
									914
									915
									916
								751
								752
									2131
										2166 ?
							676
							677
						or 150
							781
							782
								2345
							783
						mux 187
							or 366
								xor 477
									1526
									1527
									1528
								1240
								1241
							xor 473
								mux 601
									1883
										2102 ?
											2202 ?
											2483 ?
									1884
									1885
									2174
										2288 ?
								1516
								1517
							848
							1957
						or 250
							or 342
								mux 554
									1745
									1746
									1747
									2465
								mux 593
									1859
										2421
											2496 ?
									1860
									1861
								1178
							967
							968
					or 266
						mux 407
							mux 527
								1667
								1668
								1669
							mux 621
								1942
									2383
								1943
									2291
								1944
							1345
						996
							2466 ?
						997
					xor 317
						mux 359
							1220
							1221
							1222
						0..3 452
							1457
								2034 ?
								2079 ?
							1458
							1459
								2210
									2433 ?
						1117
					mux 612
						1915
						1916
						1917
						2361
				mux 83
					xor 101
						xor 245
							957
								2087 ?
							958
							959
						mux 427
							mux 571
								1794
								1795
								1796
							1394
							1395
								2217
						700
						2472
					mux 538
						1699
						1700
						1701
					678
					2041
				or 442
					mux 611
						1912
						1913
						1914
					1433
						2231
					1434
			xor 53
				or 78
					2..3 472
						1513
						1514
							2205
						1515
					673
					674
				mux 159
					or 218
						903
						904
						905
							2494
						2391
					mux 563
						1772
						1773
						1774
						2352
					802
				xor 357
					mux 579
						1817
						1818
						1819
					1216
						2190
							2259 ?
							2377
					1217
			626
		mux 35
			3..3 56
				xor 217
					mux 559
						1760
						1761
						1762
					901
					902
				650
				651
			xor 77
				or 142
					or 178
						2..4 276
							mux 613
								1918
								1919
								1920
							1022
								2296
							1023
							2124
						mux 541
							1707
							1708
								1971
							1709
								2297 ?
									2309
										2450
						832
					mux 191
						1..1 336
							1160
							1161
							1162
								2258 ?
						853
						854
					or 334
						1154
							2479 ?
						1155
						1156
							2025
								2301
						2379
					2198
				671
				672
			mux 119
				xor 421
					mux 512
						1626
							2306 ?
						1627
						1628
						2150
					1378
						2387
					1379
				727
					2016 ?
				728
			mux 215
				896
				897
				898
		2..2 44
			or 58
				xor 81
					1..2 112
						xor 253
							mux 548
								1727
								1728
								1729
								2448
							972
							973
						720
						721
					xor 185
						mux 590
							1850
							1851
								2039
								2193 ?
								2316
							1852
						843
						844
					or 318
						mux 566
							1780
								2123 ?
									2304
							1781
								2058
							1782
						1118
						1119
					xor 381
						1279
						1280
						1281
				xor 321
					1124
						2181
					1125
						2004
					1126
				655
					1983
					2005
			mux 67
				3..3 76
					mux 95
						xor 133
							mux 596
								1868
								1869
								1870
								2206
							754
							755
						2..3 204
							0..1 492
								1567
								1568
								1569
									2468
							871
							872
							2180
								2273
						695
					xor 209
						xor 269
							1004
								2203
							1005
							1006
						2..3 340
							1172
							1173
							1174
						883
							2009
								2380 ?
							2046 ?
								2135 ?
									2486
					or 358
						2..2 384
							1287
								1977
								2100 ?
									2370 ?
							1288
							1289
						1218
						1219
				or 114
					mux 139
						0..3 144
							or 398
								mux 501
									mux 562
										1769
										1770
										1771
									1594
										2356
									1595
								mux 575
									mux 608
										1903
										1904
										1905
											2208 ?
											2219 ?
												2294
									1806
									1807
										2328
								1323
								2057
							mux 574
								1803
								1804
								1805
								1995
							767
								2431 ?
						763
						764
						2335
					or 206
						876
						877
						878
							2177 ?
					mux 565
						mux 598
							1874
							1875
							1876
						1778
						1779
				or 122
					mux 263
						990
						991
						992
					mux 508
						1614
						1615
						1616
					733
			xor 73
				xor 233
					934
						2272 ?
					935
						1975 ?
					936
						2021
				667
				668
					2049
						2229
			mux 199
				0..2 328
					or 394
						1314
							2233
						1315
						1316
					1141
					1142
					2155
				mux 583
					1829
					1830
						2499
					1831
				867
					2127
		or 94
			mux 572
				1797
				1798
				1799
					2036
						2458
			693
			694
		xor 157
			1..3 212
				or 314
					1110
					1111
					1112
						2247
						2376
				890
					2432 ?
					2488 ?
				891
			3..4 252
				969
				970
				971
				2299
			799
				2055
		or 326
			1137
				2360
			1138
				2302
				2334 ?
			1139
		3..3 360
			1223
			1224
			1225
			2070
		mux 531
			1679
			1680
			1681
				2287
	or 18
		mux 23
			or 26
				630
					2368 ?
				631
				632
			mux 39
				mux 51
					xor 385
						1290
						1291
						1292
					mux 507
						1611
						1612
						1613
					646
						2112 ?
				mux 319
					1120
					1121
					1122
				or 494
					1573
					1574
					1575
					1964
				2223
			629
				2140 ?
			2350
				2493
		xor 305
			mux 491
				1564
					2484 ?
				1565
				1566
			1089
			1090
		xor 373
			1257
			1258
			1259
	2..3 20 ?
		xor 21
			or 126
				738
				739
				740
			xor 213
				or 246
					mux 331
						1..3 448
							mux 561
								1766
									2239
								1767
								1768
							1447
								2427
							1448
						mux 530
							1676
							1677
								1961
							1678
						1149
					960
					961
						1958 ?
						2043
				892
				893
			627
		xor 29
			xor 105
				705
				706
				707
				2358
			mux 175
				825
				826
				827
			xor 377
				1267
				1268
				1269
			2075
		xor 125
			mux 135
				or 270
					2..3 320
						xor 453
							1460
							1461
							1462
						mux 551
							1736
							1737
								2367 ?
							1738
							2188
						1123
					mux 399
						1324
						1325
						1326
					1007
				4..4 288
					0..3 348
						1192
						1193
						1194
						2197
							2357
					1046
					1047
					2109
				or 434
					1412
						2415 ?
					1413
					1414
						2063
			or 202
				xor 369
					1247
					1248
					1249
				or 402
					mux 526
						1664
						1665
						1666
							2209 ?
					1331
					1332
						2230
				0..2 500
					1591
					1592
					1593
						2419
			737
		mux 143
			0..4 416
				1365
				1366
				1367
				1984
			765
				1992
			766
				2308 ?
		mux 255
			3..3 296
				1065
				1066
				1067
			mux 623
				1948
				1949
				1950
					2420 ?
			976
	xor 25
		mux 55
			xor 57
				652
				653
				654
				2204
			1..3 248
				964
				965
					2073 ?
				966
			649
		mux 71
			2..3 468
				mux 517
					1639
					1640
					1641
				1502
				1503
				2227
			mux 513
				1629
				1630
				1631
					2171
			mux 614
				1921
					2116
					2215 ?
				1922
				1923
				2083
			2310
		mux 315
			mux 351
				1200
				1201
					2424
				1202
					2452
			1113
				2280
					2478 ?
			1114
		or 454
			1463
				2441 ?
			1464
			1465
				2184
		mux 521
			1651
			1652
			1653
	2..3 36
		xor 37
			xor 189
				mux 557
					1754
					1755
						2042
					1756
						2461 ?
				849
					2064 ?
				850
			mux 379
				1273
				1274
				1275
					2355
				2375
			636
			2006
		mux 375
			1262
				2084
			1263
			1264
		mux 550
			1733
			1734
			1735
		2313
	mux 91 ?
		or 98
			or 102
				701
				702
				703
			xor 117
				or 134
					xor 273
						1013
						1014
						1015
					756
					757
				0..2 232
					xor 417
						xor 461
							1484
							1485
							1486
								1981 ?
						1368
						1369
					mux 578
						1814
						1815
						1816
					933
				724
			xor 229
				925
				926
				927
					2430 ?
			xor 265
				1..1 364
					mux 439
						1425
						1426
							2159 ?
						1427
							2235
					1235
						2449
					1236
				mux 600
					1880
					1881
					1882
				995
		690
		691
		1990
	2162
config: 0