abstract 0
	xor 1 ?
		or 2
			mux 3
				xor 33
					xor 313
						or 434
							1464
							1465
							1466
						1201
						1202
						2452
					2..3 332
						1240
						1241
						1242
					xor 377
						mux 423
							1443
							1444
								2403
							1445
						1342
						1343
				mux 51
					mux 151
						or 174
							mux 219
								mux 717
									2240
									2241
									2242
								1012
								1013
							1..1 544
								1746
								1747
								1748
							mux 637
								2006
								2007
								2008
						xor 193
							961
							962
							963
						xor 209
							or 266
								xor 393
									or 438
										1..2 648
											mux 677
												2122
												2123
													2360 ?
												2124
											2038
											2039
										1473
										1474
									xor 465
										1539
										1540
										1541
									1380
								1105
								1106
							994
							995
						or 278
							3..3 488
								1600
								1601
								1602
							1125
							1126
						1..1 568
							1813
								2490 ?
							1814
							1815
					775
					776
				0..3 296
					xor 437
						mux 575
							1832
							1833
							1834
						1471
						1472
							2396
					1..3 638
						0..3 728
							2273
							2274
							2275
						2009
						2010
					1164
				0..3 408
					2..3 506
						1647
						1648
						1649
					1412
					1413
				0..1 540
					1734
					1735
					1736
				mux 745
					2324
					2325
					2326
			6..9 4
				6..8 8
					mux 15
						xor 25
							xor 45
								mux 459
									1..1 692
										2165
										2166
										2167
									1524
									1525
								772
								773
							1..3 92
								xor 133
									mux 271
										1114
										1115
										1116
									mux 491
										mux 545
											1749
											1750
											1751
										1609
										1610
									866
								mux 143
									882
									883
									884
										2388 ?
								xor 177
									mux 351
										mux 521
											mux 607
												1919
												1920
												1921
											1685
											1686
										1..3 690
											2159
											2160
											2161
										1283
									940
									941
								xor 353
									mux 475
										1..1 476
											mux 531
												mux 593
													1880
													1881
													1882
												1712
												1713
											1568
											1569
										mux 709
											2216
											2217
											2218
										1567
										2381
									mux 689
										2156
										2157
										2158
									1287
									2456
							xor 97
								3..3 104
									829
									830
									831
								2..3 124
									mux 215
										mux 279
											mux 713
												2228
													2401
												2229
												2230
											1127
											1128
										mux 455
											mux 503
												mux 743
													2318
													2319
													2320
												1640
												1641
											1514
											1515
										1004
										2412
									1..2 220
										or 374
											mux 501
												mux 661
													2075
													2076
													2077
												1635
												1636
											mux 547
												1754
												1755
												1756
											1336
										1014
										1015
									3..3 554
										1774
										1775
										1776
											2414 ?
								or 154
									xor 453
										1509
										1510
										1511
									or 474
										1564
										1565
										1566
									903
								or 170
									mux 737
										2300
										2301
										2302
									931
									932
								1..3 264
									mux 589
										1..1 666
											2089
											2090
											2091
										1869
										1870
									1102
									1103
							1..1 160
								xor 233
									1..3 520
										1682
										1683
										1684
									1041
									1042
									2419
								or 338
									1256
									1257
									1258
								mux 435
									0..3 586
										1862
										1863
										1864
									1467
									1468
							xor 189
								xor 261
									1094
									1095
									1096
								954
								955
								2349
							2..3 212
								999
								1000
								1001
							or 286
								mux 383
									1..2 592
										1877
										1878
										1879
									1356
									1357
								2..3 630
									1986
									1987
									1988
								1143
						0..1 100
							mux 103
								or 182
									944
									945
									946
									2447
								mux 451
									1504
									1505
									1506
								1..3 674
									2113
									2114
									2115
							827
							828
						754
					mux 19
						xor 113
							xor 205
								985
								986
								987
									2481 ?
							839
							840
						or 238
							xor 405
								2..3 484
									1589
									1590
									1591
									2356
										2420 ?
								1406
								1407
							xor 493
								1614
									2474 ?
								1615
								1616
							1051
						757
					mux 35
						0..2 132
							0..4 200
								mux 635
									2000
									2001
									2002
								974
								975
								2442
							mux 611
								1930
								1931
								1932
							865
						0..2 460
							1526
							1527
								2390
							1528
								2439 ?
						764
					mux 47
						xor 61
							0..3 88
								or 114
									mux 247
										or 274
											1..2 324
												mux 427
													1450
													1451
													1452
												1224
												1225
											2..2 614
												1939
												1940
												1941
											1121
										0..2 672
											2107
											2108
											2109
										1068
									mux 419
										1436
										1437
										1438
									841
										2500
								or 270
									1111
									1112
									1113
										2415 ?
								0..1 380
									mux 463
										1..2 524
											1691
											1692
											1693
										1535
										1536
									1348
									1349
							xor 273
								or 330
									0..3 368
										1321
										1322
										1323
									1235
									1236
								1119
								1120
							782
						or 146
							mux 287
								1144
								1145
								1146
							3..3 360
								mux 561
									1795
									1796
									1797
								1300
								1301
							890
							2475
						774
					0..3 52
						xor 93
							mux 131
								0..3 176
									xor 309
										3..3 652
											2048
											2049
											2050
										1193
										1194
									mux 749
										2336
										2337
											2355 ?
										2338
									939
								mux 195
									967
									968
									969
								864
							818
							819
						mux 199
							mux 211
								or 218
									xor 249
										1..1 432
											mux 467
												0..2 636
													2003
													2004
													2005
												1545
												1546
											mux 539
												1731
												1732
												1733
											1462
										or 498
											1627
											1628
											1629
										1071
									mux 605
										1913
										1914
											2465 ?
										1915
									1011
									2344
								2..2 288
									1147
									1148
									1149
								998
							mux 573
								1..2 724
									2261
									2262
										2350
									2263
								1827
								1828
							mux 687
								2150
								2151
								2152
						mux 363
							1306
							1307
							1308
					mux 79
						or 86
							xor 101
								xor 349
									2..2 738
										2303
										2304
										2305
									1279
									1280
								or 446
									2..3 596
										1889
										1890
										1891
									1495
									1496
								1..3 594
									1883
									1884
									1885
							xor 117
								mux 139
									or 214
										xor 245
											1065
											1066
											1067
										or 282
											1133
											1134
											1135
											2435
										1..2 464
											xor 485
												mux 507
													1650
													1651
													1652
												1592
												1593
											1537
											1538
										2365
									mux 223
										xor 229
											2..2 644
												2026
												2027
												2028
											1034
											1035
										or 234
											1043
											1044
											1045
										3..3 252
											0..1 740
												2309
												2310
												2311
													2407
											1076
											1077
										mux 567
											1810
											1811
											1812
									mux 355
										mux 673
											2110
											2111
											2112
										1291
										1292
								844
								845
							mux 175
								mux 685
									2144
									2145
									2146
								937
								938
							or 222
								2..2 600
									1..2 622
										1963
										1964
										1965
									1900
									1901
								1017
								1018
							mux 311
								1..3 560
									1792
									1793
										2478 ?
									1794
								1197
								1198
							or 314
								mux 403
									1400
										2487
									1401
										2428
									1402
										2437
								1203
								1204
							0..1 556
								1780
								1781
								1782
						or 90
							814
							815
							816
						1..3 168
							mux 203
								or 414
									1423
									1424
									1425
								0..1 562
									1798
									1799
									1800
								981
							927
							928
						xor 217
							1008
							1009
							1010
						xor 385
							1359
							1360
							1361
						mux 669
							2098
							2099
							2100
					2..3 156
						906
						907
						908
					1..2 440
						1478
						1479
						1480
					mux 523
						mux 527
							1700
							1701
							1702
						1689
						1690
				or 10
					mux 243
						or 258
							1087
							1088
							1089
								2411
						1061
							2430 ?
						1062
					mux 323
						1..1 472
							1558
							1559
							1560
						mux 541
							1737
							1738
							1739
						1223
					753
				or 14
					or 22
						mux 295
							xor 361
								1302
								1303
								1304
							mux 603
								1907
								1908
								1909
							1163
						xor 301
							0..3 336
								or 430
									1457
									1458
									1459
								1251
								1252
							2..2 604
								1910
								1911
								1912
								2445
							1177
						3..3 504
							1642
							1643
							1644
						2..3 732
							2285
							2286
							2287
					1..2 32
						mux 87
							mux 159
								911
								912
								913
							0..1 744
								2321
								2322
								2323
							813
						or 302
							mux 711
								2222
								2223
								2224
							1..3 748
								2333
								2334
								2335
							1178
						mux 319
							1212
							1213
							1214
					xor 57
						or 78
							or 158
								0..2 742
									2315
									2316
									2317
									2491
								909
								910
							1..3 642
								2020
								2021
								2022
							0..1 656
								2060
								2061
								2062
							1..2 726
								2267
								2268
								2269
						or 138
							0..3 172
								or 250
									1072
									1073
									1074
								or 370
									1327
									1328
									1329
								934
									2477 ?
							mux 183
								2..2 576
									1..1 602
										1904
										1905
										1906
									1835
									1836
								1..1 620
									1957
									1958
									1959
								947
							0..1 716
								2237
								2238
								2239
						or 294
							mux 327
								2..3 606
									1916
									1917
									1918
								4..4 634
									1997
									1998
									1999
									2347
								1231
							or 354
								1288
								1289
									2364 ?
										2499
								1290
							1162
						xor 321
							1217
							1218
							1219
					mux 147
						mux 171
							mux 263
								1..2 312
									mux 609
										mux 675
											2116
											2117
												2480
											2118
										1925
										1926
									1199
									1200
								1100
								1101
							1..2 546
								2..4 598
									1895
									1896
										2444 ?
									1897
									2440
								1752
								1753
							933
						or 246
							xor 305
								2..3 516
									mux 645
										2029
										2030
										2031
									1673
									1674
								1184
								1185
							or 322
								1220
								1221
								1222
							2..3 654
								2054
								2055
								2056
						xor 329
							2..2 392
								1377
								1378
								1379
							2..3 508
								mux 697
									2180
									2181
									2182
								1653
								1654
							1234
					or 178
						mux 731
							2282
							2283
							2284
							2470
						942
						943
					2395
				0..3 24
					1..3 48
						2..4 112
							xor 173
								or 326
									1..1 400
										0..3 416
											1428
											1429
											1430
										1394
										1395
									1229
									1230
								935
								936
							mux 399
								mux 641
									2017
									2018
									2019
								1..3 662
									2..2 678
										2125
											2498
										2126
										2127
									2078
									2079
								1393
							0..2 526
								1697
								1698
								1699
							2468
						xor 213
							3..3 552
								1768
								1769
								1770
							1002
							1003
						mux 359
							or 402
								or 442
									1..1 628
										1981
										1982
										1983
									1484
										2371
									1485
								1..1 664
									2083
									2084
									2085
								1399
							1298
							1299
							2392
						mux 621
							1960
							1961
							1962
					xor 85
						mux 107
							mux 111
								xor 149
									894
									895
									896
								mux 569
									1816
									1817
									1818
								838
							3..3 216
								1005
								1006
								1007
							835
								2469
						811
							2361
						812
					758
				or 26
					mux 135
						870
						871
						872
					mux 235
						mux 615
							1942
							1943
							1944
							2375
						1046
						1047
					759
				0..2 40
					xor 69
						792
						793
						794
					1..2 96
						xor 109
							or 118
								0..1 372
									mux 643
										2023
										2024
											2433
										2025
									1331
									1332
								mux 439
									1475
									1476
									1477
								0..1 500
									1632
									1633
									1634
								mux 647
									2035
									2036
									2037
								mux 695
									2174
									2175
									2176
							836
							837
						xor 357
							1294
							1295
							1296
						xor 429
							1454
							1455
							1456
					3..4 564
						mux 681
							mux 683
								2139
								2140
								2141
							2134
							2135
							2416
						1804
						1805
						2471
				1..2 44
					or 54
						1..1 56
							or 142
								or 290
									xor 297
										1165
										1166
										1167
									or 306
										xor 325
											1226
											1227
											1228
										1186
										1187
									1153
										2441 ?
								880
								881
								2418
							778
							779
						1..2 708
							2213
							2214
							2215
								2363
								2486
						777
						2457
					mux 551
						1765
						1766
							2368 ?
						1767
					771
				or 46
					or 58
						2..4 348
							mux 395
								1382
								1383
								1384
							or 398
								1390
								1391
								1392
								2450
							2..2 492
								1611
								1612
								1613
							mux 529
								1706
								1707
								1708
						3..3 626
							1975
							1976
							1977
						780
					mux 155
						xor 197
							971
							972
							973
						904
						905
					mux 291
						1154
						1155
						1156
					or 310
						2..3 352
							1284
							1285
							1286
						1195
						1196
					or 406
						0..3 684
							mux 701
								2192
								2193
								2194
							2142
							2143
						1408
						1409
				3..3 68
					xor 157
						mux 251
							mux 339
								1259
								1260
									2413
								1261
							mux 533
								1716
								1717
								1718
							1075
						or 390
							1..1 580
								1846
								1847
								1848
								2449
							1372
							1373
						1..3 538
							1728
							1729
							1730
						mux 571
							3..3 688
								2153
								2154
								2155
									2458 ?
							1822
							1823
						1..2 706
							2207
							2208
							2209
					790
					791
				mux 123
					or 130
						861
						862
						863
						2497
					xor 289
						1150
						1151
						1152
					850
			xor 9
				4..4 12
					1..3 60
						or 74
							3..3 180
								1..1 224
									1019
									1020
									1021
								mux 227
									1028
										2460 ?
									1029
									1030
								mux 331
									1237
									1238
										2372 ?
									1239
								mux 581
									0..3 704
										2201
										2202
										2203
									1849
									1850
							or 458
								1521
								1522
								1523
							1..2 518
								2..3 750
									2339
									2340
									2341
								1677
								1678
						0..3 80
							mux 267
								3..3 320
									mux 471
										mux 591
											1874
												2464 ?
												2479
												2484
											1875
											1876
										1556
										1557
									1215
									1216
								1107
								1108
							mux 663
								2080
								2081
								2082
							806
						mux 629
							mux 733
								2288
								2289
									2448 ?
								2290
							1984
							1985
					xor 105
						832
						833
						834
					or 194
						964
						965
						966
					1..1 260
						0..1 292
							or 342
								mux 741
									2312
									2313
									2314
								1268
								1269
							1157
							1158
						1092
						1093
				0..3 16
					xor 65
						0..1 712
							2225
							2226
							2227
						1..1 730
							2279
								2362 ?
							2280
							2281
						788
						2476
					xor 161
						914
						915
						916
					mux 167
						or 298
							1168
							1169
								2348
							1170
						925
						926
					1..1 228
						1031
						1032
						1033
						2431
					mux 537
						1725
						1726
						1727
				mux 31
					xor 129
						858
						859
						860
						2467
					762
					763
				or 50
					mux 67
						mux 91
							3..3 196
								1..2 308
									1190
									1191
									1192
								1..3 632
									1991
									1992
									1993
								970
							xor 221
								or 262
									1097
									1098
									1099
								xor 285
									1140
									1141
									1142
								1016
							817
						or 102
							xor 145
								or 494
									mux 625
										1972
										1973
										1974
											2352 ?
									1617
									1618
								888
								889
							mux 259
								mux 549
									0..3 624
										1969
										1970
										1971
									1760
									1761
								1090
								1091
							mux 487
								1597
								1598
								1599
							2..2 502
								1637
								1638
								1639
						1..1 610
							1927
							1928
							1929
					or 226
						1025
						1026
						1027
					xor 373
						1333
						1334
						1335
					0..2 718
						2243
						2244
						2245
				or 206
					mux 747
						2330
						2331
						2332
					988
					989
					2367
				xor 413
					mux 563
						1801
						1802
						1803
					1421
					1422
				2..3 676
					2119
					2120
					2121
			xor 21
				or 38
					mux 63
						2..3 248
							mux 387
								0..2 522
									0..3 698
										2183
										2184
										2185
											2358 ?
												2434
									1687
									1688
								1364
								1365
							1069
							1070
						mux 555
							1777
							1778
							1779
								2400 ?
								2406
						0..2 570
							1819
							1820
							1821
						1..2 680
							2131
							2132
							2133
					or 418
						1433
						1434
						1435
							2357 ?
					768
					2346
				or 62
					or 126
						or 162
							917
							918
							919
						852
						853
					783
					784
						2424
				mux 239
					1052
					1053
					1054
						2425 ?
			or 42
				mux 83
					or 190
						mux 343
							1270
								2373
							1271
							1272
								2495 ?
						956
						957
					809
					810
				3..3 120
					or 254
						1078
						1079
						1080
							2459 ?
					846
					847
				0..3 184
					2..3 240
						1055
						1056
						1057
					0..2 658
						2066
							2383
						2067
						2068
					2..2 700
						2189
						2190
						2191
				3..3 192
					1..3 710
						2219
						2220
						2221
					959
					960
				3..3 236
					3..3 548
						1757
						1758
						1759
							2466 ?
								2496
					mux 559
						1789
						1790
						1791
					1048
				or 346
					xor 389
						1369
						1370
						1371
					xor 417
						0..3 512
							1663
							1664
							1665
						1431
						1432
					mux 495
						1619
						1620
						1621
				xor 421
					xor 457
						xor 461
							1529
							1530
							1531
						1519
						1520
					1..1 528
						1703
						1704
						1705
					1..2 558
						1786
						1787
						1788
				2..2 584
					mux 649
						2040
						2041
						2042
					1857
					1858
					2345
			2379
		xor 5
			or 6
				or 318
					2..3 328
						or 462
							1532
							1533
							1534
						1232
						1233
					0..3 510
						1..1 696
							2177
							2178
							2179
						1658
						1659
					0..3 578
						1840
							2494 ?
						1841
						1842
					mux 679
						2128
						2129
						2130
				751
				752
				2436
			mux 7
				or 18
					mux 207
						0..3 714
							2231
							2232
							2233
								2493
						990
						991
					755
					756
				3..3 20
					mux 39
						mux 75
							0..3 356
								0..3 530
									1709
									1710
									1711
								1..1 542
									1740
									1741
									1742
								1293
							mux 499
								mux 623
									1966
									1967
									1968
								1630
								1631
							800
						or 106
							xor 281
								mux 707
									2210
										2351 ?
									2211
									2212
								1131
								1132
							mux 379
								xor 409
									1414
									1415
									1416
								mux 415
									xor 433
										mux 519
											1679
											1680
											1681
										mux 599
											mux 719
												2246
												2247
												2248
											1898
												2387 ?
											1899
										1463
									1426
									1427
								1347
							1..3 424
								mux 585
									1859
									1860
									1861
								mux 703
									2198
									2199
									2200
								1446
							2488
						1..1 116
							xor 257
								or 490
									1606
									1607
										2376 ?
									1608
								1085
								1086
							or 358
								xor 445
									1492
									1493
									1494
								mux 655
									2057
									2058
									2059
								1297
							843
							2432
						xor 121
							xor 169
								xor 337
									1253
										2492 ?
									1254
									1255
								929
								930
							1..2 428
								xor 441
									1481
									1482
									1483
								mux 613
									1936
									1937
									1938
								1453
							848
								2410 ?
						xor 153
							mux 407
								4..4 550
									1762
									1763
									1764
									2462
								1410
								1411
							901
							902
						or 470
							1553
							1554
							1555
						2..3 736
							2297
							2298
							2299
					mux 59
						or 242
							mux 367
								1318
								1319
								1320
							or 478
								1573
								1574
								1575
							mux 705
								2204
								2205
								2206
						xor 333
							mux 639
								2011
								2012
								2013
							1243
							1244
						781
					mux 127
						854
						855
						856
					xor 201
						976
						977
						978
				mux 483
					mux 583
						1854
						1855
						1856
						2342
					1587
						2463
					1588
						2384
			mux 23
				0..1 36
					xor 49
						2..3 164
							or 198
								mux 335
									1248
									1249
									1250
								2..3 536
									1722
									1723
									1724
								mux 633
									1994
									1995
									1996
								2..3 668
									2095
									2096
										2485
									2097
							0..2 208
								1..1 686
									2147
									2148
										2409 ?
									2149
								992
								993
							920
						xor 165
							921
							922
							923
						xor 181
							3..3 276
								xor 293
									1159
									1160
									1161
								2..2 572
									1824
									1825
										2421
									1826
								1123
							0..1 388
								1366
									2404 ?
								1367
								1368
							mux 479
								mux 721
									2252
									2253
									2254
								1576
								1577
						mux 191
							2..3 204
								982
								983
								984
							mux 255
								mux 275
									mux 375
										1337
										1338
										1339
									mux 525
										1694
										1695
										1696
									1122
								2..3 340
									1262
										2402
									1263
										2489 ?
									1264
								1081
							958
						mux 283
							xor 365
								1312
									2417 ?
								1313
								1314
							1136
							1137
					0..3 144
						885
						886
						887
					mux 179
						or 426
							0..1 612
								1933
								1934
								1935
									2429
							mux 631
								mux 659
									2069
									2070
									2071
										2473 ?
									2451
								1989
								1990
							1449
						mux 515
							mux 651
								2045
								2046
								2047
							1671
							1672
						mux 715
							2234
							2235
								2455 ?
							2236
				xor 37
					765
					766
					767
					2354
				xor 73
					or 98
						823
						824
						825
					2..2 256
						1082
						1083
						1084
					799
				or 454
					1..1 496
						0..3 532
							mux 617
								1948
								1949
								1950
							1714
							1715
						1622
						1623
					1512
					1513
			xor 497
				1624
				1625
				1626
				2391
		mux 11
			xor 13
				xor 17
					3..3 28
						0..1 140
							or 450
								mux 511
									1660
									1661
									1662
								1502
								1503
							875
							876
						1..1 148
							891
							892
							893
						xor 425
							mux 565
								0..2 590
									1871
									1872
									1873
								mux 727
									2270
									2271
										2393
									2272
								1806
							1447
							1448
					or 82
						2..3 84
							1..3 108
								or 122
									0..1 396
										2..3 734
											2291
											2292
											2293
										1385
										1386
										2427
									0..3 608
										1922
										1923
										1924
									849
								or 210
									or 482
										1584
										1585
										1586
									996
									997
								mux 303
									1179
									1180
										2483
									1181
							3..3 280
								1..3 300
									1174
									1175
									1176
								1129
								1130
									2377 ?
							mux 725
								2264
								2265
								2266
							2405
						or 110
							mux 115
								0..3 128
									1..1 188
										or 466
											1542
											1543
											1544
										952
										953
									0..1 640
										2014
										2015
										2016
									857
										2370
								1..3 272
									or 350
										xor 369
											1324
											1325
											1326
										1281
										1282
									1117
									1118
								842
							or 366
								1315
								1316
									2438
								1317
							mux 411
								mux 447
									mux 665
										2086
										2087
										2088
									1497
									1498
										2472
								1419
								1420
						1..3 152
							898
							899
							900
					or 186
						948
						949
						950
				xor 29
					0..2 64
						785
						786
						787
					760
					761
				mux 99
					1..1 420
						xor 481
							1581
							1582
							1583
						1439
						1440
					mux 517
						0..3 618
							1951
							1952
							1953
						1675
						1676
					826
					2426
				xor 225
					1022
					1023
					1024
					2408
				2..2 284
					mux 315
						mux 505
							2..3 682
								2136
								2137
								2138
							1645
							1646
						3..3 660
							2072
							2073
							2074
						1205
					1138
						2423 ?
					1139
					2386
			or 30
				xor 77
					mux 307
						or 410
							1..2 436
								3..4 650
									2..3 694
										2171
										2172
										2173
									2043
									2044
									2382
								1469
								1470
							1417
							1418
						1188
						1189
					804
						2454
					805
				xor 81
					xor 277
						1..2 344
							xor 477
								1570
								1571
								1572
								2359
							mux 653
								2051
								2052
								2053
							1273
						1..1 670
							2101
							2102
								2369
							2103
						1124
					807
					808
				mux 119
					xor 185
						0..3 304
							1..2 702
								2195
								2196
								2197
							1182
							1183
						mux 371
							xor 401
								1396
								1397
								1398
							xor 449
								2..3 616
									1945
									1946
									1947
								1500
								1501
							1330
						xor 469
							1550
							1551
							1552
					xor 237
						or 394
							2..2 412
								or 422
									1..1 480
										1578
										1579
										1580
									1441
									1442
								mux 587
									1865
									1866
									1867
								mux 739
									2306
									2307
									2308
							mux 577
								1837
								1838
								1839
									2422 ?
							1381
						1049
						1050
					mux 347
						1..2 574
							1829
							1830
								2374 ?
							1831
						1277
						1278
				or 166
					mux 187
						xor 269
							mux 443
								1486
								1487
								1488
							1109
							1110
						or 334
							1245
							1246
							1247
						951
					0..3 722
						2255
						2256
						2257
					924
				mux 619
					1954
					1955
					1956
			xor 41
				mux 735
					2294
					2295
					2296
					2389
				769
				770
					2378 ?
						2461
			mux 55
				0..3 76
					801
					802
					803
				xor 125
					or 134
						867
						868
						869
					or 230
						3..3 232
							xor 253
								xor 265
									xor 341
										1265
										1266
										1267
									xor 397
										1387
										1388
										1389
									1104
								xor 345
									1274
									1275
									1276
								1..1 384
									xor 489
										1603
										1604
										1605
									mux 691
										2162
										2163
										2164
									1358
							0..3 588
								mux 597
									1892
									1893
									1894
								mux 671
									2104
									2105
									2106
								1868
							1040
						mux 299
							1171
							1172
							1173
						1036
					851
				mux 595
					1886
						2446
					1887
					1888
			xor 241
				1058
				1059
				1060
			4..4 268
				or 378
					1344
					1345
					1346
						2399 ?
				1..2 404
					1403
					1404
					1405
				1..1 468
					1547
					1548
					1549
					2343
				2385
			xor 381
				1350
				1351
				1352
			1..1 534
				mux 667
					2092
					2093
					2094
				1719
				1720
			mux 627
				1978
				1979
				1980
		xor 53
			mux 71
				mux 699
					2186
					2187
						2443 ?
					2188
				796
				797
			1..1 72
				2..2 448
					mux 509
						1655
						1656
						1657
					mux 543
						1743
						1744
						1745
					1499
				mux 513
					mux 557
						1783
						1784
						1785
					1666
					1667
					2394
				798
			2..3 136
				mux 553
					1771
						2482 ?
					1772
					1773
				873
				874
		xor 141
			877
			878
			879
		or 150
			or 486
				1594
				1595
				1596
			mux 535
				1..3 720
					2249
					2250
					2251
				mux 729
					2276
					2277
					2278
				1721
			897
		3..3 452
			mux 657
				2063
				2064
				2065
			1507
			1508
	mux 27
		or 34
			mux 43
				or 66
					xor 137
						mux 163
							or 362
								mux 391
									1374
									1375
									1376
								mux 723
									2258
									2259
									2260
								1305
									2380 ?
									2398 ?
							1..1 364
								1309
								1310
								1311
							1..2 646
								2032
								2033
								2034
							2397
								2453 ?
						1..3 244
							xor 317
								1209
								1210
								1211
							1063
							1064
						2..2 456
							1516
							1517
							1518
					mux 231
						1037
						1038
						1039
					789
				xor 89
					or 94
						0..0 376
							or 386
								mux 431
									mux 601
										mux 693
											2168
											2169
											2170
												2353 ?
										1902
										1903
									1460
									1461
								1362
								1363
							1340
							1341
							2366
						3..3 566
							1807
							1808
							1809
						820
					mux 95
						0..2 582
							1851
							1852
							1853
						821
						822
					xor 473
						1561
						1562
						1563
				1..3 514
					1668
					1669
					1670
			or 382
				1353
				1354
				1355
			3..3 444
				1489
				1490
				1491
		or 70
			or 202
				3..3 746
					2327
					2328
					2329
				979
				980
			2..2 316
				1206
				1207
				1208
			795
		mux 579
			1843
			1844
			1845
config: 0