abstract 0
	mux 1 ?
		0..5 2
			mux 3
				mux 7
					0..2 46
						mux 85
							3..3 232
								2..3 238
									1039
									1040
									1041
								1..1 655
									2063
									2064
									2065
								1033
							2..2 288
								mux 493
									1624
									1625
									1626
								1..3 721
									2251
									2252
									2253
								1142
							1..3 376
								1330
								1331
								1332
						mux 483
							2..2 726
								2266
								2267
								2268
							1596
							1597
						779
					1..2 152
						897
						898
						899
					2..2 182
						1..2 186
							0..2 676
								2122
								2123
								2124
							948
								2489
							949
						3..3 200
							mux 347
								mux 399
									0..1 593
										1887
										1888
										1889
									2..2 687
										2153
										2154
										2155
									1383
								1260
								1261
							0..3 460
								1539
								1540
								1541
							969
						946
				2..2 40
					mux 57
						mux 63
							3..3 569
								1823
								1824
								1825
									2358
							795
							796
						1..2 74
							1..1 80
								mux 135
									mux 193
										mux 341
											mux 369
												mux 453
													1523
													1524
													1525
												mux 463
													1548
													1549
													1550
												1313
											1248
											1249
										1..3 532
											1722
											1723
											1724
											2394
										959
											2496 ?
									1..2 268
										1..2 348
											1262
											1263
											1264
										1..3 548
											1765
											1766
											1767
										1097
									0..1 613
										1944
										1945
										1946
								mux 243
									1047
									1048
									1049
								816
								2345
							809
							810
								2471 ?
						mux 89
							mux 191
								mux 235
									1..2 296
										mux 407
											1400
												2393 ?
											1401
												2447
											1402
										1154
										1155
									mux 473
										1572
										1573
										1574
									0..2 717
										2239
										2240
										2241
								1..1 511
									3..3 641
										2024
											2368 ?
										2025
										2026
									1671
									1672
								0..3 643
									2030
									2031
									2032
							1..1 282
								mux 303
									mux 481
										0..3 735
											2293
											2294
											2295
										1592
										1593
									1170
									1171
								2..2 360
									1291
									1292
									1293
									2346
								1..1 618
									1959
									1960
									1961
								2411
							825
						1..3 118
							3..3 128
								mux 411
									1410
									1411
									1412
								0..2 555
									1784
									1785
									1786
								863
									2493 ?
							mux 149
								891
								892
								893
							2..3 332
								1..2 364
									1..2 500
										1..2 529
											1713
											1714
											1715
										1642
										1643
									1..1 731
										2281
										2282
										2283
									1301
								1228
								1229
							3..3 602
								0..2 631
									1995
									1996
									1997
								1913
									2367
								1914
						mux 147
							888
							889
							890
					2..3 474
						1575
						1576
						1577
					772
				mux 61
					1..3 100
						1..1 162
							mux 267
								1094
								1095
								1096
							915
							916
						mux 171
							929
							930
							931
						mux 249
							mux 433
								0..3 566
									1814
										2352 ?
									1815
									1816
								1471
								1472
							1..1 559
								1795
								1796
								1797
							1059
						0..1 304
							1172
							1173
							1174
						0..3 714
							2230
							2231
							2232
							2424
					mux 131
						mux 257
							0..1 316
								2..3 354
									1277
									1278
									1279
								mux 391
									1364
									1365
									1366
								1196
							0..3 636
								2010
								2011
								2012
							1076
						0..2 264
							2..2 632
								1998
									2350
								1999
								2000
							1087
							1088
						2..2 724
							2260
							2261
							2262
						0..2 748
							2332
								2430 ?
								2434 ?
							2333
							2334
					0..2 224
						1015
						1016
						1017
					0..1 252
						mux 445
							1501
							1502
							1503
						1065
						1066
				1..3 382
					1..2 730
						2278
						2279
						2280
					1343
					1344
			6..7 8
				1..6 10
					0..2 12
						1..4 38
							mux 75
								811
								812
								813
							2..3 110
								mux 151
									mux 197
										mux 221
											mux 281
												2..3 614
													1947
													1948
													1949
														2375 ?
															2399 ?
												1127
												1128
											mux 287
												1139
												1140
													2402 ?
												1141
											1008
										3..3 718
											2242
											2243
											2244
										964
									895
									896
								846
								847
							0..3 326
								1218
								1219
								1220
							3..3 396
								1376
								1377
								1378
							mux 403
								0..1 525
									1..2 571
										1829
										1830
										1831
									1..1 638
										2016
										2017
										2018
									1704
								0..1 581
									0..2 734
										2290
										2291
											2416 ?
										2292
									1855
									1856
								1391
									2369
										2473
						1..3 565
							1811
							1812
							1813
								2341
						2..3 672
							2111
							2112
							2113
					mux 73
						806
						807
						808
					mux 93
						829
						830
						831
					mux 165
						0..2 308
							1..1 442
								mux 487
									1607
									1608
									1609
									2485
								1495
									2477
								1496
							0..3 503
								1650
								1651
								1652
							1179
						0..2 533
							1725
							1726
							1727
						920
					mux 461
						1542
						1543
						1544
					2..2 466
						2..3 534
							1728
							1729
							1730
						1553
						1554
					0..1 577
						1844
						1845
						1846
				mux 11
					1..1 14
						mux 69
							mux 163
								mux 237
									0..1 550
										3..3 725
											2263
											2264
											2265
										1771
										1772
									1037
									1038
								0..2 250
									0..3 654
										2060
										2061
										2062
									1060
									1061
								917
							0..2 266
								1091
								1092
								1093
							0..3 384
								1348
								1349
								1350
							0..3 649
								2047
								2048
									2460
								2049
						754
						755
					mux 31
						0..3 114
							849
							850
							851
						mux 211
							1..1 693
								2171
									2418 ?
										2481
								2172
								2173
								2415
							990
							991
						767
					1..2 526
						1..1 587
							1871
							1872
							1873
						1705
						1706
				mux 27
					1..1 104
						4..4 144
							2..3 154
								mux 175
									935
									936
									937
								2..3 573
									1834
									1835
									1836
								902
									2392
							mux 161
								2..3 166
									mux 295
										mux 327
											3..3 342
												1..1 597
													0..1 601
														1910
														1911
														1912
															2357
													1899
													1900
												1250
												1251
											2..3 374
												1325
												1326
												1327
											1221
										1152
										1153
											2421 ?
									1..3 372
										1320
										1321
										1322
									921
								mux 195
									1..1 568
										1820
										1821
										1822
									960
									961
								1..3 430
									1463
									1464
									1465
										2376
							2..2 505
								1..2 691
									2165
									2166
									2167
								1655
								1656
							0..3 616
								1953
								1954
								1955
						mux 323
							1211
							1212
								2363 ?
								2420
							1213
						840
					0..1 276
						mux 467
							1555
							1556
							1557
						1114
						1115
					765
				0..1 66
					801
					802
					803
				1..3 176
					2..3 410
						1407
						1408
						1409
					938
					939
					2484
				0..1 292
					3..3 298
						0..3 695
							2177
							2178
							2179
						1158
						1159
					0..2 554
						1781
						1782
						1783
					1148
						2431
				1..3 540
					1744
					1745
					1746
				0..3 737
					2299
					2300
						2380 ?
					2301
					2373
			mux 9
				mux 43
					2..2 658
						2071
						2072
						2073
					1..2 720
						2248
						2249
						2250
							2405 ?
							2443 ?
					776
				752
				753
			1..3 30
				mux 41
					1..1 84
						2..3 112
							mux 125
								2..2 170
									926
										2400 ?
									927
									928
								859
								860
							mux 277
								0..3 434
									1473
									1474
									1475
								1116
								1117
									2499 ?
							0..1 564
								1808
									2386
								1809
									2472
								1810
						mux 153
							mux 239
								1..3 346
									0..2 536
										1732
										1733
										1734
									1258
									1259
								mux 447
									3..3 702
										2197
										2198
										2199
									1507
										2342
									1508
								2..4 484
									1598
									1599
									1600
									2422
								3..3 637
									2013
									2014
									2015
							900
							901
						0..2 462
							1545
							1546
							1547
								2361 ?
					1..3 124
						mux 177
							1..2 284
								mux 297
									mux 365
										1302
										1303
										1304
									1156
									1157
								1131
								1132
							1..2 604
								1918
								1919
								1920
							940
						2..3 366
							0..1 535
								0..3 690
									2162
									2163
									2164
								0..3 732
									2284
									2285
									2286
								1731
							1305
							1306
						858
					mux 265
						2..3 651
							2053
							2054
							2055
								2413
						1089
						1090
						2459
					mux 307
						mux 359
							mux 371
								1317
									2463 ?
								1318
								1319
							1289
							1290
						0..2 544
							1754
							1755
							1756
						1178
					1..2 422
						1441
						1442
						1443
					2..3 509
						1665
						1666
						1667
					2..3 523
						1698
						1699
						1700
				0..3 64
					0..3 78
						1..2 146
							mux 155
								1..2 591
									1..2 742
										2314
										2315
										2316
									1883
									1884
								903
								904
							0..2 248
								mux 435
									1476
									1477
									1478
								1057
								1058
							1..2 629
								1990
								1991
								1992
							2343
								2344
									2370
						1..3 156
							905
							906
							907
						814
					797
					798
				1..1 673
					0..3 745
						2323
						2324
						2325
					2114
					2115
			0..1 424
				1..3 652
					0..3 678
						0..1 700
							2192
							2193
							2194
						2128
						2129
					2056
					2057
				1447
				1448
		mux 5
			0..3 6
				mux 13
					0..3 16
						mux 83
							1..3 192
								956
								957
								958
							819
							820
								2465
									2470
						757
						758
					1..4 24
						mux 25
							mux 29
								0..3 102
									mux 139
										0..2 178
											mux 179
												943
												944
													2475
												945
											941
											942
											2480
										2..2 705
											2205
											2206
												2448
											2207
										879
									mux 255
										0..3 644
											2033
											2034
											2035
										1071
											2371
										1072
										2379
									mux 279
										1121
										1122
											2362 ?
										1123
								2..3 446
									1504
									1505
									1506
								766
							763
								2354
							764
						mux 33
							mux 49
								mux 97
									1..1 280
										1124
										1125
										1126
									834
									835
								0..1 122
									mux 169
										mux 215
											997
											998
											999
										3..3 260
											3..3 324
												1214
												1215
												1216
											1081
											1082
										925
									1..3 184
										mux 381
											mux 417
												1427
												1428
												1429
											1341
											1342
										mux 387
											1356
												2382
													2486
												2445
											1357
											1358
										0..3 642
											2027
											2028
											2029
									856
								mux 253
									1067
									1068
									1069
								mux 345
									1255
									1256
									1257
										2385
							2..2 58
								mux 113
									0..3 116
										mux 311
											2..3 567
												1817
												1818
												1819
											1183
											1184
											2372
										852
										853
									0..3 246
										2..3 320
											1203
											1204
											1205
										1054
										1055
										2396
									mux 291
										1145
										1146
										1147
								787
								788
							768
						mux 47
							0..1 286
								1136
								1137
								1138
							2..2 420
								1..2 506
									1657
									1658
									1659
								1436
								1437
							1..3 428
								1458
								1459
								1460
						mux 103
							mux 201
								1..1 703
									2200
									2201
									2202
								970
									2388
								971
							0..2 202
								3..3 545
									1757
									1758
									1759
								972
								973
							mux 285
								1133
								1134
								1135
							mux 451
								1517
								1518
								1519
						mux 121
							3..4 164
								2..2 557
									1789
									1790
									1791
								918
								919
								2412
							mux 219
								mux 419
									1433
									1434
									1435
								1004
								1005
							0..2 640
								2021
								2022
									2468 ?
								2023
								2426
						2408
					mux 39
						1..3 62
							mux 95
								mux 213
									mux 379
										1..1 488
											1610
											1611
											1612
										1336
										1337
									994
									995
								832
								833
							0..1 551
								1773
								1774
								1775
							794
						mux 71
							1..2 130
								0..0 180
									mux 261
										0..1 502
											1647
											1648
											1649
										0..1 600
											1907
											1908
											1909
										0..1 603
											1915
											1916
											1917
												2450 ?
									mux 299
										2..2 458
											1..1 490
												1616
												1617
												1618
											1..1 599
												1904
												1905
												1906
											1536
										1160
										1161
									0..3 352
										1273
										1274
										1275
									1..1 400
										1384
										1385
										1386
								865
								866
									2458 ?
							0..2 464
								3..3 674
									2116
									2117
									2118
								1551
								1552
							3..3 575
								0..3 675
									2119
									2120
									2121
								1839
								1840
						0..4 188
							1..1 236
								mux 457
									2..3 701
										1..1 709
											2217
											2218
											2219
										2195
										2196
									1534
									1535
								2..3 630
									1..3 707
										2211
										2212
										2213
									1993
									1994
										2467 ?
								0..2 684
									2144
									2145
									2146
							951
							952
							2404
						2..3 270
							1101
							1102
								2366 ?
							1103
								2488 ?
					mux 109
						0..2 168
							1..1 507
								3..4 537
									1735
										2390
									1736
									1737
									2444
								1660
								1661
							0..1 661
								2079
								2080
								2081
							924
						844
						845
					mux 185
						2..2 380
							1338
							1339
							1340
						1..3 508
							1662
							1663
							1664
						947
					mux 393
						mux 485
							1601
							1602
							1603
						1370
						1371
					2..3 553
						1778
						1779
						1780
				0..3 438
					0..2 444
						3..3 608
							1930
							1931
							1932
						1499
						1500
					1485
					1486
				751
			mux 91
				mux 315
					1193
					1194
					1195
				0..1 338
					1239
					1240
					1241
				mux 385
					mux 429
						1..3 494
							1627
							1628
							1629
						1461
						1462
					1351
					1352
				2383
					2395 ?
			0..1 98
				mux 99
					0..1 520
						3..3 546
							0..3 671
								2108
								2109
								2110
							1760
							1761
						1694
						1695
					836
					837
				0..0 300
					1162
					1163
					1164
					2441
				2..3 606
					1924
					1925
					1926
			mux 273
				mux 455
					2..2 482
						1..1 582
							1857
								2429
							1858
							1859
						1594
						1595
					1529
					1530
				mux 499
					1639
					1640
					1641
				1110
			0..2 378
				0..2 406
					1397
					1398
					1399
					2419
				1334
				1335
			2..3 660
				3..3 706
					2208
					2209
					2210
				2077
				2078
		0..1 44
			mux 65
				0..1 160
					mux 497
						0..2 570
							1826
							1827
							1828
						1634
						1635
					913
					914
				799
				800
					2425 ?
			777
			778
		mux 55
			mux 207
				982
					2348 ?
				983
				984
			785
			786
		mux 289
			0..3 306
				1175
				1176
				1177
			1..1 472
				1569
				1570
					2398
						2403
				1571
			1..3 530
				1716
				1717
				1718
					2490 ?
	2..3 4 ?
		mux 17
			1..4 26
				1..2 52
					1..3 106
						1..1 392
							1367
								2401 ?
									2469 ?
							1368
							1369
						0..0 723
							2257
							2258
							2259
							2353
						843
					mux 469
						1561
						1562
						1563
					781
				mux 105
					mux 145
						885
						886
						887
					841
					842
				mux 117
					mux 127
						2..2 198
							0..3 214
								mux 223
									1012
									1013
									1014
								mux 383
									1345
									1346
									1347
								996
							965
							966
						2..2 226
							mux 313
								1188
								1189
								1190
							1020
							1021
						3..3 328
							3..4 572
								1..2 588
									1874
									1875
									1876
								1832
								1833
								2476
							1..1 681
								2136
								2137
								2138
							1222
					854
					855
				0..1 158
					mux 271
						1104
						1105
							2349 ?
						1106
							2427
							2495 ?
					911
					912
			759
			760
		2..3 18
			3..4 20
				2..2 244
					1050
					1051
						2438
					1052
				mux 245
					mux 333
						1230
						1231
						1232
					3..3 689
						2159
						2160
						2161
					1053
				mux 317
					mux 361
						2..3 436
							1479
							1480
							1481
						1294
						1295
					2..3 708
						2214
						2215
						2216
					1197
				0..3 647
					0..4 733
						2287
						2288
						2289
						2466
					2042
					2043
				1..2 698
					2186
					2187
					2188
			0..2 22
				mux 343
					mux 353
						0..2 480
							1589
							1590
							1591
						0..1 728
							2272
							2273
							2274
						1276
						2492
					1252
						2456
					1253
				1..1 510
					1668
					1669
					1670
				2..2 515
					0..3 528
						1710
						1711
						1712
					1681
					1682
			1..2 448
				1509
				1510
				1511
		mux 37
			mux 157
				908
				909
					2483 ?
				910
			770
			771
		1..3 68
			mux 309
				1..3 648
					2044
						2452 ?
					2045
					2046
				1180
				1181
			804
			805
		1..1 70
			mux 397
				1..1 516
					1683
					1684
					1685
				2..2 595
					1893
					1894
					1895
				1379
			0..3 585
				1866
				1867
				1868
			0..1 715
				2233
				2234
				2235
		mux 77
			1..1 90
				1..3 256
					1073
					1074
					1075
				826
				827
					2387 ?
			mux 181
				2..3 386
					1353
					1354
					1355
				mux 465
					2..2 498
						1636
						1637
						1638
					2..2 517
						2..2 650
							2050
							2051
							2052
						1686
						1687
					0..3 611
						0..1 622
							2..2 667
								2096
								2097
								2098
							1970
							1971
						1939
						1940
					2414
				2..3 627
					1984
					1985
					1986
				2..3 668
					2099
					2100
					2101
			mux 375
				mux 421
					1438
						2365 ?
					1439
					1440
					2497
				1328
				1329
			1..2 541
				1747
				1748
				1749
		1..1 148
			mux 217
				2..2 562
					3..3 579
						2..2 665
							2090
							2091
							2092
						1850
							2482
						1851
					1803
					1804
				1000
				1001
			mux 263
				3..3 432
					0..2 583
						1860
						1861
							2464
						1862
							2449 ?
					1469
					1470
				1085
				1086
			0..1 694
				2174
				2175
				2176
	mux 15
		mux 21
			mux 23
				0..3 34
					mux 59
						789
						790
						791
					0..2 514
						1678
						1679
						1680
					1..3 736
						2296
						2297
						2298
				mux 53
					782
					783
					784
				mux 129
					mux 339
						1242
						1243
						1244
							2478
					2..3 454
						1526
						1527
							2355
						1528
					864
				mux 475
					0..3 712
						2..3 746
							2326
							2327
							2328
						2225
						2226
					1578
					1579
			0..2 60
				0..3 86
					1..2 254
						1..1 310
							mux 337
								1..1 664
									2087
									2088
									2089
								1237
								1238
							2..3 584
								1863
								1864
								1865
							1182
						2..2 657
							2068
							2069
							2070
						1070
					821
					822
				792
				793
			mux 357
				1284
				1285
				1286
			1..2 440
				1490
				1491
				1492
				2428
			0..3 704
				3..3 716
					2236
					2237
						2437
					2238
				2203
				2204
		1..3 120
			1..1 322
				0..1 398
					1380
					1381
					1382
				1209
				1210
					2439
			2..2 414
				1418
				1419
				1420
			1..2 416
				1424
				1425
				1426
		756
	mux 19 ?
		0..2 42
			773
			774
			775
		761
		762
	1..4 28 ?
		0..1 228
			0..1 426
				1452
				1453
				1454
			1..1 560
				1798
				1799
				1800
			1024
		2..2 242
			1..1 294
				mux 331
					3..3 492
						1621
						1622
						1623
					1226
					1227
				1150
				1151
			2..3 524
				1701
				1702
				1703
			1046
		0..3 302
			1167
			1168
			1169
		mux 319
			1..1 646
				2039
				2040
				2041
			1201
				2389 ?
			1202
	1..3 32
		mux 35
			3..3 72
				mux 81
					3..3 240
						1..3 574
							0..1 680
								2133
								2134
								2135
							1837
							1838
						1042
						1043
					817
					818
					2479
				0..3 140
					mux 187
						mux 301
							mux 377
								2..2 513
									1675
									1676
									1677
								1..1 669
									2102
									2103
									2104
										2436 ?
								1333
							1165
							1166
						mux 449
							1512
							1513
							1514
						950
					mux 349
						1265
						1266
						1267
					880
				mux 205
					mux 427
						1455
						1456
						1457
					978
					979
				2..2 278
					1118
					1119
					1120
			3..3 496
				0..2 580
					1852
					1853
					1854
				0..1 741
					2311
					2312
					2313
						2409
					2433
				1633
			769
		1..3 36
			mux 51
				1..4 82
					mux 87
						mux 203
							974
							975
							976
						0..3 623
							1972
							1973
							1974
						823
					mux 137
						874
							2423
						875
							2356
						876
					mux 325
						0..2 418
							1430
							1431
							1432
						2..3 656
							2..2 662
								2..2 682
									3..3 729
										2275
										2276
										2277
									2139
									2140
								2082
								2083
									2455 ?
							2066
							2067
						1217
					mux 413
						1..3 596
							1896
							1897
							1898
						1416
							2474 ?
						1417
				mux 225
					0..1 645
						2036
						2037
						2038
					1018
					1019
				0..2 394
					2..3 617
						1956
						1957
						1958
					1372
					1373
			0..3 126
				2..3 206
					0..2 558
						1792
						1793
						1794
					980
					981
				861
					2453
				862
			3..5 194
				2..2 218
					mux 329
						mux 491
							0..2 628
								1987
								1988
								1989
							1619
							1620
						0..1 578
							1847
							1848
							1849
								2487 ?
						1..3 639
							1..4 722
								2254
								2255
								2256
								2378
							2019
							2020
						1..2 677
							2125
							2126
							2127
							2462
					1002
					1003
				1..1 350
					0..1 561
						1..2 576
							1841
							1842
							1843
						1801
						1802
					1268
					1269
						2397
				0..2 356
					1281
					1282
					1283
				mux 389
					3..3 612
						1941
						1942
						1943
					1360
					1361
				1..1 412
					1413
					1414
					1415
				2..3 686
					2150
					2151
					2152
		3..3 76
			mux 123
				2..3 208
					985
					986
					987
				1..2 531
					1719
					1720
					1721
				857
			mux 159
				mux 247
					mux 259
						0..1 527
							1707
							1708
								2417 ?
							1709
						1079
						1080
					1..3 635
						2007
						2008
						2009
					1056
				1..3 404
					1392
					1393
					1394
				1..2 456
					1531
					1532
					1533
			mux 439
				1487
				1488
				1489
		0..1 96
			mux 107
				mux 229
					1025
					1026
					1027
				mux 233
					3..3 234
						1034
						1035
						1036
					0..1 452
						1520
						1521
						1522
						2347
					1..3 478
						1584
						1585
						1586
				2..2 744
					2320
					2321
					2322
			mux 111
				mux 173
					mux 183
						mux 293
							0..3 408
								1403
								1404
								1405
							2..3 590
								1880
								1881
								1882
							1149
						0..1 318
							1198
								2351 ?
							1199
							1200
						mux 321
							1206
								2442
							1207
							1208
						3..3 358
							3..3 547
								1762
								1763
								1764
							1287
							1288
					mux 425
						1449
						1450
						1451
					934
				mux 251
					1062
						2500 ?
					1063
					1064
				848
			mux 119
				mux 133
					mux 241
						mux 335
							0..1 402
								1..1 468
									1558
									1559
									1560
								0..3 543
									1..1 563
										1805
										1806
										1807
									1..3 743
										2317
										2318
										2319
									1753
								1390
							1..3 679
								2130
								2131
								2132
							1234
						1044
						1045
					870
					871
				1..2 174
					0..2 470
						1564
						1565
						1566
					mux 471
						2..2 519
							1691
							1692
							1693
						1567
						1568
					0..3 594
						1890
						1891
						1892
				mux 441
					1..3 586
						0..3 719
							2245
							2246
							2247
						1869
						1870
					1493
					1494
			3..3 336
				1..1 607
					1927
					1928
					1929
						2407
						2440
				1235
				1236
			1..2 512
				0..1 659
					2074
						2364
					2075
					2076
				1673
				1674
			3..3 542
				1750
				1751
				1752
	mux 45
		0..3 136
			mux 405
				mux 489
					1613
					1614
					1615
				1395
				1396
					2494
			3..3 750
				2338
				2339
				2340
			873
		mux 305
			mux 395
				1..1 710
					2220
					2221
					2222
				1374
				1375
			mux 415
				1421
					2391
				1422
				1423
			3..3 592
				0..2 683
					2141
					2142
					2143
				1885
				1886
			3..3 598
				1901
				1902
				1903
			2..2 739
				2305
				2306
				2307
		0..1 312
			1185
			1186
			1187
		1..2 556
			0..1 589
				1877
				1878
				1879
			1787
			1788
		0..2 740
			2308
			2309
			2310
	1..3 48
		0..0 54
			0..3 56
				mux 67
					1..2 88
						0..2 216
							mux 363
								1298
									2406 ?
									2446
								1299
								1300
							mux 459
								0..2 522
									0..3 615
										1950
										1951
										1952
									0..1 688
										2156
										2157
										2158
									1697
								1537
								1538
							0..1 747
								2329
								2330
								2331
						1..1 230
							1028
							1029
							1030
						824
					1..1 150
						mux 189
							1..2 670
								2105
								2106
								2107
							953
							954
						1..1 210
							0..2 486
								1604
								1605
								1606
							3..3 549
								1768
								1769
								1770
							989
						894
					1..2 368
						1310
						1311
						1312
					2..3 521
						0..1 633
							2001
							2002
							2003
						2..2 666
							2093
							2094
							2095
						1696
				0..3 92
					mux 199
						1..1 330
							1223
							1224
							1225
						967
						968
					mux 479
						0..3 692
							2168
							2169
							2170
						1587
						1588
					828
				1..2 196
					0..2 204
						mux 443
							2..2 685
								2147
								2148
								2149
							1497
							1498
						1..1 605
							1921
							1922
							1923
								2384 ?
						977
					962
					963
			3..3 132
				867
					2360 ?
				868
				869
			mux 401
				1387
				1388
				1389
			3..3 621
				1967
				1968
				1969
		mux 79
			0..3 258
				mux 275
					mux 283
						0..3 663
							2084
							2085
							2086
						1129
						1130
					0..2 390
						0..3 504
							1..1 653
								2..3 697
									2183
									2184
									2185
								2058
								2059
							1653
								2451
							1654
						1362
						1363
					1113
				1077
				1078
			1..3 344
				mux 495
					1630
					1631
					1632
				2..3 501
					1644
					1645
					1646
				1254
			815
		mux 141
			mux 143
				0..2 212
					1..2 362
						mux 423
							1444
							1445
							1446
						1296
						1297
							2432
					992
					993
				883
				884
			0..1 552
				0..1 711
					2..3 738
						2302
						2303
						2304
					2223
					2224
				1776
				1777
			881
		mux 209
			0..2 222
				1009
				1010
				1011
			1..3 340
				1245
				1246
				1247
			988
		3..3 290
			mux 437
				1482
				1483
				1484
			1143
			1144
			2359
	0..1 50 ?
		1..3 138
			1..2 609
				1933
				1934
				1935
					2491
			877
			878
		1..2 450
			2..3 610
				1936
				1937
				1938
			1515
			1516
		780
	0..1 94 ?
		mux 101
			mux 269
				1098
				1099
				1100
			838
				2435
			839
		2..3 108
			mux 115
				mux 167
					1..2 624
						1975
						1976
						1977
					922
					923
						2410
				1..2 314
					3..3 370
						1314
						1315
						1316
					1191
					1192
				1..1 625
					1978
					1979
					1980
			2..2 172
				mux 231
					2..3 274
						mux 355
							0..4 388
								1..1 539
									1741
									1742
									1743
								0..3 727
									2269
									2270
									2271
										2374
								1359
								2454
									2498 ?
							1..2 713
								2227
								2228
								2229
							1280
						1111
						1112
					1031
					1032
				932
				933
			mux 431
				1466
				1467
				1468
		1..1 134
			mux 351
				1270
				1271
				1272
				2377
			2..2 538
				1738
				1739
				1740
			872
				2381
	1..2 142
		0..3 190
			mux 409
				mux 477
					3..3 518
						1688
						1689
						1690
					1582
					1583
				0..3 749
					2335
					2336
					2337
				1406
			1..3 696
				2180
				2181
				2182
			955
		mux 373
			3..3 620
				2..2 626
					1981
						2457 ?
					1982
					1983
				1965
				1966
			1323
			1324
		882
	0..1 220
		mux 227
			0..2 272
				1107
				1108
				1109
			1022
			1023
		1006
		1007
	1..1 262
		1..3 699
			2189
			2190
			2191
		1083
		1084
	0..1 334
		1..1 476
			0..1 619
				1962
				1963
				1964
			1580
			1581
		2..3 634
			2004
			2005
			2006
		1233
			2461
	mux 367
		1307
		1308
		1309
config: 0