abstract 0
	mux 1 ?
		1..7 6
			mux 21
				mux 95
					0..2 466
						mux 524
							1715
							1716
							1717
						1568
						1569
					mux 677
						2132
						2133
						2134
							2455
					813
				2..3 192
					mux 589
						1890
						1891
						1892
					969
					970
				mux 215
					mux 257
						1087
						1088
							2404
						1089
					1003
					1004
				mux 525
					mux 644
						2038
						2039
						2040
					1718
					1719
			0..1 42
				4..4 48
					1..3 76
						mux 111
							mux 155
								mux 503
									mux 625
										mux 649
											2053
											2054
											2055
											2402
										1985
										1986
									1662
									1663
								mux 726
									2274
										2481 ?
									2275
									2276
								903
								2408
							834
							835
						mux 383
							mux 467
								mux 709
									2225
									2226
									2227
								1570
								1571
							mux 508
								mux 646
									2044
									2045
									2046
								1676
								1677
							1367
						796
							2444
					2..2 300
						1183
						1184
						1185
					0..1 444
						1515
						1516
						1517
						2390
					2471
				2..3 50
					3..3 102
						mux 119
							1..1 288
								mux 493
									1636
									1637
									1638
								1157
								1158
							mux 375
								1348
								1349
								1350
							mux 385
								1371
								1372
								1373
							mux 630
								mux 696
									2187
									2188
									2189
								1998
								1999
							mux 699
								2195
								2196
								2197
							2357
						821
						822
					778
					779
				773
					2411
			mux 77
				0..2 170
					1..1 362
						1317
						1318
						1319
					mux 740
						2316
						2317
						2318
						2422
					932
				797
				798
			1..1 96
				3..3 360
					mux 672
						2117
						2118
						2119
					1313
					1314
				mux 554
					1793
					1794
					1795
						2352
				814
			mux 125
				1..1 328
					mux 341
						1267
						1268
						1269
						2384
					mux 453
						1535
						1536
						1537
					1242
				mux 449
					1527
					1528
					1529
					2367
				853
				2486
			2..2 160
				1..2 498
					1651
					1652
					1653
						2443
				913
				914
			0..1 308
				1..2 470
					1575
					1576
					1577
				1198
					2388
				1199
					2395 ?
		mux 7
			mux 101
				mux 387
					1377
					1378
					1379
				819
				820
				2467
			mux 391
				mux 419
					1..1 500
						mux 662
							mux 736
								2304
								2305
								2306
								2495
							2088
							2089
						1656
						1657
					1455
					1456
				mux 675
					2126
					2127
					2128
				1389
			751
		mux 11
			mux 13
				1..6 22
					mux 55
						mux 57
							mux 175
								mux 227
									2..3 312
										mux 473
											mux 517
												mux 681
													2144
														2374
													2145
													2146
												1697
												1698
											1583
											1584
										1208
										1209
									mux 441
										1507
										1508
										1509
									1021
								2..3 276
									3..3 280
										1136
										1137
										1138
									0..2 478
										mux 597
											mux 622
												1977
												1978
												1979
											1913
											1914
										1596
										1597
									mux 599
										mux 742
											2322
												2354
											2323
											2324
										1918
										1919
								941
							mux 303
								1..3 364
									1323
										2409 ?
									1324
									1325
								mux 401
									1412
									1413
									1414
								mux 616
									mux 631
										2000
										2001
										2002
									1961
									1962
							mux 686
								2158
								2159
								2160
						mux 59
							mux 143
								mux 512
									1685
									1686
									1687
								mux 746
									2334
									2335
									2336
								885
							mux 223
								mux 305
									1189
									1190
									1191
								1..3 442
									4..4 452
										mux 547
											mux 584
												1876
												1877
												1878
											1777
											1778
										1533
										1534
										2434
									1510
									1511
								1014
							785
						0..3 146
							mux 497
								1648
								1649
								1650
							mux 693
								2178
								2179
								2180
							890
						3..3 254
							1080
							1081
							1082
						mux 570
							1837
								2469
							1838
							1839
					mux 105
						2..3 256
							mux 561
								mux 567
									1829
									1830
									1831
								1813
								1814
							mux 697
								mux 700
									2198
									2199
									2200
								2190
								2191
							1086
						825
						826
					mux 117
						mux 237
							1039
								2461 ?
							1040
								2370
							1041
						840
						841
					0..2 354
						mux 518
							1699
							1700
							1701
								2382 ?
						1301
						1302
					mux 463
						1560
							2376 ?
						1561
						1562
					mux 593
						1902
						1903
						1904
				2..5 32
					mux 41
						mux 565
							1823
							1824
							1825
						771
						772
					mux 49
						mux 67
							mux 265
								1104
								1105
								1106
							mux 539
								1755
								1756
								1757
							789
						2..2 88
							mux 133
								866
								867
								868
							0..1 164
								mux 676
									2129
									2130
									2131
								mux 728
									2280
									2281
									2282
								920
							807
						777
					1..1 52
						2..3 118
							842
							843
							844
						3..3 298
							mux 653
								2062
								2063
									2466 ?
								2064
							1178
							1179
						mux 299
							1180
							1181
							1182
					mux 61
						2..2 86
							mux 113
								mux 153
									898
									899
									900
									2494
								2..2 302
									0..1 416
										1447
										1448
										1449
									mux 647
										2047
										2048
										2049
									mux 663
										2090
										2091
										2092
								mux 359
									1310
									1311
									1312
							mux 553
								mux 590
									1893
									1894
									1895
								mux 596
									1910
									1911
									1912
								1792
							805
						mux 99
							mux 149
								mux 181
									mux 509
										mux 669
											2108
											2109
											2110
										1678
										1679
									952
									953
										2479 ?
								mux 329
									mux 431
										1485
										1486
											2460 ?
										1487
									1243
									1244
								1..2 484
									1612
									1613
									1614
							mux 724
								2268
								2269
								2270
							818
						mux 495
							1642
							1643
							1644
					1..2 90
						3..3 112
							mux 187
								1..1 212
									mux 219
										3..3 326
											mux 595
												mux 618
													1965
													1966
													1967
												1908
												1909
											mux 659
												2080
												2081
												2082
													2361
											mux 680
												2141
												2142
												2143
										mux 531
											mux 564
												1820
												1821
												1822
											mux 582
												mux 648
													2050
													2051
													2052
												1871
												1872
											mux 698
												2192
												2193
												2194
										mux 542
											1764
											1765
											1766
										mux 701
											2201
											2202
											2203
									1..3 396
										1398
										1399
										1400
									mux 739
										2313
										2314
										2315
								mux 221
									0..2 278
										mux 592
											1899
												2356
											1900
											1901
										1131
										1132
									0..3 320
										mux 621
											1974
											1975
											1976
											2476
										1223
										1224
									mux 549
										1782
										1783
										1784
								961
								2393
							2..3 238
								1042
								1043
								1044
							mux 421
								1459
								1460
								1461
							1..4 474
								1585
								1586
								1587
									2470 ?
								2377
						mux 395
							1395
								2429
							1396
							1397
						mux 573
							1845
							1846
							1847
					mux 107
						2..3 152
							1..3 190
								mux 331
									mux 545
										mux 605
											1931
												2385 ?
											1932
											1933
										1772
										1773
									1245
									1246
								967
								968
									2391 ?
							896
							897
						mux 540
							1758
							1759
							1760
						828
							2351 ?
						2407
					3..3 220
						mux 660
							2083
							2084
							2085
						1010
						1011
							2485 ?
					1..3 304
						0..2 418
							1452
							1453
							1454
						mux 639
							2024
							2025
							2026
						1188
							2420
					mux 337
						1257
						1258
						1259
				mux 73
					0..3 330
						mux 415
							1..3 424
								1466
								1467
								1468
							mux 445
								1518
								1519
								1520
							2..3 472
								1580
								1581
								1582
						3..3 430
							1482
							1483
							1484
						mux 730
							2286
							2287
							2288
					792
					793
				4..6 84
					mux 91
						mux 169
							929
							930
							931
						mux 255
							1083
							1084
							1085
						3..3 462
							mux 612
								1951
								1952
								1953
							1558
							1559
						1..2 468
							mux 603
								1925
								1926
								1927
							1572
							1573
					0..3 110
						831
						832
						833
					mux 151
						1..3 394
							1..1 476
								1590
								1591
								1592
							1393
							1394
						mux 679
							2138
							2139
							2140
						895
					2..3 296
						1..2 346
							mux 425
								1469
								1470
								1471
							1280
								2458 ?
							1281
						mux 513
							1688
							1689
							1690
						mux 572
							1842
							1843
							1844
					mux 327
						1239
						1240
						1241
					mux 417
						mux 588
							1887
							1888
							1889
						1450
							2371
						1451
							2472 ?
				mux 201
					mux 213
						1..1 374
							1345
							1346
							1347
						mux 499
							mux 747
								2337
								2338
								2339
							1654
							1655
						999
					mux 583
						1873
						1874
						1875
					mux 671
						2114
						2115
						2116
				mux 231
					1028
					1029
					1030
				0..3 492
					1633
					1634
					1635
			mux 29
				mux 47
					4..4 60
						0..3 72
							1..1 114
								1..4 128
									2..3 136
										1..2 210
											1..1 264
												1101
												1102
												1103
												2450
											2..2 390
												1386
												1387
												1388
													2392 ?
											997
										871
										872
									mux 183
										0..2 378
											2..3 448
												mux 506
													1670
													1671
													1672
												1525
												1526
											mux 511
												1682
												1683
												1684
											1357
										mux 586
											1881
											1882
											1883
										956
									mux 273
										1122
										1123
										1124
									mux 311
										mux 743
											2325
												2413 ?
											2326
											2327
										1206
										1207
								1..1 366
									2..2 380
										mux 451
											mux 556
												1799
												1800
													2435
												1801
											mux 714
												2239
												2240
												2241
											1532
										1359
										1360
									1326
										2491
									1327
								836
							3..3 156
								0..1 458
									mux 688
										2163
										2164
										2165
									1548
									1549
								904
								905
							1..3 158
								mux 207
									mux 267
										1110
										1111
										1112
									0..3 398
										1404
										1405
										1406
									991
								908
								909
							0..3 222
								2..2 414
									1444
									1445
									1446
								1012
								1013
						1..2 454
							1538
							1539
							1540
							2475
						0..3 456
							1542
							1543
							1544
						mux 581
							1868
							1869
							1870
					mux 389
						1383
						1384
							2442
						1385
					776
				mux 279
					1133
						2378
					1134
					1135
				759
			mux 37
				763
					2433
				764
				765
			mux 93
				mux 131
					1..1 228
						1022
						1023
						1024
					mux 411
						2..2 488
							mux 706
								2216
								2217
								2218
							1623
							1624
						1437
						1438
					863
				mux 135
					mux 313
						0..3 336
							1254
							1255
							1256
						1210
						1211
						2398
					869
					870
				mux 161
					1..3 314
						1212
						1213
						1214
					1..2 338
						1260
						1261
						1262
					mux 735
						2301
						2302
						2303
					mux 741
						2319
						2320
						2321
			mux 165
				mux 171
					mux 197
						977
						978
						979
					mux 427
						1475
						1476
						1477
					933
				mux 393
					1..2 436
						mux 602
							1922
							1923
							1924
						1498
						1499
					mux 638
						2021
						2022
						2023
					1392
					2360
						2366 ?
				mux 601
					mux 637
						2018
						2019
						2020
					1920
					1921
			mux 281
				mux 520
					1705
					1706
					1707
				1139
				1140
		mux 15
			mux 692
				2175
				2176
				2177
			754
			755
		mux 177
			mux 439
				mux 522
					mux 530
						mux 710
							mux 738
								2310
								2311
								2312
							2228
							2229
						1732
						1733
					1710
					1711
				mux 703
					2207
					2208
					2209
				1503
			945
			946
		mux 269
			0..3 286
				1151
				1152
				1153
			3..3 358
				mux 541
					1761
					1762
						2493 ?
					1763
				1308
				1309
			mux 559
				1807
				1808
				1809
			mux 615
				mux 665
					2096
					2097
					2098
				mux 717
					2248
					2249
					2250
				1960
		mux 633
			2006
			2007
			2008
				2436 ?
	2..2 2
		mux 3
			1..4 8
				2..4 20
					mux 147
						mux 157
							mux 750
								2346
									2452 ?
								2347
								2348
							906
								2425 ?
							907
						0..1 306
							1192
							1193
							1194
						891
					mux 159
						910
						911
						912
					1..3 174
						2..3 204
							mux 289
								mux 457
									1545
									1546
									1547
								1159
								1160
							0..1 324
								1233
								1234
								1235
							0..1 410
								mux 689
									2166
									2167
									2168
								1435
								1436
						939
						940
					2..3 262
						1..1 402
							mux 737
								2307
								2308
								2309
							1415
							1416
						mux 516
							1694
							1695
							1696
						1097
					2..3 292
						2..2 350
							1290
							1291
							1292
						1166
						1167
				mux 75
					1..3 142
						882
						883
							2383
						884
					2..2 194
						2..3 438
							mux 636
								2015
								2016
								2017
							mux 704
								2210
								2211
								2212
							1502
						973
						974
					mux 485
						1615
						1616
						1617
							2451
				1..1 250
					mux 627
						1990
						1991
						1992
					1072
					1073
				mux 682
					2147
					2148
					2149
					2381
			mux 19
				mux 25
					mux 211
						0..2 224
							2..3 232
								mux 319
									1220
									1221
									1222
								mux 722
									mux 745
										2331
											2379
										2332
										2333
										2440
									2263
									2264
								1031
									2453
							1015
							1016
						mux 301
							mux 725
								2271
								2272
								2273
							1186
							1187
						998
					mux 576
						1853
						1854
						1855
					757
				1..1 28
					3..3 54
						mux 69
							1..2 82
								mux 335
									mux 519
										1702
										1703
										1704
									mux 733
										2295
										2296
										2297
											2365 ?
									1253
								801
								802
							mux 123
								mux 351
									1293
									1294
									1295
								850
								851
							mux 323
								1230
								1231
								1232
							2459
						1..4 316
							mux 455
								mux 471
									mux 617
										mux 642
											2032
											2033
											2034
										1963
										1964
									1578
										2488
									1579
									2387
								mux 521
									mux 566
										1826
										1827
										1828
									1708
									1709
								1541
							mux 479
								mux 574
									1848
									1849
									1850
								1598
								1599
							1..2 486
								mux 614
									1957
									1958
									1959
										2353 ?
								1618
								1619
							mux 673
								2120
								2121
								2122
						784
							2362 ?
					3..3 226
						1018
						1019
						1020
					758
				756
			3..3 24
				2..3 108
					2..2 206
						mux 283
							0..1 356
								mux 510
									mux 604
										1928
										1929
											2349 ?
										1930
									1680
									1681
								1305
								1306
							mux 626
								1987
								1988
								1989
								2483
							1144
							2446
						mux 371
							mux 611
								1948
								1949
								1950
							1339
							1340
						990
					1..1 266
						1107
						1108
						1109
					mux 558
						1804
						1805
						1806
				3..3 150
					mux 193
						mux 667
							2102
							2103
								2403 ?
							2104
								2454
						971
						972
					893
					894
				mux 502
					1659
						2457
						2463
					1660
					1661
			mux 35
				mux 71
					1..3 140
						4..4 168
							926
							927
							928
							2427
						880
						881
					mux 640
						mux 720
							2257
							2258
							2259
						2027
						2028
						2438
					791
				761
				762
			0..3 66
				1..3 400
					1409
					1410
						2355
					1411
				787
				788
			mux 245
				1059
				1060
				1061
			mux 719
				2254
				2255
				2256
		2..3 12
			3..3 40
				mux 65
					0..2 246
						mux 355
							mux 563
								mux 585
									mux 716
										2245
										2246
										2247
									1879
									1880
								1818
								1819
								2449
							1303
							1304
								2473
						1062
						1063
					3..3 272
						1119
						1120
						1121
					mux 560
						1810
						1811
						1812
					mux 575
						mux 632
							2003
							2004
							2005
						1851
						1852
				769
				770
			1..2 148
				mux 203
					986
					987
					988
				mux 307
					1195
					1196
						2368
						2500
					1197
				892
					2499
			753
		mux 277
			mux 373
				mux 691
					2172
					2173
					2174
				1343
				1344
			mux 461
				mux 666
					2099
					2100
					2101
				1556
				1557
			1130
	1..4 4 ?
		mux 5
			mux 27
				0..2 30
					mux 31
						2..2 34
							0..1 36
								1..4 122
									1..1 166
										1..1 186
											mux 315
												1..3 450
													mux 634
														2009
														2010
														2011
													1530
													1531
												mux 569
													1834
													1835
														2482 ?
													1836
												mux 674
													2123
													2124
													2125
											mux 423
												1463
												1464
												1465
											960
										921
										922
									mux 239
										1045
										1046
										1047
									3..3 284
										1145
										1146
										1147
									mux 285
										1148
										1149
											2447 ?
										1150
									mux 543
										1767
										1768
										1769
								mux 403
									0..1 434
										1492
										1493
										1494
									1417
									1418
								mux 405
									1422
									1423
									1424
								mux 429
									mux 656
										2071
										2072
										2073
									1480
									1481
							mux 51
								3..3 258
									mux 317
										1215
										1216
										1217
									mux 729
										2283
										2284
										2285
									1090
								780
								781
							mux 63
								mux 97
									mux 643
										2035
										2036
										2037
										2468
									815
									816
								1..3 98
									mux 103
										0..1 214
											1000
											1001
												2359 ?
											1002
										823
										824
									mux 447
										mux 507
											1673
											1674
											1675
										1523
										1524
										2389
									817
								0..3 202
									983
									984
									985
							1..2 198
								mux 321
									1225
									1226
									1227
								0..2 332
									mux 532
										1734
										1735
										1736
									1247
									1248
								0..3 382
									1364
									1365
									1366
							mux 297
								1175
								1176
								1177
							mux 629
								1995
								1996
								1997
						2..3 56
							mux 109
								mux 229
									mux 610
										1945
										1946
										1947
									mux 734
										2298
										2299
										2300
									1025
								829
								830
							1..3 120
								845
								846
								847
							2..2 130
								860
								861
								862
						mux 137
							mux 475
								mux 690
									2169
									2170
									2171
								1588
								1589
							873
							874
						1..1 208
							992
							993
								2399 ?
									2430 ?
							994
						2..2 322
							mux 379
								mux 533
									1737
									1738
									1739
								mux 594
									1905
									1906
									1907
								1358
							1228
							1229
					1..2 184
						mux 287
							1154
							1155
							1156
						mux 291
							1163
							1164
							1165
						1..1 294
							1..3 318
								mux 465
									1565
										2480
									1566
									1567
								1218
								1219
							1171
							1172
								2456
					760
				1..2 124
					mux 185
						957
						958
						959
					mux 489
						mux 587
							1884
							1885
							1886
						1625
						1626
					852
				mux 309
					1200
						2410
					1201
					1202
				mux 668
					2105
					2106
					2107
			mux 33
				0..1 38
					766
					767
					768
				mux 45
					mux 191
						0..1 230
							0..2 494
								1639
									2448 ?
								1640
								1641
							1026
							1027
						mux 233
							mux 343
								1273
									2439 ?
								1274
								1275
							mux 652
								mux 748
									2340
									2341
									2342
								2060
								2061
							1032
						mux 443
							1512
							1513
							1514
						mux 658
							2077
							2078
							2079
					1..2 268
						0..1 340
							mux 537
								1749
								1750
								1751
							mux 608
								1939
								1940
								1941
							1266
						mux 407
							mux 562
								1815
								1816
								1817
							1428
							1429
						1113
					0..2 420
						mux 483
							1609
								2415 ?
								2464
							1610
							1611
						1457
						1458
				0..3 46
					mux 523
						1712
						1713
						1714
					mux 684
						mux 723
							2265
								2477
									2484 ?
							2266
							2267
						2153
						2154
					775
						2406 ?
				2..2 138
					0..1 236
						1036
						1037
						1038
					875
					876
				mux 598
					1915
					1916
					1917
			mux 39
				mux 79
					mux 141
						mux 209
							2..3 216
								mux 251
									0..3 422
										1..1 460
											1553
											1554
												2372
											1555
										mux 487
											1620
												2373
											1621
											1622
										1462
									1074
									1075
								1005
								1006
							995
							996
						mux 295
							mux 651
								2057
								2058
								2059
							1173
							1174
						2..2 370
							1336
							1337
							1338
						1..3 376
							1351
							1352
							1353
					799
					800
				3..3 392
					mux 641
						2029
						2030
						2031
					1390
					1391
				mux 731
					2289
					2290
					2291
			mux 43
				mux 89
					808
					809
					810
				mux 115
					2..3 412
						1439
						1440
						1441
							2441
					1..2 496
						1645
							2386 ?
							2405 ?
						1646
						1647
					mux 528
						1726
						1727
						1728
				774
			mux 241
				1049
				1050
				1051
			2..2 408
				1430
				1431
				1432
			mux 481
				1603
					2437
				1604
				1605
		mux 163
			mux 381
				1361
				1362
				1363
			918
			919
		mux 167
			923
			924
			925
			2462
		0..2 188
			mux 579
				1862
				1863
				1864
			962
			963
		1..1 234
			1..3 260
				1092
				1093
				1094
			mux 413
				mux 607
					1936
					1937
					1938
				1442
				1443
			1033
		mux 363
			1320
			1321
			1322
	mux 9 ?
		2..2 18
			1..3 100
				mux 199
					980
					981
					982
				0..1 274
					1125
					1126
					1127
				2..3 446
					mux 538
						1752
							2498 ?
						1753
						1754
					1521
					1522
			0..3 240
				mux 325
					1236
					1237
					1238
				0..2 432
					mux 544
						mux 661
							mux 718
								2251
								2252
								2253
							2086
							2087
						1770
						1771
					1488
					1489
				1048
			mux 409
				mux 501
					mux 529
						1729
						1730
						1731
					mux 536
						1746
							2364
						1747
						1748
					1658
				1433
				1434
		2..2 290
			mux 695
				2184
				2185
				2186
			1161
			1162
		mux 347
			mux 694
				2181
				2182
				2183
			1282
			1283
				2350
		0..2 490
			1627
			1628
			1629
		mux 685
			2155
			2156
			2157
		mux 744
			2328
			2329
			2330
	0..2 10
		mux 127
			1..3 196
				mux 217
					mux 609
						1942
						1943
						1944
					1007
					1008
						2416
				3..3 372
					mux 578
						1859
						1860
						1861
					1341
					1342
				0..2 384
					1368
						2487
					1369
					1370
			mux 654
				2065
				2066
				2067
			856
		mux 139
			877
			878
			879
			2418
		752
	1..5 14
		1..1 16
			4..5 26
				2..3 44
					0..3 62
						0..3 92
							mux 333
								1249
								1250
								1251
							811
							812
						mux 205
							1..3 248
								1066
								1067
								1068
							mux 353
								1298
								1299
								1300
							989
							2358
						mux 345
							mux 399
								mux 606
									mux 657
										2074
										2075
										2076
									1934
										2432
										2490 ?
									1935
								1407
									2417
								1408
							mux 620
								1971
								1972
								1973
							1279
					2..3 104
						1..2 154
							mux 527
								1723
								1724
								1725
							901
							902
						mux 339
							1263
							1264
							1265
						0..1 352
							mux 505
								1667
								1668
								1669
							1296
							1297
								2465 ?
						mux 357
							mux 515
								mux 535
									1743
									1744
									1745
								mux 600
									mux 619
										1968
										1969
										1970
									mux 708
										2222
										2223
										2224
										2396
									mux 749
										2343
										2344
										2345
								mux 613
									1954
									1955
									1956
									2423
								mux 678
									2135
									2136
									2137
							mux 683
								2150
								2151
								2152
							1307
						0..2 388
							1380
							1381
							1382
						mux 580
							1865
							1866
							1867
							2474
					1..2 440
						1504
						1505
							2445
						1506
					mux 628
						mux 727
							2277
							2278
							2279
						1993
						1994
				1..2 70
					mux 259
						mux 293
							1168
							1169
							1170
						2..2 342
							1270
							1271
							1272
						1091
					1..3 404
						1419
						1420
						1421
					790
				1..1 78
					1..2 200
						mux 249
							1069
							1070
							1071
						mux 397
							1401
								2401 ?
							1402
							1403
						mux 491
							1630
							1631
							1632
					0..2 218
						mux 349
							1287
							1288
							1289
						mux 715
							2242
							2243
							2244
						1009
					mux 235
						mux 253
							1077
							1078
							1079
						1034
							2400
						1035
				1..3 80
					1..3 106
						3..3 344
							1276
							1277
							1278
						mux 435
							1495
							1496
							1497
						827
					mux 173
						936
						937
						938
					mux 195
						0..3 426
							1472
							1473
							1474
						975
						976
				mux 85
					mux 624
						mux 650
							mux 670
								2111
								2112
								2113
								2492
							mux 721
								2260
								2261
								2262
									2431 ?
							2056
						1983
							2478 ?
						1984
					803
						2380
					804
						2412 ?
			mux 81
				1..3 144
					886
					887
					888
				1..1 244
					mux 687
						mux 712
							2233
							2234
							2235
						2161
						2162
					1057
					1058
				0..3 252
					0..2 310
						1203
						1204
						1205
					mux 365
						mux 477
							1593
							1594
							1595
						mux 514
							1691
							1692
							1693
						mux 577
							1856
							1857
							1858
					1076
			mux 504
				1664
				1665
				1666
		mux 53
			0..3 178
				1..3 242
					1052
					1053
					1054
				2..3 270
					mux 361
						mux 469
							mux 548
								1779
								1780
								1781
							mux 571
								mux 645
									2041
									2042
									2043
								1840
								1841
							1574
								2424 ?
						1315
						1316
					1114
					1115
				947
			782
			783
		mux 83
			1..1 132
				1..2 182
					mux 552
						mux 732
							2292
							2293
							2294
						1790
						1791
					954
					955
				864
				865
			0..3 176
				942
				943
				944
			4..4 282
				1141
				1142
				1143
				2428
		1..3 172
			mux 367
				1328
				1329
				1330
			934
			935
		mux 534
			1740
			1741
			1742
		mux 702
			2204
			2205
			2206
	mux 17
		0..1 58
			mux 179
				3..3 368
					1331
					1332
					1333
				mux 555
					1796
					1797
					1798
				948
				2363
			mux 557
				mux 664
					2093
					2094
					2095
				1802
				1803
			mux 713
				2236
				2237
				2238
		3..3 64
			0..2 134
				0..1 406
					1425
					1426
					1427
				0..3 480
					1600
					1601
					1602
				mux 526
					1720
					1721
					1722
			mux 377
				1354
				1355
				1356
			786
		mux 145
			mux 275
				1..3 348
					1284
					1285
					1286
				1128
				1129
			3..3 386
				1374
					2496
				1375
				1376
			889
		mux 369
			0..0 428
				mux 635
					2012
					2013
					2014
				1478
				1479
				2394
			1334
			1335
		mux 433
			mux 655
				2068
				2069
				2070
			1490
			1491
	mux 23
		2..2 94
			2..2 126
				mux 247
					mux 550
						mux 623
							1980
							1981
							1982
						1785
						1786
					1064
					1065
				854
				855
				2397
			0..3 162
				915
				916
				917
			mux 189
				964
				965
				966
					2489
			mux 271
				1116
				1117
				1118
			mux 711
				2230
				2231
				2232
				2421
			2369
		mux 225
			0..2 482
				1606
				1607
				1608
			mux 707
				2219
				2220
				2221
			1017
		mux 243
			mux 437
				mux 459
					1550
					1551
					1552
				1500
				1501
			1055
			1056
			2419
				2497
	2..3 68 ?
		2..2 74
			mux 261
				mux 591
					1896
					1897
					1898
				1095
				1096
			794
			795
		mux 87
			mux 263
				1098
				1099
				1100
			0..4 464
				mux 551
					1787
					1788
					1789
					2426
				1563
				1564
				2414
			806
		0..3 116
			837
			838
			839
		mux 121
			3..3 180
				949
				950
				951
			848
			849
		0..1 334
			mux 546
				1774
				1775
				1776
			mux 568
				mux 705
					2213
					2214
					2215
				1832
				1833
			1252
	mux 129 ?
		857
		858
		859
	2375 ?
config: 0