abstract 0
	mux 1 ?
		8..9 2
			2..4 4
				mux 15
					mux 17
						1..2 74
							mux 125
								0..3 340
									mux 695
										2179
										2180
										2181
									1261
									1262
								860
								861
							0..2 376
								mux 549
									1772
									1773
									1774
										2498
									2403
								1345
								1346
							798
						3..3 184
							944
							945
							946
						mux 237
							2..3 250
								1061
								1062
								1063
							1..1 568
								0..2 694
									2176
										2459
									2177
									2178
								1824
								1825
							1042
					mux 91
						mux 165
							2..2 188
								954
								955
								956
							1..1 652
								2055
								2056
								2057
							920
						mux 443
							mux 453
								1525
									2434
								1526
								1527
							1502
							1503
						821
					mux 133
						3..3 164
							3..3 614
								1947
									2475 ?
								1948
								1949
							918
							919
						mux 737
							2304
							2305
							2306
						873
							2451 ?
					mux 395
						1..3 558
							1..1 606
								1924
								1925
								1926
							1799
							1800
						1389
						1390
				3..3 30
					mux 53
						782
						783
						784
					1..1 54
						mux 131
							1..3 232
								1033
									2438
								1034
								1035
							869
							870
								2448
						1..1 190
							mux 591
								1882
								1883
								1884
							960
							961
						mux 221
							1011
							1012
							1013
							2363
					0..2 110
						mux 355
							1291
							1292
							1293
						843
						844
				mux 33
					0..5 60
						mux 63
							1..3 82
								mux 105
									1..2 500
										1648
										1649
										1650
									837
									838
								1..2 186
									2..2 362
										1310
										1311
										1312
									950
									951
								mux 209
									mux 397
										0..3 446
											1507
											1508
											1509
										1393
										1394
									989
									990
							mux 89
								mux 201
									3..3 218
										0..3 736
											2301
											2302
											2303
										1004
										1005
										2408
									0..1 388
										1373
										1374
										1375
									976
								3..3 248
									mux 267
										mux 269
											mux 285
												1140
												1141
												1142
											1108
											1109
										1103
										1104
									2..3 290
										2..2 312
											1194
											1195
											1196
										1151
										1152
									2..3 432
										1478
											2359
										1479
										1480
										2410
											2468 ?
									0..3 516
										mux 559
											0..2 582
												mux 667
													2096
													2097
													2098
												1860
													2447
												1861
											1801
											1802
										1688
										1689
								818
							1..2 152
								mux 161
									0..3 208
										mux 371
											mux 411
												1423
												1424
												1425
											1334
											1335
										987
										988
									mux 261
										1..2 640
											2021
											2022
											2023
											2482
										1090
										1091
									913
								mux 587
									mux 649
										2046
										2047
										2048
									1873
									1874
								897
							mux 343
								1267
								1268
								1269
						mux 147
							0..3 166
								921
								922
								923
							889
							890
								2366
								2417
								2470 ?
						mux 297
							1..3 604
								1918
								1919
								1920
							1165
								2401 ?
							1166
						3..3 618
							1957
							1958
							1959
						0..1 672
							2111
							2112
							2113
					765
					766
				0..2 86
					mux 87
						2..2 168
							mux 357
								1297
									2402 ?
								1298
								1299
							2..2 394
								1386
								1387
								1388
							mux 419
								0..3 664
									2087
									2088
									2089
								1447
								1448
								2354
						mux 641
							mux 653
								mux 747
									2334
									2335
									2336
									2419
								2058
								2059
							2024
							2025
						817
					mux 119
						mux 205
							mux 271
								1112
								1113
								1114
							981
							982
						mux 303
							mux 647
								2040
								2041
								2042
							1175
							1176
						mux 449
							1515
							1516
							1517
					mux 157
						905
						906
						907
					mux 203
						mux 391
							1381
							1382
							1383
						mux 399
							1397
							1398
							1399
						3..3 612
							1941
							1942
							1943
					3..3 716
						2242
						2243
						2244
				mux 213
					mux 423
						1457
						1458
						1459
					994
					995
			mux 7
				2..3 12
					0..5 42
						mux 177
							mux 217
								mux 235
									2..2 514
										1682
										1683
										1684
									1038
									1039
								0..4 256
									1076
									1077
									1078
									2484
								mux 675
									mux 703
										2203
										2204
										2205
									2120
									2121
							0..3 296
								0..3 484
									1604
									1605
										2373
									1606
								mux 651
									2052
									2053
										2358
									2054
								1164
							936
						mux 353
							2..2 560
								1803
								1804
								1805
							1287
							1288
						2..3 434
							2..3 578
								1848
								1849
								1850
							mux 725
								2268
								2269
								2270
							1484
						1..1 524
							1..1 528
								1714
								1715
								1716
							mux 575
								2..3 598
									1902
									1903
									1904
								1842
								1843
							1708
						mux 599
							1..1 600
								1907
								1908
								1909
								2407
							1905
							1906
								2422
					mux 109
						0..1 238
							mux 345
								1272
								1273
								1274
							1043
							1044
						0..3 536
							mux 733
								2292
								2293
								2294
							1738
							1739
						842
							2346
					0..1 182
						mux 413
							1429
							1430
							1431
						942
						943
					1..1 204
						0..3 540
							1749
							1750
							1751
						979
						980
				mux 49
					mux 143
						2..3 306
							1..2 496
								1636
								1637
								1638
							1181
							1182
						mux 379
							1350
							1351
							1352
						mux 403
							0..3 450
								0..3 476
									1583
									1584
										2348
									1585
								mux 539
									1746
									1747
									1748
								1518
							2..3 610
								1935
								1936
								1937
							1405
							2444
					3..4 512
						0..1 738
							2307
							2308
							2309
								2381 ?
						1677
						1678
						2350
					774
				751
			mux 19
				mux 23
					mux 29
						mux 287
							mux 521
								1..1 680
									2134
									2135
									2136
								1700
								1701
							mux 679
								2131
								2132
								2133
									2360
							1144
						761
						762
					3..3 46
						1..1 370
							1331
							1332
							1333
						771
						772
					2..3 58
						0..1 172
							0..3 460
								1546
								1547
								1548
							2..2 622
								1969
								1970
								1971
							932
						1..3 334
							1245
							1246
							1247
						0..1 530
							1720
								2453 ?
							1721
							1722
					1..2 62
						3..4 112
							mux 159
								2..2 718
									2248
									2249
									2250
								908
								909
							mux 167
								mux 435
									3..3 538
										1743
										1744
										1745
										2418
									1485
									1486
										2442 ?
								924
								925
							mux 169
								926
								927
								928
							2..2 486
								1609
								1610
								1611
						1..3 142
							2..3 148
								891
								892
								893
							0..1 174
								mux 639
									mux 731
										2286
										2287
										2288
									2019
									2020
								933
								934
							1..1 206
								0..3 216
									1..4 498
										1642
										1643
										1644
										2464
									1002
									1003
								983
								984
						mux 327
							mux 631
								1995
								1996
								1997
							1227
							1228
						1..2 464
							1553
							1554
							1555
					0..3 120
						2..3 330
							1234
							1235
								2385 ?
							1236
						3..3 364
							1316
							1317
							1318
						854
					mux 129
						866
						867
						868
					0..1 214
						996
						997
						998
					2..3 252
						1067
						1068
						1069
				1..2 40
					1..3 128
						863
						864
							2392
						865
					1..2 292
						0..3 316
							0..1 556
								1793
								1794
								1795
									2492 ?
							1204
							1205
						1156
						1157
					mux 473
						1575
						1576
						1577
					1..2 634
						2004
						2005
						2006
				mux 45
					0..2 84
						0..3 106
							mux 189
								957
								958
								959
								2494
							mux 281
								1..3 322
									1216
									1217
									1218
										2500
								1131
								1132
							0..0 480
								mux 701
									2197
									2198
									2199
								3..3 710
									2224
										2382
									2225
									2226
								1594
								2378
									2477
						mux 191
							962
							963
							964
						814
					mux 163
						mux 601
							1910
							1911
							1912
						916
						917
					mux 625
						1977
						1978
						1979
					2347
						2388 ?
				mux 71
					2..2 98
						1..3 266
							mux 535
								1735
								1736
								1737
							1101
							1102
						2..3 282
							1133
							1134
							1135
						mux 317
							1..3 522
								1702
								1703
									2424 ?
									2472
								1704
							1206
							1207
					mux 195
						mux 495
							1633
							1634
							1635
						mux 617
							mux 683
								2143
								2144
								2145
									2391
							1955
							1956
						966
							2469 ?
					0..2 392
						mux 429
							mux 529
								1717
									2463
								1718
								1719
							mux 611
								1938
								1939
								1940
							1472
						mux 437
							3..4 490
								1620
								1621
								1622
								2406
							1488
							1489
						1384
					1..3 414
						1432
						1433
						1434
					2..2 742
						2319
						2320
						2321
				0..1 100
					1..2 452
						1522
						1523
						1524
					830
					831
				mux 123
					1..3 130
						mux 225
							mux 307
								2..3 420
									1449
									1450
									1451
								1183
								1184
							1020
							1021
						mux 265
							mux 301
								1..1 544
									3..3 572
										1833
										1834
										1835
									1760
									1761
								mux 557
									1796
									1797
									1798
								3..3 668
									2099
									2100
									2101
								mux 705
									2209
									2210
									2211
							1099
							1100
						mux 375
							1342
							1343
							1344
						mux 525
							3..3 644
								0..2 712
									2230
									2231
									2232
								2032
								2033
							1709
							1710
					0..3 134
						mux 229
							2..2 418
								1444
								1445
								1446
							1027
							1028
						2..2 320
							1211
								2436
							1212
							1213
						874
					mux 247
						1..3 354
							mux 609
								mux 749
									2340
									2341
									2342
								1933
								1934
								2356
							1289
							1290
								2415
							2368
						0..1 384
							1..3 438
								mux 545
									1762
									1763
									1764
								1490
									2357
								1491
							1..3 592
								0..3 678
									2128
									2129
									2130
								1885
								1886
							1365
						mux 493
							1628
							1629
							1630
								2433
						mux 517
							2..3 638
								2016
								2017
								2018
							1690
							1691
					mux 515
						1685
						1686
						1687
				0..1 350
					0..3 404
						1406
						1407
						1408
					mux 455
						1531
						1532
						1533
							2428 ?
					1..3 690
						2164
						2165
						2166
							2427 ?
						2481
							2488
				mux 567
					1821
					1822
					1823
			mux 55
				mux 79
					mux 85
						mux 93
							1..2 298
								1..1 408
									1417
									1418
									1419
								1..1 706
									2212
									2213
									2214
								1167
							mux 401
								1400
								1401
								1402
							mux 577
								1845
								1846
								1847
						815
						816
					mux 359
						mux 465
							1556
								2426 ?
							1557
							1558
						1303
						1304
						2478
					807
				mux 175
					mux 409
						1..1 602
							1913
							1914
							1915
						1..1 724
							2265
							2266
							2267
						0..4 728
							2277
							2278
							2279
							2389
					2..3 588
						1875
						1876
						1877
					935
				1..1 284
					1137
					1138
					1139
				1..2 494
					1..2 740
						2313
						2314
						2315
					1631
					1632
			1..1 70
				0..1 114
					1..1 268
						1105
						1106
							2493
						1107
					mux 595
						1893
						1894
						1895
					845
				0..3 262
					1092
					1093
					1094
				796
			0..2 72
				2..3 108
					2..2 314
						1198
						1199
						1200
					840
					841
				mux 593
					1887
					1888
					1889
					2480
				797
			0..3 90
				0..1 382
					1359
					1360
					1361
				819
				820
			mux 115
				846
				847
					2437 ?
				848
			3..3 178
				2..3 748
					2337
						2351
					2338
					2339
				937
				938
		1..6 6
			mux 9
				0..4 10
					0..1 18
						1..3 34
							mux 35
								1..2 44
									0..3 144
										mux 153
											898
											899
											900
										mux 187
											0..3 750
												2343
												2344
												2345
											952
											953
										mux 457
											1537
											1538
											1539
									3..3 242
										1050
										1051
										1052
									1..1 254
										1072
										1073
											2371
										1074
									mux 263
										1..2 346
											0..1 520
												1697
												1698
												1699
											1275
											1276
										3..3 400
											mux 427
												1466
												1467
												1468
											0..1 682
												2140
												2141
												2142
											3..4 714
												2236
												2237
												2238
												2380
										1095
										2352
									mux 605
										1921
										1922
										1923
									1..3 608
										1930
										1931
										1932
											2491 ?
								0..2 56
									785
									786
									787
								mux 193
									mux 211
										mux 233
											2..2 264
												1096
												1097
												1098
													2396
											1036
												2457 ?
											1037
										mux 329
											2..2 734
												2295
												2296
												2297
											1232
											1233
										2..3 336
											1250
											1251
											1252
									mux 387
										1..2 502
											0..3 518
												1692
												1693
												1694
											1652
											1653
										1371
										1372
									mux 659
										2072
										2073
										2074
							mux 37
								mux 39
									2..3 52
										mux 141
											mux 183
												3..3 240
													1047
													1048
														2465 ?
													1049
														2487 ?
												mux 249
													mux 635
														2007
														2008
														2009
														2411
													1059
													1060
												mux 289
													1148
													1149
													1150
												1..1 426
													2..3 596
														1896
														1897
														1898
													3..3 722
														2260
														2261
														2262
													1465
												mux 551
													1778
													1779
													1780
												3..3 666
													2093
													2094
													2095
												2..2 708
													2218
													2219
													2220
														2376 ?
											mux 257
												3..3 272
													0..1 332
														0..1 472
															1..2 674
																2117
																2118
																2119
															1573
															1574
															2431
														1240
														1241
													0..3 526
														0..3 726
															2271
																2412 ?
															2272
															2273
														1711
														1712
													1115
												1079
												1080
											0..1 478
												1588
												1589
												1590
										mux 173
											mux 253
												3..3 378
													mux 445
														mux 741
															2316
															2317
																2479 ?
															2318
														1505
														1506
													1348
													1349
												1070
												1071
											1..1 386
												1368
												1369
													2446
												1370
											mux 425
												1462
												1463
												1464
										781
									mux 57
										mux 65
											mux 73
												0..1 78
													mux 103
														1..2 118
															mux 333
																1242
																1243
																1244
															852
															853
														1..1 150
															mux 351
																mux 469
																	mux 499
																		1645
																		1646
																		1647
																	1567
																	1568
																3..3 698
																	2188
																	2189
																	2190
																1283
															2..3 366
																1322
																1323
																1324
															3..3 368
																mux 585
																	1867
																	1868
																	1869
																2..3 632
																	1998
																	1999
																	2000
																1328
														833
													2..2 488
														1615
														1616
														1617
													806
												mux 137
													mux 227
														3..3 586
															1870
															1871
															1872
														1025
														1026
													878
													879
												mux 439
													1492
													1493
													1494
											mux 149
												894
												895
												896
											0..2 226
												1022
												1023
												1024
											1..3 348
												0..2 406
													1411
													1412
													1413
												1280
												1281
										mux 69
											1..1 180
												1..1 236
													0..3 246
														1056
														1057
														1058
													1040
													1041
												1..1 280
													1..1 286
														mux 483
															1601
															1602
															1603
														mux 589
															1..1 636
																2010
																2011
																2012
															1878
															1879
														1143
													2..3 686
														2152
														2153
														2154
													1130
												941
											2..2 504
												1..3 576
													mux 579
														1851
														1852
														1853
													mux 621
														1966
														1967
														1968
													1844
												1657
												1658
											1..2 532
												1726
												1727
												1728
											1..3 646
												2037
												2038
												2039
										0..1 122
											4..4 474
												1578
												1579
												1580
												2379
											856
											857
										mux 145
											mux 481
												1595
												1596
												1597
											885
											886
										2..3 220
											1008
											1009
											1010
										1..2 662
											2081
											2082
											2083
									1..4 68
										793
											2400 ?
											2471
										794
										795
										2473
									2..2 136
										mux 291
											1153
											1154
											1155
										876
											2425 ?
										877
									0..3 138
										2..2 192
											1..3 396
												1..4 594
													1890
													1891
													1892
													2372
												1391
												1392
											mux 637
												2013
													2413
												2014
												2015
											965
												2462 ?
										880
											2355
										881
											2483
									1..1 402
										0..2 448
											1512
											1513
											1514
											2486
										1403
										1404
								2..3 624
									1974
									1975
									1976
								767
							mux 41
								1..1 160
									910
									911
									912
										2490
								3..3 356
									1294
									1295
									1296
								768
							mux 59
								0..2 566
									1818
									1819
									1820
								mux 627
									1983
									1984
									1985
								788
								2489
							mux 135
								0..3 258
									1081
									1082
									1083
								2..3 326
									mux 383
										1362
										1363
										1364
									1225
									1226
								875
						mux 503
							1654
							1655
							1656
						755
					0..0 48
						mux 51
							778
							779
							780
						2..3 102
							mux 121
								mux 243
									0..1 276
										1..2 288
											1145
												2474
											1146
											1147
										3..3 628
											1986
											1987
											1988
										1121
									2..3 302
										mux 693
											2173
											2174
											2175
										1173
										1174
									0..2 658
										2069
										2070
										2071
								3..3 416
									1438
									1439
									1440
								855
									2467 ?
							mux 171
								mux 185
									947
									948
									949
								930
								931
									2443 ?
							832
						2..3 300
							1170
							1171
							1172
						mux 727
							2274
							2275
							2276
					mux 111
						1..4 126
							1..3 410
								1420
								1421
								1422
							mux 485
								mux 533
									1729
									1730
									1731
								1607
								1608
							0..2 688
								2158
								2159
								2160
							2476
						2..3 324
							1220
							1221
							1222
						mux 331
							1237
							1238
							1239
					mux 207
						mux 633
							2001
							2002
							2003
						985
						986
					2..3 374
						mux 393
							1..1 440
								1495
								1496
								1497
								2397
							1..1 510
								1673
								1674
								1675
							1385
						mux 479
							1591
							1592
							1593
						1341
				mux 11
					1..3 20
						1..1 50
							775
							776
							777
						1..3 88
							mux 179
								mux 663
									2084
									2085
									2086
								939
								940
							mux 447
								mux 451
									1519
									1520
										2449 ?
									1521
								1510
								1511
							3..3 482
								1598
								1599
								1600
								2466
							0..2 574
								1839
								1840
								1841
						756
					0..1 22
						0..3 28
							mux 31
								1..3 212
									1..1 462
										0..2 506
											3..3 642
												2026
												2027
												2028
											1662
											1663
										1549
										1550
									0..1 534
										1732
										1733
										1734
									993
								mux 365
									1319
									1320
									1321
								763
							mux 83
								2..2 96
									2..3 146
										mux 709
											2221
											2222
											2223
										887
										888
									1..1 304
										1..2 358
											1300
											1301
											1302
										mux 369
											2..3 570
												0..2 670
													2105
													2106
													2107
												1828
												1829
											1329
											1330
										1177
									mux 677
										2125
										2126
										2127
								812
								813
									2365
							760
						mux 43
							mux 81
								809
								810
								811
							769
							770
						0..1 278
							1125
							1126
							1127
						2..2 308
							1185
							1186
							1187
								2414
						mux 657
							mux 687
								2155
								2156
								2157
							2067
							2068
					0..3 76
						0..1 202
							1..3 428
								1469
								1470
								1471
							977
							978
						801
						802
					mux 151
						mux 463
							mux 467
								1561
								1562
								1563
							1551
							1552
						1..1 548
							1769
							1770
							1771
						mux 689
							2161
							2162
								2439 ?
							2163
								2374 ?
						0..3 732
							2289
							2290
							2291
				752
				2420
			0..1 16
				2..3 104
					834
					835
					836
				753
				754
			mux 95
				827
				828
				829
			mux 197
				968
				969
				970
			mux 309
				mux 349
					mux 381
						1356
							2485 ?
						1357
						1358
					mux 389
						1376
						1377
						1378
					1282
				mux 459
					1543
					1544
					1545
				1..2 620
					1963
					1964
						2421
					1965
						2394
				2362
			mux 581
				1857
				1858
				1859
		2..2 8
			mux 21
				mux 25
					mux 219
						mux 603
							mux 699
								2191
								2192
								2193
							1916
							1917
							2383
						1006
						1007
					1..1 224
						2..2 492
							1625
							1626
							1627
								2386 ?
						1018
						1019
					mux 313
						1..2 424
							mux 691
								2167
								2168
								2169
							1460
							1461
						mux 661
							2078
							2079
							2080
							2440
						1197
				mux 127
					2..3 234
						mux 367
							1325
							1326
							1327
							2456
						3..3 430
							1..3 442
								mux 505
									1659
									1660
									1661
								1500
								1501
							1473
							1474
						0..3 616
							0..1 704
								2206
								2207
								2208
							1953
							1954
					mux 531
						1723
							2409 ?
						1724
						1725
					862
					2455
				757
			mux 77
				803
				804
				805
					2370
			mux 283
				0..2 372
					1336
					1337
					1338
					2499
				mux 561
					mux 745
						2328
						2329
						2330
					1806
					1807
				1136
		2..3 26
			mux 61
				3..3 92
					mux 405
						mux 553
							1784
							1785
							1786
								2361 ?
						1409
						1410
					822
					823
				mux 155
					mux 255
						mux 299
							mux 415
								1435
								1436
								1437
								2416
							1168
							1169
						3..3 338
							1255
							1256
							1257
						1075
					mux 277
						1122
						1123
						1124
						2429
					903
				mux 199
					2..3 684
						2146
						2147
						2148
					971
					972
						2454 ?
			mux 245
				1053
				1054
				1055
					2432
				2495
			mux 407
				1414
				1415
				1416
		3..3 64
			mux 113
				0..2 194
					mux 377
						1..1 650
							2049
							2050
							2051
						mux 715
							2239
							2240
							2241
						1347
					mux 417
						1441
						1442
						1443
						2364
					mux 433
						1481
						1482
						1483
				0..4 198
					mux 361
						3..3 564
							1813
							1814
							1815
						1308
						1309
							2398
					0..3 436
						mux 475
							2..3 692
								2170
								2171
								2172
							1581
							1582
							2399
						mux 711
							2227
							2228
							2229
						1487
						2423
					3..3 584
						1864
						1865
						1866
					mux 615
						1950
						1951
						1952
				1..1 542
					mux 655
						0..1 720
							2254
							2255
							2256
						2062
						2063
					1755
					1756
				1..2 648
					2043
					2044
					2045
			789
			790
		0..3 80
			mux 215
				999
				1000
				1001
			mux 273
				1..3 274
					0..2 550
						1775
						1776
						1777
					mux 555
						1790
						1791
						1792
					1117
				mux 501
					mux 597
						1899
						1900
							2450 ?
						1901
					0..2 656
						2064
						2065
						2066
					1651
				1116
					2452 ?
			808
		1..2 154
			mux 223
				1015
				1016
				1017
			901
			902
		mux 665
			2090
			2091
			2092
	mux 3 ?
		0..3 38
			mux 67
				mux 75
					1..3 456
						1534
						1535
						1536
					799
					800
				mux 97
					0..2 200
						973
						974
						975
						2367
					mux 251
						1064
						1065
						1066
					mux 489
						mux 563
							1810
							1811
							1812
						1618
						1619
					mux 645
						2034
						2035
						2036
					mux 681
						2137
						2138
						2139
				2..3 116
					mux 239
						mux 319
							mux 487
								1612
								1613
								1614
									2404 ?
							1209
							1210
						1045
						1046
					mux 339
						1258
						1259
						1260
					849
					2349
				3..3 318
					mux 511
						0..1 660
							2075
							2076
							2077
						mux 719
							2251
							2252
							2253
						1676
					mux 537
						1740
						1741
						1742
					1208
			mux 337
				mux 547
					0..3 696
						2182
						2183
						2184
					1767
					1768
				1253
				1254
			mux 523
				1705
				1706
				1707
		3..3 66
			1..1 158
				0..2 162
					1..3 390
						2..2 458
							1540
							1541
							1542
						1379
						1380
					914
					915
				1..2 468
					1564
					1565
					1566
				mux 471
					1570
					1571
					1572
				mux 707
					2215
						2445 ?
					2216
					2217
			791
			792
		1..3 124
			1..2 466
				1..3 630
					1992
					1993
					1994
				1559
				1560
			858
			859
	mux 5 ?
		mux 13
			mux 107
				mux 117
					mux 513
						1679
						1680
							2435 ?
						1681
					850
					851
				1..2 270
					mux 275
						1118
						1119
						1120
					1110
					1111
				839
				2369
			0..3 230
				1029
				1030
					2390 ?
				1031
			mux 373
				mux 729
					2280
					2281
					2282
				1339
				1340
		3..3 24
			mux 99
				3..3 132
					mux 241
						mux 519
							mux 541
								1752
								1753
								1754
							1695
							1696
						1..3 580
							1854
							1855
							1856
						2..2 654
							mux 713
								2233
								2234
								2235
									2384
									2430
							2060
							2061
					871
					872
				1..3 196
					0..2 344
						2..2 412
							1426
							1427
							1428
						1270
						1271
					3..3 470
						mux 491
							0..2 508
								1667
								1668
								1669
							1623
							1624
						mux 623
							1..3 626
								1980
								1981
								1982
							1972
								2387 ?
							1973
						1569
					967
						2458
				2..2 222
					mux 363
						1313
						1314
						1315
					mux 569
						mux 723
							mux 735
								2298
								2299
								2300
							2263
							2264
						1826
						1827
					1014
				mux 509
					1670
					1671
					1672
						2353
						2377 ?
			mux 335
				mux 565
					mux 571
						1830
						1831
						1832
					1816
					1817
				1248
				1249
			758
		mux 27
			3..3 94
				824
				825
				826
			0..3 352
				1284
					2405
						2460
				1285
				1286
			759
		1..4 36
			mux 181
				mux 279
					mux 697
						2185
						2186
							2395 ?
						2187
					1128
					1129
				mux 295
					3..3 590
						mux 607
							1927
							1928
							1929
						1880
						1881
					mux 739
						2310
						2311
						2312
					1163
				mux 685
					2149
					2150
					2151
			1..1 328
				1229
				1230
				1231
			0..2 380
				1353
				1354
				1355
			mux 629
				1989
				1990
				1991
		mux 139
			1..2 156
				3..3 176
					0..1 310
						1188
						1189
						1190
					mux 321
						1..3 398
							mux 441
								0..1 546
									mux 673
										2114
										2115
										2116
									1765
									1766
								1498
								1499
							1395
							1396
						1214
						1215
							2461 ?
					0..2 360
						1305
						1306
						1307
				mux 259
					1084
					1085
					1086
				904
			882
			883
		3..3 170
			mux 341
				2..3 702
					2200
					2201
					2202
				1263
				1264
			0..4 422
				2..2 562
					0..4 676
						2122
						2123
						2124
						2496
					1808
					1809
				1455
				1456
				2393
			929
		mux 293
			1158
			1159
			1160
		0..2 444
			mux 573
				1836
				1837
				1838
			mux 643
				2029
				2030
				2031
			1504
	3..3 14
		3..3 32
			mux 315
				1201
				1202
				1203
			1..1 454
				1528
				1529
				1530
			764
		0..3 210
			0..3 244
				mux 421
					1452
					1453
					1454
				1..2 554
					1787
					1788
					1789
				0..2 746
					2331
					2332
					2333
			991
			992
		mux 231
			mux 305
				1178
				1179
				1180
			mux 717
				2245
				2246
				2247
			1032
		0..3 552
			1781
			1782
				2375
			1783
	mux 47 ?
		mux 101
			0..2 228
				0..2 294
					mux 347
						1277
						1278
						1279
					1161
					1162
					2441
				mux 323
					1..1 342
						mux 477
							mux 669
								2102
								2103
								2104
								2497
							1586
							1587
						1265
						1266
					mux 385
						mux 497
							1639
							1640
							1641
						1366
						1367
					1219
				mux 325
					mux 507
						1664
						1665
						1666
					1223
					1224
			mux 311
				1191
				1192
				1193
			mux 431
				1475
				1476
				1477
			mux 461
				mux 583
					0..3 744
						2325
						2326
						2327
					1862
					1863
				mux 613
					1944
					1945
					1946
				0..3 730
					2283
					2284
					2285
			mux 543
				1757
				1758
				1759
			mux 671
				2108
				2109
				2110
		1..3 260
			1087
			1088
			1089
		773
	0..1 140 ?
		mux 527
			mux 619
				1960
				1961
				1962
			1..3 700
				2194
				2195
				2196
			1713
		mux 721
			2257
			2258
			2259
		884
	mux 743
		2322
		2323
		2324
config: 0