abstract 0
	3..11 1 ?
		13..18 26
			19..20 70
				1458
				1459
					2469 ?
				1460
					1962
				1461
				1462
				1463
				1464
					2359 ?
				1465
					2369
				1466
					2268
				1467
				1468
				1469
					1803 ?
				1470
				1471
					1694 ?
						1950 ?
							2249 ?
				1472
					2478
				1473
				1474
					1947
				1475
				1476
					1982
				1477
					1614 ?
				1478
			554
				1813
			555
			556
				2087 ?
			557
				2444
			558
				1786 ?
			559
			560
			561
			562
				1801 ?
					2270
						2346
				1974
			563
			564
			565
				2193 ?
			566
			567
			568
			569
			570
				1812 ?
				1984
			571
				2074 ?
					2198 ?
						2219 ?
			572
			573
		1..14 50
			2..10 57
				1185
				1186
				1187
				1188
				1189
				1190
				1191
					1716
				1192
					1729 ?
					1953 ?
				1193
					2127
				1194
				1195
				1196
					1602
						1857
					1840 ?
						2238
				1197
					1781
					1852
				1198
				1199
					1762
				1200
				1201
				1202
				1203
					1817
				1204
					1746 ?
				1205
			1042
				1616 ?
				1886
				2133 ?
			1043
			1044
				1747
			1045
				1742
					1825 ?
						2272 ?
					2009 ?
			1046
				2352
			1047
			1048
				2267 ?
			1049
			1050
			1051
			1052
			1053
			1054
			1055
			1056
			1057
				1587 ?
					1841 ?
						1858 ?
					1964
			1058
				1776 ?
					1949 ?
						2333
				2381 ?
			1059
				1904
			1060
				2081
			1061
				1710 ?
					1711 ?
					2334
			2233
		76
			1993
				2010 ?
		77
		78
		79
		80
		81
		82
		83
			1751
			1772
		84
		85
		86
		87
		88
		89
		90
		91
		92
		93
			1790
				1804 ?
					2057 ?
					2318
			1986 ?
		94
		2309
	19..21 2
		22..22 3
			5..22 13
				3..17 27
					6..15 48
						1000
						1001
						1002
							1735 ?
						1003
						1004
						1005
						1006
						1007
						1008
						1009
						1010
						1011
						1012
							2429 ?
						1013
							1765
						1014
							2001
						1015
						1016
						1017
						1018
						1019
						1020
						1819
							2034
							2390 ?
					574
						1891 ?
					575
					576
						2094 ?
					577
						2161 ?
					578
					579
						1679 ?
					580
						1726 ?
					581
						1973 ?
							2301
						2251 ?
					582
						2045 ?
					583
						1828
					584
						1624
						2017 ?
							2063 ?
							2408
					585
						1856
					586
					587
					588
					589
					590
					591
					592
					593
					2412
				298
					2442
				299
				300
				301
				302
					1740 ?
				303
				304
				305
				306
				307
				308
				309
				310
				311
				312
				313
				314
				315
					1961 ?
						2016 ?
				316
					1629 ?
				317
				2224
			8..22 28
				1..13 41
					855
						2037 ?
							2151
					856
						2077
							2083
								2439 ?
									2448 ?
						2426
					857
						1588 ?
					858
					859
					860
						2075
					861
					862
					863
					864
						2377 ?
					865
						1881 ?
					866
					867
					868
					869
						1671 ?
						1850
					870
					871
					872
					873
						1774
					874
					875
						1995
					2215
				594
					2493
				595
					1649
					2195
				596
					1809
				597
					1645 ?
				598
				599
				600
				601
					1979 ?
				602
				603
				604
				605
					1695
					2136
				606
				607
				608
				609
				610
				611
				612
				613
				1691
			111
			112
			113
			114
			115
			116
				2039
			117
			118
			119
			120
				1705 ?
			121
				2385 ?
			122
				1853
			123
			124
				1944 ?
			125
			126
			127
			128
			129
				1630 ?
					2222
			1650
			1651
				1780 ?
			1988
		0..14 6
			1..13 7
				8..15 49
					1021
					1022
					1023
					1024
					1025
					1026
					1027
						2147 ?
						2156 ?
					1028
					1029
					1030
					1031
					1032
					1033
					1034
						2152
					1035
						2280 ?
					1036
					1037
					1038
					1039
					1040
					1041
				1..2 52
					1083
					1084
					1085
					1086
					1087
						1664 ?
					1088
					1089
					1090
						2197
					1091
					1092
						1793
					1093
						1641 ?
					1094
					1095
					1096
					1097
						1633 ?
							2330
								2405
						1808
							2023 ?
								2175 ?
						2341 ?
					1098
					1099
					1100
						1759 ?
							2499
						1931
					1101
						1775
					1102
					1103
				184
				185
				186
					1684 ?
				187
					2395 ?
				188
				189
				190
				191
					2399
				192
					2241 ?
						2383 ?
							2483
				193
				194
				195
				196
				197
				198
				199
				200
				201
				202
			2..7 8
				15..20 20
					7..21 29
						7..9 66
							1374
								2038 ?
							1375
							1376
								1936
									2122
							1377
							1378
								1699 ?
							1379
								1763 ?
								2314
							1380
								2229
							1381
							1382
								1795 ?
							1383
							1384
							1385
								1647
							1386
							1387
							1388
							1389
							1390
							1391
							1392
							1393
								2266
							1394
						614
						615
						616
						617
						618
							2225 ?
						619
						620
						621
						622
						623
						624
							2459 ?
						625
						626
						627
						628
						629
						630
						631
							1906
						632
							2375
								2417 ?
						633
							2121 ?
						2154
					19..19 34
						713
						714
						715
						716
							2061
						717
							2026
						718
							2450
						719
							1659 ?
						720
						721
							1996 ?
								2068
									2475
						722
						723
							1854
								2131
									2378 ?
									2398
							1865 ?
						724
						725
						726
						727
						728
							1952
						729
						730
						731
						732
						733
					432
					433
					434
					435
					436
						2396 ?
					437
						1796 ?
							1943
					438
						1784
					439
						1889 ?
							2171 ?
						1920
					440
						1661 ?
							2093 ?
					441
						2211 ?
					442
						2090
					443
					444
					445
					446
						1913
					447
					448
					449
					450
						1822 ?
						2465
					2230
				1..6 43
					897
						2403
					898
					899
					900
					901
						1868 ?
							2049
						2327
					902
					903
					904
					905
						1942 ?
					906
					907
					908
						1846
						2336
					909
						1851
					910
					911
					912
					913
						1966 ?
					914
					915
						2372 ?
					916
					917
					2078
						2338
				9..18 54
					1124
					1125
					1126
					1127
					1128
						1653 ?
						1724
					1129
						2389 ?
					1130
					1131
					1132
						2335
					1133
					1134
						1631
					1135
					1136
						1668 ?
					1137
					1138
						2004 ?
					1139
					1140
						1619 ?
							1981
								2153 ?
					1141
					1142
					1143
					1144
				203
				204
				205
				206
				207
					1992 ?
						2056
				208
				209
					2117
				210
				211
				212
				213
					2054
				214
				215
				216
				217
					2402
				218
					1597 ?
					2162 ?
						2196 ?
				219
					1700 ?
				220
			2..15 9
				0..4 10
					239
					240
					241
					242
					243
					244
						1701 ?
						1855
							2362
					245
					246
						2321
					247
					248
					249
					250
					251
					252
					253
					254
						2012
					255
						2440
					256
					257
					258
					259
						1911
					2142
				22..22 39
					19..20 46
						960
						961
						962
						963
						964
						965
							2058 ?
						966
						967
						968
							1875
								2088 ?
						969
						970
						971
						972
							1916 ?
						973
						974
							1585 ?
							1715 ?
						975
							1928
						976
							2028
						977
						978
							1958 ?
						979
							2443 ?
						980
					816
						2498 ?
					817
						1669 ?
						2310
					818
					819
						1983 ?
					820
						2160
					821
						1752 ?
					822
					823
					824
					825
					826
					827
						2257
							2394
								2454
					828
						2290
					829
					830
					831
						1685 ?
					832
					833
						2030
							2218
								2227
					834
						2347
					835
					1708
						1937
					2463
				3..11 44
					918
						2189
					919
						1998
					920
						2240
					921
					922
						2401
					923
						2163 ?
					924
						2460
					925
						1643 ?
					926
						2242
					927
					928
					929
					930
						1753
					931
					932
					933
						1738
							2082
					934
					935
						1706
							1725
								1820
								2073 ?
									2367 ?
							2343 ?
					936
					937
					938
						2065
					2458
				221
				222
					1859
				223
				224
					1912
				225
				226
					1834 ?
				227
				228
				229
					1900 ?
						2125
				230
				231
				232
					2103
				233
					1967 ?
						2043
				234
					1663 ?
					2192 ?
				235
				236
				237
				238
			12..12 24
				513
				514
				515
					1789
				516
					2214
				517
					1599 ?
					2306
				518
				519
				520
					2422
				521
					2048 ?
				522
					1798 ?
				523
				524
				525
				526
				527
					1842
						2120 ?
				528
				529
					2044
				530
					1848
						2247
				531
				532
				533
			1..6 30
				11..13 61
					1269
						2437
					1270
					1271
					1272
						1957 ?
					1273
					1274
						1739
							1867
							1905 ?
								2124 ?
							2365 ?
						2358
					1275
						1673
					1276
						2364 ?
					1277
					1278
					1279
						2278 ?
					1280
						2176
					1281
					1282
					1283
					1284
					1285
						2062
					1286
					1287
					1288
						1791
							2111
						1797
					1289
						1750 ?
				3..22 64
					1332
						1757 ?
					1333
						2145
					1334
					1335
						2262 ?
					1336
						1611 ?
							1910 ?
						1933 ?
					1337
					1338
						1598 ?
					1339
						2331 ?
					1340
					1341
					1342
						2307 ?
					1343
					1344
					1345
					1346
						2020
					1347
					1348
					1349
						2368 ?
					1350
						1874
					1351
					1352
					1637
				10..19 68
					1416
						2067 ?
					1417
						2183
							2496 ?
					1418
						1744
							2150
					1419
						1918 ?
					1420
					1421
					1422
					1423
					1424
					1425
					1426
					1427
					1428
					1429
					1430
					1431
					1432
					1433
						1743
					1434
						1681
							2497
						2114
					1435
						2373 ?
					1436
						1971 ?
				634
					1914
				635
				636
				637
				638
				639
				640
				641
				642
				643
					2178 ?
				644
					1930
				645
				646
				647
					2479 ?
				648
				649
				650
					2323 ?
				651
					1692 ?
						2432
				2451
			7..17 38
				795
				796
					2031
				797
					1833
						2108 ?
				798
				799
				800
				801
				802
				803
				804
				805
				806
					1991 ?
				807
				808
				809
				810
				811
					2105 ?
				812
				813
					1897 ?
						2254 ?
				814
					1728 ?
						1864 ?
				815
					2190
			169
			170
				1713 ?
					1985
				2413
			171
				1830 ?
			172
			173
			174
			175
			176
				1727 ?
			177
				1718 ?
					1880
			178
			179
			180
			181
				1887 ?
					2080
			182
				2256 ?
			183
		8..8 11
			18..20 12
				8..18 16
					5..6 22
						14..15 58
							1206
							1207
							1208
								2035 ?
							1209
								1714
								2435
							1210
							1211
							1212
							1213
							1214
							1215
								2379 ?
							1216
							1217
							1218
								2134 ?
							1219
							1220
							1221
							1222
							1223
							1224
							1225
								2146
							1226
								1607 ?
						472
							1919
						473
						474
						475
						476
						477
						478
						479
						480
						481
						482
						483
							2258 ?
						484
							2356 ?
						485
						486
						487
							1935 ?
						488
						489
							1783 ?
						490
						491
					355
					356
						1824
					357
					358
					359
					360
					361
					362
					363
					364
						2018
					365
						1730 ?
							1946 ?
								2207 ?
								2216 ?
						1818
						1896 ?
					366
						2053
					367
						1709 ?
					368
						1779 ?
							2284 ?
						2089 ?
					369
						2328 ?
					370
					371
						2489 ?
					372
					373
						2342
						2374
					374
						1737
							2109
				11..20 17
					8..11 56
						0..8 75
							1563
								2275 ?
							1564
							1565
								2354 ?
							1566
							1567
							1568
								2200
							1569
								1960
							1570
							1571
							1572
								1589 ?
							1573
							1574
							1575
								1980 ?
									2264 ?
							1576
								2007
							1577
							1578
							1579
							1580
								2047 ?
							1581
							1582
							1583
								1592
								1932 ?
							1609
						1165
						1166
							2484
						1167
							2084
						1168
						1169
						1170
							1672
								2292
						1171
						1172
							2326
						1173
						1174
						1175
						1176
						1177
							1601 ?
						1178
						1179
						1180
						1181
						1182
						1183
							2357 ?
						1184
					20..22 62
						1290
							1898
								2050
								2100
									2384
										2492
						1291
							1888
						1292
							1693 ?
						1293
						1294
							1941
						1295
						1296
							2033 ?
						1297
							2313
						1298
						1299
						1300
						1301
						1302
						1303
							1646
						1304
							2236
						1305
						1306
							2091
						1307
						1308
							1989
								2186
						1309
						1310
						2320
						2322
					375
					376
					377
					378
					379
					380
						1639 ?
							1778 ?
								2041 ?
								2243
								2380 ?
					381
					382
					383
					384
					385
					386
					387
						1860 ?
							1975 ?
								2126 ?
								2182
							2239
					388
					389
					390
					391
						1745 ?
							1884 ?
						1999 ?
					392
						2319
					393
						2032
					1782
				0..9 19
					14..18 53
						14..19 59
							1227
							1228
							1229
							1230
							1231
							1232
							1233
								1627 ?
								1816
							1234
								1638 ?
							1235
							1236
							1237
							1238
							1239
								2036 ?
							1240
								2187
							1241
							1242
								2371
							1243
								2019
							1244
							1245
							1246
							1247
							2425
						1104
							1821
						1105
						1106
						1107
							2052
								2255
							2480
						1108
						1109
							2220 ?
							2339
						1110
							2107 ?
						1111
							1849 ?
						1112
						1113
						1114
							1640
								2174 ?
									2217 ?
						1115
						1116
						1117
						1118
							1831
						1119
							1823
							2360
							2376 ?
						1120
						1121
							1687 ?
							2005 ?
						1122
							1755 ?
						1123
							2002 ?
					6..20 65
						1353
							1586
						1354
						1355
						1356
							1907
						1357
							2172
								2206 ?
								2286 ?
							2491 ?
						1358
						1359
						1360
						1361
						1362
						1363
							2006
								2476
							2237
						1364
						1365
						1366
						1367
						1368
						1369
							2260
								2494
						1370
							2441 ?
						1371
							2097 ?
							2139
						1372
							1879
						1373
							2447
							2488 ?
					413
						1605
						2446
					414
						1902 ?
						2329 ?
					415
					416
					417
						1764 ?
					418
					419
					420
					421
					422
						1600
					423
						2269 ?
					424
					425
					426
						2118 ?
							2456
					427
					428
					429
					430
						1978
						2040
							2302 ?
					431
				280
					1603 ?
				281
					1676
					1719
				282
					1882
				283
				284
					1777
				285
				286
				287
					2348 ?
						2467
				288
					2370 ?
				289
					1926
				290
				291
				292
				293
				294
				295
				296
				297
					2209 ?
				2128
			260
			261
			262
				1885 ?
			263
			264
			265
			266
			267
			268
			269
				1613 ?
					1686 ?
					2455
			270
			271
			272
			273
			274
			275
			276
			277
				2170
			278
			279
		6..9 15
			2..15 32
				9..22 40
					4..9 55
						5..10 71
							1479
							1480
							1481
							1482
								1689
									1748 ?
									2471 ?
							1483
								1593
									2159 ?
								2055
							1484
								2281 ?
							1485
							1486
								1654
							1487
								1665 ?
									2060 ?
							1488
							1489
							1490
							1491
								2166 ?
							1492
							1493
							1494
								1703
									1769
							1495
								1969 ?
							1496
							1497
							1498
							1499
						1145
							1861
						1146
							1806 ?
						1147
							2042 ?
						1148
						1149
							1732 ?
						1150
						1151
							1723 ?
						1152
						1153
						1154
							1584
						1155
							1922 ?
						1156
						1157
						1158
						1159
						1160
						1161
							2252 ?
						1162
						1163
						1164
					1..20 69
						1437
						1438
							2349 ?
						1439
						1440
						1441
						1442
						1443
						1444
							2086
								2416
							2423
						1445
							2180
						1446
						1447
							1761
							1940 ?
						1448
							1866 ?
							2276
						1449
						1450
						1451
						1452
						1453
							2291 ?
						1454
						1455
						1456
							1877
						1457
					836
						1697
							1704
								2025
								2445
						1925 ?
							2113 ?
							2155
						2165 ?
					837
						1873
					838
					839
						1721 ?
					840
					841
						2167
						2282 ?
					842
						1934 ?
					843
					844
					845
						1741 ?
					846
						2013
					847
						1608 ?
					848
					849
						2500
					850
						2305 ?
					851
						1876 ?
						2481
					852
						2404 ?
					853
						2205 ?
					854
					1948
				672
				673
					2014
				674
				675
					1604
				676
				677
				678
				679
					2244 ?
				680
					1626
					1968 ?
						2308
				681
				682
					1591 ?
					2123
				683
					2099 ?
					2102 ?
					2202 ?
				684
				685
				686
					1632 ?
				687
				688
				689
				690
					2340
						2477 ?
				691
			2..16 67
				1395
					2138
				1396
					2279 ?
				1397
				1398
					1802 ?
					2421 ?
				1399
				1400
				1401
				1402
				1403
				1404
					1628 ?
				1405
					1690
				1406
					1644
				1407
				1408
				1409
				1410
				1411
				1412
					1799 ?
						1814 ?
							2351 ?
						2234 ?
				1413
					1736 ?
						1997
				1414
				1415
				2436
			336
				2021 ?
				2092 ?
			337
			338
			339
			340
			341
			342
			343
			344
			345
			346
				1731 ?
			347
				2144
					2462
			348
				2022 ?
					2430 ?
			349
				1717 ?
				1977
					2274 ?
			350
			351
			352
				2098
					2473 ?
			353
			354
				1951
			1622
			2226
				2248
		1..18 18
			10..10 47
				0..3 51
					1062
						1733 ?
					1063
					1064
						1698 ?
					1065
					1066
					1067
					1068
						2072
					1069
					1070
					1071
						2253 ?
					1072
						2457
					1073
					1074
					1075
						1892
					1076
					1077
					1078
					1079
						1836 ?
							1929
							2485
					1080
						2185 ?
							2414
					1081
						1970 ?
						2449 ?
					1082
						1657 ?
							1787 ?
								1863
								2008 ?
									2148
						2015 ?
				5..21 73
					1521
					1522
						1678
					1523
						2474 ?
					1524
					1525
						2024
						2232
					1526
						2011
					1527
						2000
					1528
					1529
					1530
					1531
						2208 ?
							2303 ?
					1532
						2149
						2210
					1533
					1534
					1535
					1536
					1537
					1538
						1606 ?
							1924
					1539
						1760 ?
						2482 ?
					1540
					1541
				981
				982
					2299 ?
				983
				984
				985
					2277 ?
				986
				987
				988
					2194 ?
				989
				990
					1771
					1827
						1945
						1994 ?
				991
					2392 ?
				992
					2470
				993
				994
				995
				996
				997
				998
				999
			7..16 74
				1542
				1543
				1544
				1545
					2059 ?
				1546
				1547
					1625 ?
				1548
				1549
					2287
						2332 ?
				1550
				1551
					1618 ?
				1552
				1553
				1554
					1844 ?
				1555
				1556
				1557
					2158 ?
				1558
				1559
					1895 ?
				1560
					1656 ?
				1561
				1562
			394
			395
			396
			397
				2135 ?
					2213
			398
			399
				1837 ?
					2261
			400
			401
			402
			403
			404
				2418 ?
			405
				2361
				2391
			406
			407
			408
				1815 ?
					2076 ?
			409
			410
			411
				1658 ?
			412
		95
		96
		97
			1590 ?
				1963
					2064 ?
					2204 ?
		98
		99
			2288
		100
			2304 ?
		101
		102
		103
		104
		105
			2386
		106
		107
			1666 ?
				2168 ?
		108
			1677 ?
		109
			2046
		110
		1972
		2141
	3..4 4
		14..20 36
			0..8 60
				1248
					2411 ?
				1249
				1250
					1734 ?
				1251
					1623 ?
						1770
					2487 ?
				1252
				1253
				1254
					1696
				1255
				1256
				1257
				1258
				1259
					1915 ?
				1260
				1261
				1262
				1263
				1264
					2486 ?
				1265
				1266
				1267
				1268
				2110
					2112
			755
			756
			757
				1648 ?
				1788 ?
				2069
					2201
			758
				1635 ?
					2051
			759
			760
			761
				1610
			762
				1954 ?
			763
				2420
			764
			765
			766
			767
				1956
			768
				2428 ?
			769
			770
			771
				1832 ?
			772
			773
				2003
			774
			2295
		5..12 37
			2..6 42
				876
				877
				878
				879
					2106 ?
				880
					1938 ?
						2353
					2250 ?
				881
					2164 ?
					2410 ?
				882
				883
				884
					1811
						1955
							2101
								2298 ?
				885
				886
				887
				888
				889
				890
					1800 ?
				891
				892
					2246 ?
				893
					1894
				894
				895
				896
					1939 ?
			775
			776
				2199
			777
				2311
			778
				2316 ?
			779
			780
			781
			782
				1773
					1878 ?
			783
				2104
			784
				1883
				2382
			785
			786
			787
				1749 ?
					2344 ?
			788
				2415 ?
			789
			790
			791
			792
			793
				2296 ?
			794
				1768
					2096
		130
		131
		132
		133
		134
			1810 ?
		135
			2366
		136
		137
			1660 ?
				1756
					2453
		138
			1758 ?
		139
			1596 ?
		140
			2203
		141
		142
			1785 ?
		143
		144
		145
		146
		147
		148
			2235 ?
			2324 ?
	4..15 5 ?
		18..20 35
			734
				2293 ?
			735
				2119 ?
			736
			737
			738
			739
				2315
			740
			741
				2066
				2181 ?
			742
				1927 ?
			743
				1707
			744
			745
			746
			747
				1987 ?
			748
			749
				2137
				2472
			750
			751
			752
				2312 ?
			753
			754
			1862
				2495 ?
		149
		150
		151
		152
			1843
		153
		154
		155
		156
		157
		158
		159
			1620
		160
		161
		162
		163
			2438
		164
		165
			2095 ?
		166
		167
		168
	2..19 14
		9..23 25
			4..18 45
				939
					1826 ?
						2466
					2173 ?
				940
					2355 ?
				941
					2079
				942
				943
				944
				945
					2407 ?
				946
				947
					1893
				948
					1959
				949
					2350
					2461 ?
				950
				951
					2231 ?
					2419
				952
					1670 ?
						2115 ?
						2271 ?
				953
					2431
				954
				955
				956
				957
				958
				959
					1921 ?
			534
				1901
					1908
				2273 ?
			535
			536
			537
			538
			539
			540
				1722
			541
			542
			543
			544
			545
				2157
			546
			547
			548
			549
				1767 ?
					1976
			550
			551
			552
			553
			1675
				1869
			1838
				2337 ?
		3..21 33
			692
			693
			694
				1923
					2325 ?
			695
				2070
			696
				1595
					1794
			697
			698
			699
			700
			701
			702
				2452
			703
				1702 ?
			704
			705
			706
			707
			708
				1612
				1909 ?
			709
			710
			711
			712
			2143
		3..8 63
			1311
				2029 ?
				2140 ?
			1312
			1313
			1314
			1315
				1835
			1316
				1903 ?
			1317
				1712
			1318
				1870 ?
				2116 ?
			1319
			1320
				1636 ?
				1683
					2409 ?
				2212
			1321
			1322
			1323
			1324
				2130 ?
				2387
			1325
			1326
			1327
			1328
				2129 ?
			1329
				1667
			1330
				1688
			1331
				1674
				2427
		318
		319
			2285 ?
		320
		321
			1642
		322
			1634
			2490 ?
		323
		324
		325
		326
			2259
		327
			2228
			2300 ?
		328
		329
		330
		331
		332
		333
			1839 ?
			2191 ?
		334
		335
		1754
		2177
		2363
	16..19 21 ?
		451
		452
			1847 ?
			2245
		453
			2179 ?
				2188
				2433
		454
		455
		456
		457
		458
			1766
				1872
				2345
		459
		460
		461
			1829
		462
		463
		464
			2223 ?
		465
			1792 ?
				1807 ?
				1899 ?
			2464 ?
		466
		467
		468
		469
		470
		471
			2434
		2265
	12..19 23
		492
		493
			2071
		494
		495
		496
		497
		498
		499
		500
			1871 ?
				2406
		501
		502
			1682
				2294
			2184 ?
			2397
		503
			2169
		504
			2263
		505
		506
			1720
				1890
				1917
				2289
		507
			1621
				2221 ?
		508
			2400
		509
		510
		511
			1845
			2283
		512
	12..18 31 ?
		19..20 72
			1500
			1501
			1502
				1805
			1503
			1504
				1990 ?
			1505
			1506
			1507
			1508
			1509
			1510
			1511
			1512
				1615 ?
					1617 ?
			1513
				1965
					2027 ?
			1514
			1515
				2393
			1516
			1517
				1662 ?
				2132 ?
			1518
			1519
			1520
		652
		653
			2297 ?
		654
		655
			1594
				1652
		656
		657
		658
		659
		660
		661
		662
		663
		664
			1655 ?
				1680
			2468 ?
		665
			2388 ?
		666
			2085
			2317 ?
		667
		668
		669
		670
			2424 ?
		671
config: 0