abstract 0
	xor 1
		mux 3
			1..2 4
				or 6
					mux 51
						0..2 356
							4..4 468
								1469
								1470
								1471
								1767
							1159
							1160
								1575 ?
						mux 391
							1251
							1252
							1253
							2318
						529
					1..1 72
						555
							1970 ?
								2249
						556
						557
						1717
							1750 ?
					or 262
						1..4 340
							1117
							1118
								2000 ?
							1119
								1796 ?
									1867 ?
							1971
						930
							1654
						931
					0..4 296
						1010
						1011
							1853 ?
								1902
						1012
						2387
				3..3 8
					mux 11
						504
						505
							1605 ?
							2231
						506
					or 58
						0..2 148
							0..0 192
								mux 303
									1026
									1027
										2474
									1028
								767
								768
									2322 ?
								1653
							677
							678
						xor 197
							or 434
								1369
								1370
								1371
									1839
										2300
									1960
							778
							779
							2305
						539
						2066
					or 206
						799
						800
						801
							1719
								2147 ?
									2179
										2431 ?
									2424
										2464
								2151 ?
									2351 ?
								2405 ?
				xor 9
					8..8 12
						or 14
							0..1 32
								xor 101
									mux 439
										1383
											2311 ?
											2389 ?
										1384
											1691 ?
										1385
											1965 ?
											2194
										1737
									598
										2237
									599
								521
									1736
									2148
										2425 ?
								522
							507
							508
								1762
									1955
						xor 17
							or 18
								xor 21
									mux 23
										xor 33
											or 34
												xor 73
													or 202
														789
														790
														791
													558
													559
												523
												524
													1609
													1741
												1648
											or 46
												0..1 96
													xor 221
														833
															2051 ?
														834
														835
															2388 ?
														1584
													or 422
														1334
														1335
															1583 ?
															2384
														1336
															1580 ?
																2065
																2331
															2383
													591
												xor 133
													or 182
														744
														745
														746
														2238
													651
													652
													1901
												mux 143
													670
														2454 ?
													671
													672
												xor 205
													796
														2401
													797
													798
													1874
											mux 95
												xor 141
													xor 225
														842
														843
														844
															2207
														1679
													665
													666
												xor 241
													878
													879
													880
														1570
															2010 ?
													2477
												or 302
													or 366
														1185
															1872
														1186
														1187
															2461
													1024
														1843 ?
													1025
												1742
											0..3 292
												1001
												1002
												1003
										xor 61
											mux 427
												1348
													1661
												1349
												1350
													1703
														1794 ?
														2469
												1708
											544
												2309 ?
											545
											1889
										or 86
											xor 121
												or 126
													0..3 412
														1306
															2295
														1307
															2043
														1308
															1968 ?
														1966
													640
														2391 ?
													641
													1698
												631
												632
													1579
														1613 ?
															1623
											578
											579
										or 106
											603
											604
											605
												1621 ?
													2117 ?
												2422
									511
									512
								2..3 124
									mux 271
										947
										948
										949
											2205
									637
									638
								510
								1964
							0..2 36
								mux 195
									xor 285
										or 410
											1300
												2170
													2286
											1301
												2162 ?
											1302
										985
											2340 ?
										986
									774
										2471
									775
									2306
								xor 253
									xor 437
										1377
										1378
										1379
									907
									908
								mux 335
									3..3 380
										1222
										1223
										1224
									1104
									1105
								mux 495
									1549
									1550
									1551
										2125 ?
									1724
										2034
							2..3 84
								574
								575
								576
									2262
							1..2 408
								1294
									1848 ?
								1295
									2380 ?
								1296
						mux 39
							or 54
								0..0 116
									622
									623
									624
									1821
										2126
								or 218
									or 450
										1416
										1417
											2108
										1418
									827
										2048 ?
									828
										1893
									1850
								0..0 284
									982
									983
									984
									1958
										2159 ?
											2377
								1..2 320
									or 490
										1534
											2130
										1535
										1536
											1826 ?
												2492
											2168
									or 494
										1546
										1547
											1744 ?
										1548
										1740
									1066
										2329 ?
								or 330
									1090
									1091
										2345
									1092
										1989 ?
											2038 ?
											2468 ?
								1651
								2258
							mux 203
								xor 257
									0..3 272
										950
										951
											2069 ?
												2128 ?
													2476
										952
										1942
									918
									919
										1675
										2211 ?
								792
									1743
								793
							or 230
								mux 451
									1419
									1420
									1421
										2164
											2475 ?
									1571
								854
								855
									1898
							2..3 488
								1528
									2335 ?
									2350
								1529
								1530
									1612 ?
									1664 ?
										1678
						xor 45
							or 142
								667
								668
									1596
								669
							mux 283
								979
								980
								981
								2172
							or 474
								1487
								1488
								1489
								1635
									1804 ?
							1815
						or 66
							mux 151
								mux 387
									or 466
										1463
											2189
												2408
										1464
										1465
									or 470
										1475
											1696
											2004
										1476
											2143 ?
										1477
										2181
									1241
										1866 ?
								682
									2061 ?
								683
									1851 ?
							550
							551
							2072
								2257 ?
						or 94
							or 326
								1080
								1081
									1760 ?
										1793 ?
											1811
									2045
								1082
							589
								1802
								2131 ?
							590
							2291
						xor 145
							3..3 164
								or 170
									2..3 312
										mux 323
											xor 453
												1425
												1426
												1427
													2283
											1073
												1937 ?
												2100 ?
											1074
											1831
												2457
										mux 411
											1303
											1304
												1934
													2040 ?
											1305
										1049
											2275
									722
									723
									2269
								xor 477
									1495
										2253
									1496
									1497
									1948
								713
									2290
							0..0 180
								0..3 236
									0..1 252
										904
											2362 ?
												2407 ?
										905
											1987 ?
												1993 ?
													2191 ?
										906
									mux 267
										1..2 348
											1137
											1138
											1139
										937
										938
											1864 ?
									867
								or 246
									0..0 336
										xor 421
											xor 461
												1448
												1449
												1450
													1974 ?
											1332
											1333
											1567
										1106
											2008
										1107
										1825
									0..3 352
										xor 397
											mux 435
												1372
												1373
												1374
													1687 ?
														1997
												2138
													2427
											1267
											1268
										1149
											2273
												2399
										1150
											2356 ?
									889
										2011
											2444
										2120 ?
									2267
								740
								1721
							674
								1726
							2252
						2144
					1..3 24
						mux 263
							932
							933
							934
						513
							1618
						514
					mux 31
						xor 237
							868
							869
							870
							1700
						xor 345
							1130
							1131
								2325
							1132
								2357
						520
							1588
							1692 ?
					mux 59
						540
							2304
						541
						542
						2127
					or 222
						0..3 364
							1180
							1181
								2085 ?
								2106
							1182
						836
							1681
						837
							2349
						2101
					1..1 328
						1085
							2026
							2185 ?
						1086
						1087
							2279
						2160
					1643
						1975
					1657
						1690
				mux 19
					or 22
						xor 41
							mux 147
								xor 161
									or 186
										mux 367
											xor 445
												1401
													2385
												1402
													1610
												1403
											1188
												1906 ?
											1189
											1925
												2086 ?
												2243
										754
											2442 ?
										755
										1912
									or 406
										1288
											1665 ?
										1289
											1738 ?
										1290
										2177
									707
								3..3 240
									xor 357
										1161
											1576 ?
												2354
										1162
										1163
											1951 ?
												2467 ?
									xor 381
										1225
										1226
										1227
										1672
											2214 ?
									877
								1..2 324
									1075
										1697 ?
											1847 ?
										2222
									1076
										2119
										2227
									1077
								xor 337
									1108
									1109
										2298 ?
											2490
									1110
							3..3 440
								1386
								1387
								1388
							527
						2..2 52
							xor 413
								1309
								1310
									2327
								1311
								1625
							530
							531
								1783
								2154
							2297
						xor 129
							or 294
								xor 317
									2..4 344
										1..3 368
											xor 417
												1320
												1321
													2190 ?
												1322
													1615 ?
													1712 ?
													2250
											1190
											1191
										1128
											1952
												2089 ?
										1129
											1638 ?
											1926
										1641
											2226
									mux 363
										xor 429
											1354
												1765
												1944 ?
												2263 ?
											1355
											1356
										xor 449
											1413
											1414
												1859 ?
											1415
												1861
												2360 ?
											1746
										1179
											2176
										1617
											2027 ?
									0..0 392
										or 398
											1269
											1270
											1271
											1829
										1254
										1255
											2287
										2077
											2414
									2259
								xor 465
									1460
									1461
										1639
										1830 ?
											2228
									1462
										2074 ?
											2435
								1007
									2167 ?
							645
								2142
							646
								1817 ?
									2276
									2364 ?
						1682
					mux 35
						xor 53
							2..3 228
								850
									1663 ?
									1771
										2342
									2157
								851
									2333
								852
								2186
							532
							533
						525
						526
						2317
					1..3 44
						xor 49
							xor 89
								mux 103
									3..3 388
										1242
										1243
										1244
											2481
									600
									601
								or 418
									1323
									1324
										1607 ?
										2366
									1325
								582
							2..3 136
								or 138
									mux 163
										or 446
											1404
											1405
												1577
												1723
												2166
											1406
										711
											1626 ?
												1813
												1928 ?
										712
									658
									659
										1620
										2109 ?
								xor 293
									1004
									1005
										2213 ?
									1006
									1587
										1667
										2292
								657
									2049 ?
							xor 209
								or 226
									xor 269
										941
											2321 ?
										942
										943
											1592 ?
												1636 ?
											1731 ?
												2140
											2478
												2485
									845
										2463
									846
										1622 ?
									1980
								808
								809
								1808
						mux 55
							mux 211
								810
									1897
								811
								812
								2500
							534
								1790
							535
								2294
						mux 63
							or 118
								625
								626
								627
							547
							548
						mux 67
							xor 77
								564
									1586 ?
										2030 ?
											2285
								565
								566
								2141
									2378 ?
							mux 91
								584
								585
								586
							xor 153
								687
								688
								689
									1907
							or 214
								or 498
									1558
										1662 ?
										2254
									1559
									1560
										2192 ?
											2320 ?
											2452 ?
									1984
								818
									2336
								819
								1680
									2419 ?
							mux 355
								1156
									2005
								1157
								1158
								2296
							or 378
								2..3 464
									1457
									1458
										1908
										1977 ?
											2242
										2041 ?
											2233 ?
									1459
								1217
								1218
								2044
						xor 113
							xor 201
								786
									2006 ?
									2052 ?
								787
								788
							618
								1868 ?
									2096 ?
									2114 ?
							619
						mux 115
							xor 117
								or 194
									mux 215
										820
										821
										822
									772
									773
									2236
								or 306
									1035
									1036
										1915 ?
									1037
								xor 365
									1..1 448
										1410
											2260 ?
										1411
										1412
									1183
									1184
								or 386
									or 390
										1248
											2417
										1249
										1250
										1904
									1239
									1240
										2277
									2363
							0..3 208
								805
									2218 ?
								806
								807
									2488 ?
							xor 261
								927
								928
									1921
								929
							or 442
								1392
									2343 ?
									2382
								1393
								1394
									2087 ?
						xor 125
							or 150
								mux 371
									1197
									1198
									1199
										1758
										2199
										2451
									2193
								680
								681
								1711
							mux 235
								0..2 280
									971
										2270 ?
									972
									973
								865
								866
								1807
									2139
							639
						1835
							2338 ?
					or 78
						0..2 80
							0..1 128
								1..3 372
									1200
									1201
										1795
										2440
									1202
									2029
								643
									1914 ?
										2367 ?
									2173 ?
								644
							568
							569
						mux 159
							1..3 188
								mux 475
									or 486
										1522
										1523
										1524
									1490
									1491
										1799 ?
								mux 483
									1513
									1514
										1784 ?
										2423 ?
									1515
								757
									1878
										2462 ?
							703
								1891
								2023
									2266 ?
							704
							1656
								2410
						xor 181
							741
							742
							743
								2150 ?
							1647
						1670
					or 134
						653
						654
							1786
								2361 ?
						655
						1689
							1773
					mux 375
						1208
						1209
							2124 ?
								2446 ?
						1210
					1594
					2359
				xor 29
					or 70
						mux 251
							901
								2369
								2392 ?
							902
							903
							1781
						553
						554
					516
						2390
					517
				xor 93
					or 98
						xor 313
							1050
								2042 ?
									2153 ?
							1051
								1693 ?
								1823
							1052
						mux 339
							1114
							1115
							1116
						594
					or 110
						or 174
							xor 301
								mux 403
									1279
										2248 ?
									1280
									1281
										2070 ?
								1022
								1023
								1766
							728
							729
								1782 ?
									2495
						611
							2095 ?
						612
							2183 ?
						1883
					2..3 452
						1422
							1600
						1423
						1424
				mux 351
					1146
						1953
						2094
					1147
					1148
					1856
				1619
			xor 5
				or 10
					mux 463
						1454
						1455
							2225 ?
						1456
							2155 ?
						2224
					502
						2281
					503
					1946
				xor 13
					or 26
						or 30
							xor 57
								2..4 216
									823
										1630
									824
									825
									2216
								mux 399
									1272
									1273
									1274
										1865 ?
											2110 ?
								538
							518
							519
						mux 99
							or 122
								or 130
									mux 155
										692
										693
										694
									647
									648
										2215 ?
								633
									1884
								634
								1645
							mux 139
								660
								661
									2025 ?
								662
									1735 ?
								1941
							595
						mux 131
							xor 149
								1..2 172
									xor 325
										or 334
											1101
												1863 ?
													2316
											1102
												2241 ?
											1103
										1078
										1079
									mux 383
										1230
										1231
										1232
											1827 ?
									724
								mux 227
									847
									848
									849
									1606
								679
							or 190
								761
								762
								763
							0..0 404
								1282
								1283
								1284
								2068
						xor 157
							698
								1903
							699
								1809
								1840
							700
								1763 ?
					2..2 48
						mux 107
							or 162
								708
									1990 ?
								709
									1849
								710
							606
							607
								2156 ?
								2337
							2448
						mux 123
							xor 177
								xor 341
									1120
									1121
									1122
										1999 ?
											2326 ?
									1578
								734
								735
									2396 ?
								1718
									2149 ?
							635
							636
								1650 ?
								2246 ?
							2053
						mux 219
							or 338
								1111
									2324
								1112
									2434 ?
								1113
								2347
							829
							830
						1900
					mux 119
						628
							1729 ?
						629
						630
						2261
							2376 ?
					2..6 120
						2..2 144
							3..3 224
								0..0 256
									915
										2278
									916
									917
										1777 ?
									1935
								840
									1923
								841
							xor 353
								1151
								1152
								1153
									1593
										1604
								2404
							673
								2169 ?
						or 254
							909
							910
							911
								1637 ?
							1931
								2365
						mux 295
							1..2 424
								1339
								1340
								1341
								2328
							1008
							1009
								2019 ?
									2198 ?
								2289
						2..2 360
							1170
								1739 ?
									1841
							1171
							1172
						xor 361
							1173
							1174
							1175
								2054
						xor 493
							1543
							1544
							1545
						1820
					1..2 396
						1264
						1265
							1780
							1801
								2453
							2426 ?
						1266
					1710
						2178 ?
						2483 ?
					1858
				mux 27
					2..4 436
						or 438
							1380
							1381
							1382
						1375
							1753 ?
						1376
							2063
						2076
					xor 457
						1437
							1732
						1438
						1439
					515
				0..0 104
					or 146
						or 198
							780
								1911 ?
								2003
							781
							782
						675
						676
							2373 ?
						2111
					or 158
						xor 309
							mux 327
								or 354
									xor 441
										1389
										1390
											2460
										1391
										2433
									1154
										2102
									1155
								1083
								1084
							1042
							1043
								1996
							2081
						701
						702
						1776
					1..1 260
						3..3 332
							1095
								2472
							1096
							1097
						925
							1673 ?
								1676
									1805 ?
									1976
								2272 ?
						926
						2184
					mux 471
						1478
						1479
							1652 ?
						1480
				mux 259
					922
					923
						2050 ?
					924
			mux 15
				xor 81
					xor 97
						0..0 480
							1504
								1716
									1885
								2039 ?
									2499
							1505
							1506
								1616 ?
									1768
								2409 ?
							1930
						592
						593
					mux 247
						890
						891
						892
						1920
							2088
					570
					1685
				xor 277
					or 350
						1143
						1144
						1145
							2092 ?
					963
					964
					2002
				509
					1798 ?
				1871
			mux 87
				xor 233
					860
					861
						1574
					862
						1845 ?
				580
				581
					1855 ?
			0..3 156
				695
				696
					2334 ?
				697
				2416
		2..2 16
			1..2 28
				3..3 60
					0..0 64
						xor 85
							xor 105
								0..3 132
									1..1 184
										749
										750
										751
									649
									650
								mux 255
									912
									913
									914
								602
									2012
								2223
									2411 ?
							or 114
								mux 175
									730
									731
										2449
									732
								620
								621
							577
						xor 281
							974
							975
								1589
							976
						549
						1573
					mux 75
						mux 179
							mux 455
								1431
									2024 ?
								1432
								1433
									1832
							738
								1929 ?
							739
								2135 ?
									2441 ?
							2059
						0..0 300
							1019
							1020
								2256 ?
							1021
							1684
						562
							2494
						2466
					543
						1595
						2200 ?
				xor 69
					mux 207
						802
						803
							2013
						804
					or 314
						mux 415
							1314
							1315
								1769 ?
									1879 ?
								1862
							1316
						1053
							1778 ?
						1054
						2280
					552
				mux 407
					1291
						1674
						1757 ?
					1292
					1293
						2209 ?
				mux 419
					1326
						1995
					1327
					1328
					2203
				xor 489
					1531
					1532
						2064
							2491 ?
					1533
						1998
					2103
			or 38
				1..1 56
					0..0 212
						xor 377
							1214
								1880
								2031 ?
									2073
							1215
							1216
							2098
						813
							1844
						814
						2078
					536
						2429
					537
						1787
				1..2 92
					or 154
						xor 165
							xor 185
								or 298
									or 394
										1..2 492
											1540
											1541
												1642
													2244
											1542
												1702 ?
													2443 ?
										1259
											1631 ?
												2221
											1932
										1260
										2432
									1015
									1016
								752
									2239 ?
								753
									2058 ?
							or 430
								1357
								1358
								1359
								2036
							714
						690
						691
							1916
								2307 ?
					587
						2229 ?
					588
				or 102
					or 210
						1..1 268
							xor 425
								1342
								1343
								1344
							939
							940
							2439
						1..3 416
							1317
							1318
							1319
								2033 ?
						or 454
							1428
							1429
							1430
							1666
					mux 243
						2..4 244
							885
							886
							887
							2497
						or 402
							1276
							1277
							1278
						884
					0..1 376
						1211
							2406 ?
						1212
						1213
						2195
				2..3 112
					615
					616
					617
				mux 167
					717
						1598
					718
						2264
					719
						2315 ?
					2374
			mux 299
				mux 491
					1537
						2313 ?
					1538
					1539
				1017
					1939
				1018
				1822
			xor 333
				1098
				1099
					2498
				1100
				1644
		3..3 68
			mux 71
				2..3 100
					2..2 476
						1492
							2302
						1493
						1494
						2398
					596
						2090 ?
							2217 ?
					597
				0..0 140
					mux 343
						mux 379
							1219
								1671 ?
							1220
							1221
								2112
						1126
						1127
						2046
					663
					664
					1838
				mux 183
					xor 189
						758
							1714 ?
							2482 ?
						759
							2210
						760
					747
					748
					1701
				3..3 264
					0..2 276
						960
						961
							1994
						962
					or 282
						2..4 308
							xor 405
								1285
									1933
								1286
								1287
							1040
							1041
							2413
						977
						978
							1818
					or 290
						mux 307
							xor 369
								xor 469
									1472
										2484
									1473
									1474
										2188
											2344 ?
									2163
								1192
								1193
							1038
							1039
								1869
									2071 ?
						997
							2459
						998
						1706
							2352 ?
			or 82
				571
				572
				573
					1852 ?
						2174 ?
							2428
				1655
			or 250
				mux 331
					xor 349
						1140
							2057
							2136
						1141
							1720 ?
							1956 ?
						1142
						1854
					1093
					1094
					1828
						2165 ?
				899
					1686
						1910
				900
				1591
		2..3 76
			mux 79
				or 322
					1070
					1071
					1072
					2212
				mux 395
					1261
					1262
						2420 ?
					1263
				567
					1992
			mux 127
				1..1 176
					mux 223
						xor 265
							mux 347
								1134
								1135
									1842
										2284 ?
								1136
									2093 ?
									2308
							mux 487
								1525
								1526
									2386
								1527
									2397
								1963
							935
						838
						839
					mux 319
						xor 393
							1256
								1649 ?
									2418
								1927 ?
							1257
								2107
							1258
								1590 ?
								1688 ?
						1064
						1065
					733
						2152 ?
				xor 481
					1507
						1646 ?
					1508
						1704 ?
							1814
								2067 ?
					1509
						1785 ?
							2145
					1961
				642
				1745
			563
		1..3 220
			mux 311
				1046
					2381 ?
				1047
				1048
			831
			832
	or 2
		mux 7
			1..4 20
				xor 25
					mux 43
						xor 65
							0..0 168
								3..3 232
									or 278
										965
											2091
												2113
													2251 ?
											2332 ?
										966
											1660 ?
											1725
										967
										2075
									858
									859
										2080 ?
								mux 279
									968
									969
										1919
											2358 ?
									970
									1754
										2319 ?
								xor 297
									or 382
										mux 447
											1407
											1408
												1632
												1677 ?
													1699 ?
												1715
												2268
											1409
										1228
										1229
									1013
									1014
										2018
										2265 ?
									1569
								0..2 456
									1434
									1435
										2487 ?
									1436
										2489
									2353
							xor 173
								725
								726
									1756 ?
										2274 ?
								727
									1973 ?
							xor 273
								953
								954
									2062 ?
								955
							or 358
								1164
								1165
								1166
						mux 135
							1..3 152
								684
									1988 ?
								685
								686
									2146
							xor 497
								1555
									1950
									2132
								1556
								1557
								2009
							656
								1581 ?
							1614
								2493
						0..2 248
							893
							894
							895
								2455
						1709
							1887 ?
					or 50
						xor 169
							mux 171
								xor 193
									769
									770
										1816 ?
									771
								xor 217
									mux 291
										or 426
											1345
											1346
												2060
												2421 ?
											1347
											2129
												2230
													2372
										999
										1000
											1895
											2341
									xor 473
										1484
											2082
										1485
										1486
										1749
									826
										1733
											2032 ?
									1669
								mux 499
									1561
										1774 ?
										1806 ?
										2299
									1562
									1563
									1572
							720
								1936
								2395
							721
							2035
						or 462
							1451
							1452
							1453
						528
					mux 191
						764
							1629
						765
						766
							1633 ?
							1886
						2330
					1..1 200
						xor 213
							815
								2056 ?
									2412 ?
							816
								1991 ?
								2007 ?
									2134 ?
								2083 ?
							817
							2196
						or 374
							1205
							1206
							1207
						0..0 420
							1329
								1967
							1330
							1331
							1899
						1713
							2017
					or 234
						or 270
							944
							945
								2208 ?
							946
							2099
						863
							1668 ?
						864
							1759 ?
							1943
								1954
									2314
							2402
						2445
				mux 83
					1..3 108
						or 318
							1061
							1062
								1582
									2255 ?
									2282
							1063
								2116 ?
								2394
							1599
								1791 ?
						608
							1728
								2104 ?
						609
						1748
							2084 ?
					xor 109
						1..2 160
							or 166
								0..2 304
									1029
										2201 ?
										2375
									1030
									1031
										2015 ?
										2240
										2339
									1585
								715
								716
							705
							706
								1634 ?
									1870 ?
							2355
						xor 229
							or 342
								1123
								1124
								1125
							mux 459
								3..3 460
									1445
									1446
									1447
								1443
									2465
								1444
									1896
							853
								2310 ?
						610
							1882 ?
						1707
					xor 137
						mux 187
							1..1 204
								3..4 316
									1058
										1978 ?
									1059
										1909
											2122
									1060
									1837
										1972
											2346
								794
									2197
								795
							mux 239
								874
									1624
										2161
								875
								876
									2486
							756
						xor 289
							994
								2123 ?
								2288 ?
							995
							996
						xor 385
							1236
								2001 ?
							1237
							1238
								1568
								1836 ?
						2303
					xor 245
						or 258
							xor 373
								or 458
									1440
									1441
										1819 ?
											2028
												2368
											2202
									1442
										2415 ?
								1203
								1204
								1751
							920
							921
							1752
						or 478
							1498
								1788
							1499
								1875 ?
									1957
							1500
							1597
						888
							2293
					0..2 444
						1398
						1399
						1400
					mux 479
						1501
							1727 ?
							1877
								2400
						1502
							2021
								2470 ?
							2480
						1503
							1846
						1924
							2301 ?
					2234
				or 310
					mux 431
						1360
						1361
							1979 ?
						1362
							1905
							2180
					1044
						1705
					1045
						1694
							1764
								1913 ?
									2158 ?
				1857
			or 42
				or 62
					or 274
						xor 305
							1032
							1033
								2105 ?
							1034
								2014
						956
						957
					or 362
						1176
						1177
							1601
						1178
							1803
								2118
					546
				or 346
					or 370
						1194
						1195
						1196
							2323
					1..4 472
						1481
						1482
							1730 ?
								1747
									1922
									2204 ?
							2137 ?
						1483
						1860
					1133
				2..4 496
					1552
						2047
					1553
						1986 ?
					1554
						1800 ?
					2271
				1982
			or 266
				mux 359
					1167
					1168
					1169
					2496
				2..2 428
					1351
						1983 ?
						2206 ?
					1352
					1353
						1722
						1945 ?
				936
				1812
			1810
		mux 443
			1395
			1396
			1397
		501
	xor 37 ?
		2..3 40
			2..2 88
				xor 249
					896
						2430
					897
						1949
							2438
					898
					1603
				or 286
					mux 315
						1055
							2371 ?
						1056
							1640 ?
						1057
							2133 ?
					987
					988
						1824
						1834
							1894 ?
							2097 ?
							2473
						1888 ?
				1..2 384
					1233
					1234
						1890 ?
							2175
					1235
			or 178
				2..4 196
					xor 329
						or 414
							xor 433
								1366
									2171 ?
									2235 ?
								1367
									2182
								1368
									2232
								1792
									2393
							1312
								1683
							1313
								1959 ?
									2447
							1969
						1088
							1833 ?
							2379 ?
						1089
							2479 ?
						1602
					776
					777
					2450
				736
					1755
						1892
				737
			or 238
				871
				872
				873
				2022
		mux 47
			or 90
				mux 199
					783
					784
						1985
					785
						2312 ?
					1770
				or 242
					881
					882
						1734 ?
							2079
						1797
							1938
					883
					1627
				583
					1918
			mux 111
				mux 231
					xor 401
						xor 409
							1297
							1298
							1299
								2436
							2245
								2403 ?
						0..3 432
							1363
							1364
								1917 ?
							1365
							2458
						or 482
							1510
								1947
							1511
								2020 ?
							1512
					856
					857
				613
				614
					2055 ?
			mux 275
				mux 467
					1466
					1467
						1611
					1468
				958
				959
				1775
					2115 ?
			mux 287
				0..2 288
					991
					992
						1695
							2247 ?
					993
				989
				990
					2437
			xor 485
				1519
					1873
				1520
					1779 ?
				1521
					1608 ?
						1789 ?
					2187
			2121
		or 74
			xor 321
				1067
				1068
				1069
					1940
			560
				2456
			561
			1981
				2037
				2220
		xor 389
			1245
			1246
			1247
				1628 ?
		2..3 400
			mux 423
				0..0 484
					1516
						1658 ?
					1517
					1518
						1659
							2348
					1881
				1337
				1338
					1772 ?
			3..3 500
				1564
				1565
					2219 ?
				1566
					1962
				1876
					2016 ?
					2370
			1275
		1761
config: 0