abstract 0
	mux 1 ?
		mux 2
			mux 3
				mux 8
					mux 53
						1102
							2180 ?
								2380
								2467 ?
						1103
						1104
						1105
						1106
							2006 ?
							2378
						1107
						1108
						1109
							1875 ?
						1110
						1111
						1112
						1113
						1114
							1600
						1115
						1116
						1117
						1118
						1119
							2459
						1120
						1121
						1122
							2176 ?
					197
					198
					199
						2290
					200
					201
					202
					203
						1821 ?
							1881
							2427 ?
						2211 ?
							2320
					204
					205
					206
					207
						1623 ?
					208
					209
					210
					211
					212
					213
						1841
					214
						1699
							1790 ?
					215
					216
				mux 19
					mux 74
						1540
							2373
						1541
						1542
						1543
							1624
						1544
						1545
							1708 ?
						1546
						1547
						1548
							1857 ?
						1549
						1550
						1551
							1630 ?
								1676 ?
						1552
						1553
							1652
						1554
						1555
						1556
							2394
						1557
							1964 ?
								2340
						1558
						1559
						1560
					411
					412
						1585 ?
					413
					414
						2066 ?
					415
					416
						1923 ?
							1949 ?
					417
					418
					419
						2246
							2300
					420
					421
					422
						2355 ?
						2498 ?
					423
					424
						2046 ?
						2273 ?
							2322
					425
					426
						1938
					427
						1663 ?
							2215 ?
						1836
							2169 ?
						1963 ?
					428
					429
					430
				mux 21
					mux 31
						mux 70
							1456
							1457
							1458
							1459
								1965 ?
									2117
							1460
							1461
								1622 ?
							1462
							1463
								1732 ?
							1464
							1465
							1466
							1467
							1468
							1469
							1470
							1471
							1472
								2422 ?
							1473
							1474
							1475
							1476
								1791
						652
						653
							1868
								1898
									2331
								1936 ?
								2123
						654
						655
							2354
						656
							1728
						657
						658
						659
						660
							2043
						661
							1803
						662
						663
						664
						665
						666
						667
						668
						669
						670
							2271
							2495
						671
							1717
					452
						1616 ?
					453
						2381
					454
					455
						2212 ?
							2410 ?
					456
						2480
					457
						1863
					458
						1741
						1883 ?
							2025 ?
								2165
								2324
					459
						1851
					460
						1911 ?
							1958 ?
					461
					462
					463
						2281
					464
						1917
					465
						1804 ?
							1859
							2083 ?
								2398 ?
								2473
					466
					467
						2137 ?
					468
					469
						2115
					470
					471
						2028 ?
						2048
					2206
				mux 37
					777
						1670
					778
					779
					780
					781
						1582
					782
					783
						2070 ?
					784
						1855 ?
					785
					786
						1828
					787
						1689 ?
					788
						1586 ?
						1641
					789
						1878
					790
						1763 ?
						2435
					791
					792
					793
					794
						1712 ?
					795
						1685
							2138
					796
						1852
						1985 ?
							2366
						1988
					797
						1747
						2014 ?
				mux 46
					960
					961
						2044 ?
					962
					963
					964
						2198 ?
					965
						2053 ?
					966
					967
						1890
					968
						1899 ?
							2301 ?
					969
						1704 ?
							1715 ?
							2157 ?
						2019
						2346 ?
					970
					971
					972
					973
					974
					975
						2172
					976
					977
					978
						1843
							2396 ?
					979
					980
					1745
				108
				109
					1872
				110
				111
					2349
				112
				113
				114
					2170
				115
					2288
				116
					1777
				117
				118
				119
				120
				121
				122
				123
					2213 ?
			mux 4
				mux 23
					mux 56
						1165
							1611 ?
								2490
							1797
						1166
							1930 ?
								2064 ?
						1167
							2080 ?
								2409 ?
						1168
						1169
						1170
						1171
						1172
						1173
							1628 ?
						1174
							1729
							2478
						1175
						1176
						1177
						1178
						1179
						1180
							1866
						1181
							1613
								1674 ?
									2147
									2447
							1884
								2260 ?
						1182
							2105
						1183
						1184
						1185
							2500 ?
						2108
					492
						1610 ?
					493
					494
					495
					496
					497
					498
					499
					500
						1612
					501
					502
					503
					504
						1661
						2149 ?
					505
					506
					507
					508
					509
					510
					511
						1621
				mux 32
					672
						1926 ?
							2047 ?
					673
						2327 ?
					674
					675
						2217 ?
					676
						2479 ?
					677
						1798
					678
					679
						2188
					680
					681
						2263 ?
					682
					683
					684
					685
					686
					687
						2249 ?
					688
						2371
					689
					690
					691
					692
						1645
				mux 33
					693
					694
						2109
							2376
					695
						2272
					696
					697
					698
						1742 ?
					699
						1602
							1906
					700
					701
					702
					703
					704
					705
					706
						1768 ?
						1987
					707
					708
						2293
					709
						1721 ?
							2128
						2319
					710
					711
					712
					713
					2190
						2455
				124
				125
				126
				127
					2026
						2297 ?
				128
				129
				130
					1779 ?
						2205 ?
							2328 ?
				131
				132
				133
				134
					2407
				135
				136
				137
					2413
					2444 ?
				138
				139
					1916 ?
				140
				141
					2353
				1718
			mux 10
				mux 14
					mux 45
						mux 71
							1477
								2114
							1478
								2424 ?
							1479
								2005
							1480
								1620
								1752
							1481
							1482
								1629 ?
									2227
							1483
								2425
							1484
							1485
							1486
							1487
							1488
							1489
								2131 ?
							1490
							1491
								2421
							1492
							1493
							1494
							1495
								1934 ?
							1496
							1497
							2140
						940
						941
						942
						943
						944
						945
							2091 ?
						946
						947
						948
							1929
						949
						950
							1994
						951
							1688 ?
						952
							1589 ?
								1751
									1924 ?
									2232
							2339
						953
							1625 ?
							2375
						954
						955
						956
							1730 ?
						957
							1631
								1976 ?
							1811
								2241 ?
						958
							1760
								1806 ?
						959
						1655
					mux 64
						1331
						1332
							2099
						1333
						1334
						1335
						1336
							2374
						1337
						1338
							1834 ?
								2094 ?
								2466 ?
							2102 ?
								2280
							2185
						1339
						1340
						1341
						1342
							1794 ?
						1343
							2456 ?
						1344
							2162
						1345
						1346
							1696
						1347
							2268
						1348
						1349
						1350
						1351
							1793 ?
					317
						1817 ?
							2292
					318
					319
					320
						1932 ?
						2482 ?
					321
					322
						1700
							2333 ?
					323
					324
					325
						2446
					326
						1896 ?
					327
					328
					329
						2345
					330
						2265
					331
						1754 ?
					332
					333
					334
					335
					2051
					2166
				236
				237
				238
					1710
						1773 ?
				239
					1786
						2144
				240
				241
					2204
					2214 ?
				242
					1895
				243
				244
				245
				246
					2125 ?
				247
				248
					2308
						2372
				249
				250
					1846
				251
				252
					1830
						2143
				253
				254
				255
				2093
			mux 11
				256
				257
				258
				259
					2305
				260
				261
					1656 ?
				262
					2018 ?
				263
					2237
				264
				265
					2122
				266
				267
					1593 ?
						1915 ?
					1778
				268
					1618 ?
				269
				270
				271
					1970 ?
				272
					2406 ?
				273
					2098 ?
				274
				275
				276
				1882
			mux 24
				mux 28
					mux 42
						mux 59
							1227
							1228
							1229
							1230
							1231
								2060
							1232
							1233
								1720 ?
								1877 ?
							1234
							1235
								1642
							1236
							1237
							1238
							1239
								2058 ?
							1240
							1241
							1242
							1243
								2012
									2253 ?
								2050 ?
									2183 ?
							1244
							1245
							1246
								2055
									2474
							1247
						880
						881
						882
							1608
						883
						884
							1814 ?
						885
							2314
						886
							1809 ?
						887
							2259 ?
						888
						889
						890
						891
						892
						893
						894
						895
							2399
						896
						897
							1681
								2021
							2086
						898
						899
						2127
					593
						2168 ?
					594
						1960
					595
					596
					597
						1634
						1991 ?
					598
					599
						2436 ?
					600
					601
					602
					603
						1766 ?
							2395 ?
					604
					605
					606
						1703
					607
					608
						1672
					609
					610
					611
					612
					1759
						2120
				512
				513
				514
					2276 ?
				515
				516
					2304
				517
				518
				519
					2315 ?
				520
					2318
				521
				522
				523
				524
				525
					1597 ?
				526
				527
					2332
				528
				529
				530
				531
				1591
					1893
						1933
			mux 75
				1561
				1562
				1563
				1564
					1865
						2134
					2059
				1565
				1566
				1567
				1568
				1569
					1799
				1570
				1571
				1572
					1657 ?
				1573
				1574
				1575
				1576
					2317
				1577
				1578
					1972 ?
				1579
				1580
				1581
					2491
			93
				1853 ?
				1889 ?
			94
			95
				1590 ?
				2146
			96
			97
			98
			99
			100
				2286
			101
			102
			103
			104
			105
			106
			107
			2161
		mux 5
			mux 6
				mux 35
					735
						2069 ?
					736
						1743
							2010 ?
					737
						1588 ?
					738
						2004 ?
					739
						1669 ?
					740
					741
					742
					743
					744
						2494
					745
					746
					747
					748
					749
					750
						2483
					751
					752
						2352 ?
							2418
					753
					754
						1690 ?
					755
						2031
							2357
						2081 ?
							2462
					2189
						2428 ?
				mux 61
					1269
					1270
					1271
					1272
					1273
					1274
						2465
					1275
					1276
						2067
					1277
					1278
					1279
					1280
						2187 ?
					1281
					1282
					1283
					1284
						1904
					1285
					1286
					1287
						1953
							2106
								2369
									2472 ?
					1288
					1289
				162
				163
				164
				165
				166
				167
					2356
				168
				169
				170
				171
				172
					1771 ?
						2350
				173
				174
				175
				176
				177
				178
				179
				180
					1705 ?
			142
				1668
			143
			144
				1639 ?
				2175
			145
				2306 ?
			146
				2100
			147
			148
				1767
					1908 ?
			149
			150
			151
			152
			153
			154
				1886 ?
			155
			156
			157
			158
			159
				1943 ?
					2452
			160
			161
		mux 9
			mux 20
				431
				432
				433
				434
					2001
						2442
				435
				436
				437
					2073 ?
					2426
				438
				439
				440
				441
				442
					2370 ?
				443
				444
				445
				446
				447
				448
				449
				450
				451
			mux 48
				mux 66
					1373
					1374
						1679 ?
					1375
						2220
					1376
						2445 ?
					1377
					1378
						1971 ?
							2499 ?
					1379
					1380
						1769
					1381
						2385 ?
					1382
					1383
						1870 ?
					1384
					1385
					1386
						2476 ?
					1387
						1840 ?
					1388
						1986 ?
					1389
						1724 ?
					1390
						1762 ?
							2218 ?
						1818 ?
					1391
						2133
					1392
					1393
						2229
						2450 ?
					2245
				1001
				1002
				1003
					2243
				1004
					2294 ?
				1005
				1006
					1744 ?
						1957
				1007
				1008
					1979
					2041
				1009
					1592
						2145 ?
					2141
				1010
				1011
					1739
				1012
				1013
					1697
					1783
				1014
					2228
				1015
					2072 ?
				1016
				1017
				1018
					1947
				1019
				1020
			217
			218
			219
			220
			221
			222
				1887 ?
				1922 ?
				2460 ?
			223
			224
				1757
			225
				1945 ?
			226
			227
			228
				1962
			229
			230
				1723 ?
			231
				1807
				1975
			232
				2330
			233
				1714
			234
			235
		mux 13
			mux 15
				mux 41
					mux 68
						mux 69
							1435
								1644 ?
							1436
							1437
							1438
								2275
							1439
								1596 ?
							1440
							1441
							1442
								1968
							1443
							1444
							1445
							1446
							1447
							1448
							1449
							1450
								2068
									2316 ?
							1451
							1452
							1453
								2481
							1454
							1455
						1415
							2030
						1416
						1417
							2009
						1418
						1419
						1420
						1421
							2173 ?
						1422
						1423
						1424
							2036
						1425
							1810
								2178 ?
								2247 ?
						1426
						1427
							1815 ?
						1428
							2076
						1429
						1430
						1431
							2219 ?
						1432
							2221
						1433
						1434
						1740
					860
					861
						1607 ?
							2238
					862
					863
					864
					865
					866
					867
					868
					869
					870
					871
					872
						1845
					873
						2242
						2336 ?
					874
					875
					876
					877
						1678 ?
						1969 ?
					878
					879
				mux 51
					1062
					1063
						2274
					1064
					1065
					1066
						2195
					1067
					1068
					1069
						1643 ?
						1935 ?
					1070
					1071
					1072
					1073
					1074
						1977
					1075
					1076
						1633 ?
						2341 ?
					1077
						2296 ?
					1078
					1079
						1792
					1080
						1764
					1081
					1082
					1695
					1701
				336
				337
				338
				339
				340
				341
				342
					1756 ?
				343
					2207 ?
				344
					1854
					2089 ?
				345
				346
				347
					1646
				348
					2216
				349
				350
					2142 ?
						2326
				351
					2402 ?
				352
				353
				354
			297
			298
			299
			300
			301
				1819
					2196
			302
			303
			304
			305
			306
				1640
			307
				1832
				2405 ?
			308
			309
			310
			311
				2042 ?
			312
			313
			314
			315
			316
				1789
				2255 ?
		76
		77
			2174 ?
				2197 ?
		78
			1873
			2071 ?
				2261 ?
		79
		80
		81
		82
			1734
				2163
		83
		84
			1980
		85
			1603
			1858
		86
		87
		88
			1736 ?
		89
			2404
		90
		91
		92
	mux 7 ?
		mux 12
			mux 26
				mux 63
					1310
					1311
					1312
						1826
						2269 ?
					1313
					1314
					1315
						1864
							2209
						1941
						1954 ?
							2321 ?
					1316
						1605
					1317
					1318
					1319
					1320
					1321
					1322
						1942 ?
							2077 ?
					1323
					1324
					1325
					1326
					1327
					1328
						1946 ?
					1329
					1330
				553
				554
					1820 ?
					1966 ?
				555
					2429 ?
				556
					1733 ?
				557
				558
				559
				560
				561
					2000
					2368 ?
				562
					1995
				563
				564
					1822 ?
						2329
						2448 ?
				565
					1750 ?
				566
					1813 ?
				567
					1796
					2430 ?
				568
				569
				570
				571
					1914
				572
				2119
			277
			278
				1978
			279
				2278
			280
			281
				1673 ?
					2289
				2284 ?
			282
			283
			284
			285
				1617
				2199 ?
			286
				1931 ?
			287
				2148
			288
			289
				1825 ?
				1861 ?
			290
				1774
			291
			292
			293
			294
				1746 ?
			295
				2363
			296
		mux 16
			mux 22
				mux 62
					mux 65
						1352
						1353
							2415
						1354
						1355
						1356
						1357
							2078 ?
						1358
						1359
							1867
						1360
							1775
								1891 ?
						1361
						1362
						1363
						1364
							1781
							2287 ?
						1365
						1366
						1367
						1368
							1776
							2283 ?
						1369
						1370
						1371
							1649 ?
								1787 ?
						1372
					1290
						1658 ?
					1291
					1292
					1293
					1294
					1295
					1296
						1850
							2129
					1297
					1298
						1753
					1299
					1300
					1301
					1302
					1303
					1304
					1305
					1306
					1307
						2029
							2079 ?
					1308
					1309
						1684 ?
				472
				473
					1659
						2414
					1984
				474
					1894
					1919 ?
				475
				476
					1761 ?
					2347
				477
				478
					1726 ?
						2457 ?
				479
					2362
				480
				481
					2011
				482
				483
				484
				485
				486
				487
					2007
				488
					1651 ?
						2045 ?
							2202 ?
				489
					2303 ?
				490
				491
			mux 36
				756
				757
				758
				759
					1928
				760
				761
					1654
					1702
					1800 ?
				762
				763
				764
					2439 ?
				765
				766
				767
				768
					1595 ?
						2038 ?
				769
					2358
				770
				771
				772
					2235
				773
				774
				775
					1833
				776
				2307
			355
			356
			357
				1860 ?
				2470
			358
			359
			360
			361
			362
				1944
			363
			364
				1614 ?
			365
			366
				1848 ?
					2008 ?
						2251
					2193
					2313
						2323
			367
			368
				1950 ?
			369
			370
				1901
					2485 ?
			371
				1632
					1897 ?
			372
			373
				2032 ?
		mux 17
			mux 25
				532
					1879
						2024 ?
					2408 ?
				533
					2464
				534
					1880
						2124
				535
					2184 ?
				536
					2052 ?
				537
				538
				539
					2432
				540
				541
				542
				543
				544
					1719 ?
					2201 ?
				545
				546
				547
				548
					2298
				549
				550
				551
					1599
						1829 ?
						2136
				552
					2231 ?
				2367
			374
			375
				1784 ?
			376
			377
			378
				1735
				1990
					2417 ?
			379
			380
			381
				1755
				2049 ?
			382
				2351
			383
				1921 ?
			384
			385
				1725 ?
					1888 ?
				2236
			386
			387
				2266 ?
			388
			389
			390
			391
			392
			393
				1749
				2040
		mux 18
			mux 29
				mux 57
					mux 58
						1206
						1207
						1208
						1209
						1210
						1211
						1212
							2224 ?
						1213
						1214
							1653 ?
						1215
						1216
						1217
							1795 ?
						1218
						1219
							2338 ?
								2364
						1220
						1221
							1647
								1838 ?
						1222
						1223
							2156 ?
						1224
						1225
						1226
					1186
						1780 ?
					1187
					1188
					1189
					1190
					1191
					1192
						2431
					1193
					1194
					1195
						2164
					1196
						2022 ?
							2487 ?
					1197
					1198
					1199
					1200
						1909 ?
							2240
					1201
						2065 ?
					1202
						1910
							1937 ?
							2234 ?
								2382 ?
							2384
					1203
					1204
						2020 ?
							2419 ?
					1205
						1801 ?
					2484
				613
					1983
				614
				615
				616
				617
				618
				619
					1831
				620
				621
					1981 ?
					2112 ?
				622
				623
				624
				625
				626
				627
				628
				629
				630
				631
				632
			mux 40
				839
				840
				841
				842
					2458
				843
				844
				845
				846
				847
				848
				849
				850
				851
					1637
				852
					2057
				853
					1738 ?
					2377 ?
				854
				855
				856
				857
					1665
				858
				859
			mux 43
				900
				901
				902
					1939 ?
					1996
					2222
				903
				904
				905
				906
				907
				908
				909
				910
				911
				912
				913
					2016 ?
				914
				915
				916
				917
				918
					1912 ?
				919
				920
			mux 44
				mux 49
					mux 55
						1144
						1145
						1146
							1650
						1147
							2475 ?
						1148
						1149
						1150
							1635
						1151
							1677 ?
								2003
								2361
						1152
						1153
							2416 ?
						1154
						1155
							1876
						1156
						1157
						1158
						1159
						1160
						1161
						1162
							1737 ?
						1163
							1862
						1164
							2150 ?
							2192 ?
					1021
						1706 ?
						2096
							2107
						2451
					1022
						1989 ?
					1023
					1024
						2449
					1025
					1026
					1027
						2017 ?
							2056
					1028
						2277
					1029
					1030
					1031
					1032
					1033
					1034
						1671 ?
					1035
					1036
						1584
							2492 ?
						1758
					1037
						1606
							1973 ?
							2397
					1038
						1626 ?
					1039
					1040
				mux 73
					1519
						2033 ?
						2443 ?
					1520
						2295 ?
					1521
					1522
						1871 ?
					1523
					1524
					1525
						2360 ?
							2488 ?
					1526
					1527
					1528
					1529
					1530
						2074 ?
						2171 ?
					1531
					1532
						1961 ?
						2111
					1533
					1534
						2334 ?
					1535
						1902
						2103 ?
					1536
					1537
						1765 ?
					1538
						1869
						2015 ?
					1539
						1683
				921
				922
					2291 ?
					2411 ?
				923
					1698 ?
						2257 ?
				924
				925
				926
				927
				928
					1785
					2248 ?
				929
					1788 ?
				930
					2312
				931
				932
				933
				934
				935
				936
					2400 ?
					2420
				937
					1583
						1998 ?
							2250
					1770
				938
					1687
				939
			394
				2440 ?
			395
			396
			397
			398
				1999 ?
			399
			400
			401
			402
				1772
			403
				1948 ?
				2230 ?
			404
			405
				1956 ?
				2095
			406
				1727
			407
			408
			409
			410
		mux 30
			mux 39
				818
					2208 ?
				819
				820
				821
				822
				823
				824
					2262
				825
					2254 ?
				826
					1918
				827
				828
					1913
				829
					1604 ?
				830
				831
				832
					2182 ?
				833
				834
				835
				836
				837
					2343
				838
					2153 ?
					2403
			mux 72
				1498
					1594 ?
						2252
					1662 ?
				1499
				1500
				1501
					1707
					2486 ?
				1502
					2311
				1503
				1504
				1505
					1952
						2179
				1506
				1507
					1627
				1508
				1509
				1510
				1511
				1512
					1619
						2282
							2468
				1513
					2062 ?
						2097 ?
				1514
					2477
				1515
					2061
					2203 ?
				1516
				1517
				1518
				1782
					2423 ?
			633
				1731
			634
				2258
					2267
						2461 ?
				2264
					2379
			635
				1802
				1920 ?
			636
			637
				2359 ?
			638
			639
				1847 ?
					1874 ?
			640
				1648 ?
			641
			642
				1900 ?
					2325 ?
				2437 ?
			643
			644
				1716
			645
			646
				2054 ?
			647
				1675 ?
				2158
			648
			649
			650
				2194 ?
					2391 ?
			651
			1667
			1694
		181
			2088 ?
		182
		183
		184
		185
			1693
				1974 ?
				1982 ?
		186
		187
		188
		189
		190
			2434
		191
			2085
		192
		193
			1951
		194
		195
			1691
		196
		1824
	mux 27
		mux 60
			1248
			1249
			1250
			1251
			1252
				1823 ?
					2130
					2270 ?
			1253
				1907 ?
			1254
			1255
			1256
			1257
			1258
				1885 ?
					2113
			1259
			1260
				2013 ?
			1261
			1262
				1692
			1263
				2233 ?
			1264
			1265
				2063 ?
			1266
			1267
			1268
				2110
					2335 ?
		573
		574
		575
			2441
				2471 ?
		576
		577
		578
		579
		580
		581
			2104 ?
		582
			1601 ?
		583
			2285
		584
			2463 ?
		585
		586
		587
		588
			2159 ?
		589
		590
		591
			1636 ?
			1638
				1664
			2126
		592
	mux 34 ?
		714
			1905
			1967 ?
			2167
		715
		716
			2116 ?
				2118
			2186 ?
		717
		718
		719
			2493 ?
		720
		721
		722
			2151 ?
		723
			2383 ?
				2386
		724
			2223 ?
		725
		726
		727
		728
		729
		730
		731
			1722
		732
			2135
		733
		734
		2496
	mux 38
		mux 47
			mux 50
				1041
					1587
				1042
				1043
				1044
					2342
				1045
				1046
				1047
				1048
				1049
				1050
				1051
				1052
				1053
					1959
				1054
				1055
					2191
				1056
				1057
				1058
				1059
					1844 ?
				1060
					2181 ?
				1061
					1812 ?
			981
				1711 ?
					1835 ?
			982
			983
			984
				2155
			985
			986
			987
				1713 ?
					2075 ?
						2092 ?
				1955
			988
			989
				2090 ?
			990
				1680
					2200
				1686 ?
			991
				1709
			992
				1927
			993
				1615
			994
				1816 ?
			995
				2139 ?
					2302
			996
			997
			998
			999
			1000
				2390
		798
		799
			2393
		800
		801
		802
			1903 ?
		803
		804
		805
		806
		807
			2002
				2392
		808
		809
			2132
		810
		811
			2310 ?
		812
		813
			2389
		814
		815
			1925 ?
				1940 ?
					2152 ?
		816
		817
		1827
			1837 ?
				2087 ?
			2035
		2034
		2401
	mux 52 ?
		mux 54
			1123
			1124
				2337
			1125
				1598 ?
					2225
			1126
			1127
			1128
				1660 ?
				1842
				2299
			1129
				1666 ?
			1130
			1131
				2101 ?
			1132
				2039 ?
				2239 ?
			1133
			1134
				2433
				2454
			1135
			1136
				2453 ?
			1137
			1138
			1139
			1140
			1141
			1142
				1682 ?
					1892
				2084
			1143
			2023
		mux 67
			1394
			1395
			1396
				1609
			1397
			1398
				2348 ?
			1399
			1400
			1401
			1402
				1856 ?
			1403
				1992 ?
					2388
				2412
			1404
				2037
				2121
			1405
				2154
					2497 ?
			1406
			1407
			1408
				1839 ?
			1409
			1410
			1411
			1412
			1413
				2256 ?
			1414
				1805 ?
			1808
				2027 ?
		1083
			1993
			2082
		1084
		1085
			1748 ?
			1997
			2279
		1086
		1087
			2177
		1088
			2244
		1089
		1090
			2365 ?
		1091
		1092
		1093
			2309 ?
		1094
		1095
			2387
		1096
			1849 ?
			2210 ?
			2469
		1097
			2344 ?
		1098
			2160 ?
		1099
			2489 ?
		1100
			2226
				2438 ?
		1101
config: 0