abstract 0
	xor 1
		or 2
			mux 3
				mux 19
					xor 37
						mux 107
							mux 319
								1115
									2289 ?
								1116
									2168
									2179 ?
									2438
								1117
							715
								2059 ?
									2467
							716
						or 130
							748
							749
							750
								2367
							2394
						xor 449
							1448
							1449
							1450
					mux 115
						or 210
							xor 225
								1..1 621
									1937
									1938
									1939
								914
								915
							884
							885
						730
							2046
						731
					mux 183
						mux 299
							or 366
								0..3 617
									1925
									1926
										2082
									1927
									2205
								1231
									2328
								1232
							mux 427
								1387
								1388
								1389
							2..2 440
								1423
									2413 ?
								1424
								1425
									2072
										2238 ?
						832
						833
							2020
					2145
				0..5 24
					or 34
						2..2 48
							2..2 200
								865
								866
								867
							xor 361
								1217
								1218
								1219
							649
						mux 383
							1273
							1274
							1275
						636
					or 38
						xor 213
							mux 239
								xor 293
									xor 421
										2..2 608
											1898
											1899
											1900
												2396
											1964
										1371
										1372
									1063
									1064
										2268 ?
								937
								938
							mux 491
								1558
								1559
								1560
							892
							2107
						639
						640
					mux 79
						or 118
							or 134
								1..1 196
									or 234
										1..2 562
											1764
												2025
													2409 ?
											1765
											1766
												2013
													2442 ?
										0..4 612
											1910
												2190 ?
											1911
											1912
											2239
										926
											1967
										2184
									857
									858
								755
								756
									2357 ?
							or 170
								xor 273
									1015
									1016
									1017
								xor 349
									1188
									1189
									1190
								0..1 508
									1607
									1608
									1609
										2137
								2460
							2..2 538
								1692
								1693
								1694
									2401
						680
						681
					or 166
						1..1 590
							1846
							1847
							1848
						804
						805
					mux 191
						mux 443
							1432
							1433
							1434
							2067
						846
							2310 ?
						847
							1999
								2161
				626
			mux 51
				xor 69
					mux 95
						xor 329
							0..0 510
								1612
								1613
								1614
									2104
								2134
							1141
							1142
						xor 369
							1237
							1238
							1239
						700
						2435
					2..2 176
						2..3 561
							1761
							1762
							1763
							2500
						3..4 624
							1946
								2445 ?
							1947
								2121 ?
								2299
									2368 ?
							1948
							1982
						819
					666
						2278
					2346
				1..3 76
					or 466
						0..3 552
							1734
							1735
								2286
									2309 ?
							1736
						1493
						1494
					674
						2101
					675
				0..3 108
					717
						2453 ?
					718
					719
				or 434
					1406
					1407
						2120
					1408
				0..3 523
					1649
					1650
						2138 ?
						2326
					1651
					1990
			or 274
				or 390
					1292
					1293
					1294
					2308
				1018
				1019
					2425 ?
			or 338
				or 358
					0..1 456
						mux 459
							1474
							1475
							1476
								2091 ?
						1468
						1469
					3..3 549
						1725
						1726
						1727
					1212
						2087 ?
				1163
					2181 ?
					2301
				1164
			mux 447
				1442
				1443
				1444
				2166
		2..5 4
			or 6
				0..3 12
					or 18
						or 30
							mux 43
								642
									2468 ?
								643
								644
							mux 275
								2..3 288
									mux 479
										0..1 511
											1615
											1616
											1617
												2287
										1526
										1527
										1965
									1050
									1051
									2322
								1020
								1021
							634
								2436
							2235
						1..2 96
							701
							702
							703
						or 178
							822
								2222
							823
							824
						mux 347
							3..4 606
								1892
								1893
								1894
								2125
									2418
							1183
							1184
								2063 ?
					xor 33
						mux 47
							or 70
								xor 141
									or 266
										mux 403
											1326
											1327
											1328
											2298
										996
										997
									1..2 356
										1206
											2351
										1207
										1208
										1954
									1..2 360
										1..1 484
											1539
												2065 ?
													2252 ?
											1540
											1541
											2180
										1215
											2376
										1216
									2269
								or 322
									or 414
										1356
										1357
										1358
										2262
									mux 415
										1..3 464
											1488
											1489
											1490
										1359
										1360
									1124
								0..3 537
									1689
									1690
										2119 ?
										2244
									1691
								2018
							mux 147
								or 374
									xor 489
										1552
										1553
											2428 ?
										1554
									1249
									1250
										2089
								776
								777
									2147 ?
							648
								2221 ?
						xor 229
							921
							922
							923
							2010
								2215 ?
						or 330
							1143
							1144
							1145
					mux 55
						xor 57
							xor 89
								692
								693
								694
									2200
							mux 159
								mux 231
									mux 351
										2..2 524
											1652
											1653
											1654
											2036
												2344
										1194
											2324
										1195
									mux 387
										1284
											2330 ?
										1285
										1286
									924
										2496 ?
									2165
								1..1 312
									1098
									1099
										2054 ?
										2459 ?
									1100
								2..3 416
									3..3 548
										1722
										1723
											2110 ?
											2464
										1724
									1361
									1362
								3..3 597
									1865
									1866
									1867
									2038
							654
						or 74
							or 334
								1154
								1155
								1156
									2274 ?
									2315
							671
								2151
							672
						mux 151
							784
								2384 ?
							785
								2323 ?
							786
						or 306
							1086
								2003
							1087
							1088
						2..2 324
							1127
							1128
							1129
						or 326
							1133
							1134
							1135
							2022
					0..3 559
						1755
						1756
						1757
						2056
				mux 15
					mux 207
						1..2 344
							0..3 554
								1740
								1741
								1742
									2112 ?
									2389
							1176
							1177
						879
							2476
						880
					mux 291
						1057
						1058
						1059
					629
				1..1 16
					xor 41
						mux 63
							mux 75
								xor 345
									1178
									1179
									1180
										2039
										2320
								3..3 444
									2..3 488
										1549
											2293 ?
										1550
										1551
											2001 ?
											2387 ?
									0..3 571
										1791
											2188 ?
										1792
										1793
									1435
										2108
								673
									2449 ?
							660
								1974 ?
								1996
							661
								2380
						xor 133
							or 218
								2..4 228
									or 462
										or 498
											1579
												2024 ?
												2193 ?
											1580
												2319
											1581
											2423
										1483
										1484
									919
										2066 ?
									920
									2374
										2399 ?
								or 362
									1220
										2143 ?
									1221
									1222
										2359
									1987
										2126
											2131 ?
								900
							or 222
								906
								907
								908
								2270
							or 426
								1384
								1385
								1386
									2261
						xor 173
							2..3 380
								1264
								1265
								1266
									2430 ?
							812
								2408 ?
							813
								1986 ?
									2350 ?
					0..0 64
						mux 99
							xor 117
								733
								734
									2118
										2448
								735
								2240
							707
								2432
									2454
							708
								2201 ?
						xor 105
							or 106
								3..3 613
									1913
									1914
									1915
								713
								714
								2245
									2457 ?
							mux 131
								mux 139
									1..2 603
										1883
											1989 ?
										1884
											2363 ?
										1885
									764
									765
								xor 425
									1381
									1382
									1383
										2234 ?
								751
									1998
							xor 277
								or 370
									mux 463
										1485
										1486
										1487
									1240
									1241
								1025
								1026
						xor 137
							xor 433
								1403
								1404
									2312
								1405
							761
							762
						1..2 507
							1604
								2237
							1605
							1606
					or 146
						773
						774
						775
							2352
					or 270
						1007
						1008
							1981
						1009
				1..2 300
					mux 327
						1136
						1137
						1138
					0..1 372
						xor 401
							1..2 567
								1779
								1780
								1781
							1321
								2092
									2353 ?
									2377 ?
								2397
							1322
						or 458
							3..3 556
								1746
								1747
								1748
									2316 ?
							1472
								2304
							1473
						1245
							2412
					mux 411
						1347
						1348
						1349
			mux 7
				3..3 8
					or 110
						or 346
							or 470
								1502
								1503
								1504
							1181
							1182
						722
						723
							2225 ?
					2..3 384
						1276
							2150
								2354 ?
						1277
						1278
						2415
					627
						2465 ?
				xor 9
					xor 13
						mux 31
							xor 209
								2..4 272
									1012
									1013
									1014
										2029 ?
									2048
								882
								883
							mux 287
								1047
								1048
								1049
									2294 ?
							3..3 428
								mux 435
									1..3 529
										1667
											2031 ?
											2156 ?
										1668
										1669
									1409
									1410
								1390
								1391
									2078 ?
									2291 ?
									2302 ?
									2355 ?
								2229
							2311
								2381
						mux 39
							1..3 100
								1..1 128
									0..2 140
										766
										767
										768
										2265
									746
									747
								1..2 212
									889
									890
									891
								or 350
									1191
									1192
										2414
									1193
									2105
								xor 389
									1289
										2273 ?
									1290
									1291
								0..3 536
									1686
									1687
										2008
									1688
								2429
							xor 149
								or 258
									977
									978
									979
								780
								781
									2103 ?
										2371 ?
							or 394
								1304
								1305
									2243 ?
										2321
											2342 ?
								1306
									2206
						mux 67
							or 206
								876
								877
									2307 ?
								878
							or 378
								1259
								1260
									2296
								1261
							xor 457
								0..1 506
									1601
									1602
									1603
										1975 ?
								1470
								1471
							0..2 607
								1895
								1896
								1897
						2..2 308
							1090
							1091
								2303
							1092
								2045
						mux 439
							1420
							1421
							1422
						xor 477
							1520
							1521
							1522
								2482
						2379
					mux 27
						0..4 32
							or 122
								2..3 136
									758
									759
									760
									2370
								or 182
									mux 187
										mux 391
											1295
											1296
											1297
												2002 ?
										839
										840
											2395
									mux 311
										or 342
											1172
											1173
											1174
										1096
										1097
									1..1 593
										1854
										1855
										1856
								739
							xor 161
								or 438
									1417
									1418
									1419
									2317
								798
									2122 ?
								799
							635
							2477
						xor 185
							xor 313
								xor 493
									1564
									1565
									1566
									2263
								1101
								1102
							834
							835
							2495
						633
					or 54
						1..1 156
							1..3 244
								946
								947
								948
							mux 271
								2..3 448
									1445
										2159
									1446
									1447
								1010
								1011
								2084
							or 406
								1333
									2466
								1334
								1335
						or 226
							xor 321
								1121
								1122
									2009
								1123
							xor 441
								1426
								1427
								1428
							0..3 533
								0..1 550
									1728
									1729
									1730
										2392
								1678
								1679
						653
							2347 ?
				xor 65
					2..2 152
						xor 241
							xor 337
								1..2 420
									1368
										2277
										2339
										2440
									1369
									1370
										2217
								1161
								1162
									2236 ?
								2183
							2..2 614
								1916
									2284 ?
								1917
								1918
									2070
									2424 ?
							940
							2260
								2279
						0..3 276
							1022
							1023
							1024
						1..3 280
							0..2 616
								1922
								1923
								1924
								2197
									2494
							1030
							1031
					662
					663
				1..3 68
					2..3 120
						0..1 192
							848
							849
							850
								2372
						mux 243
							0..1 520
								1641
								1642
								1643
							944
							945
						1..1 396
							or 422
								0..3 602
									1880
									1881
									1882
								1373
									2005
								1374
							1309
							1310
					2..2 124
						mux 419
							1365
								2186
									2452
							1366
							1367
						740
							1953
								2132
						741
					xor 181
						0..1 220
							xor 253
								mux 315
									3..4 404
										0..1 515
											1627
											1628
											1629
											2000
										1..1 576
											1806
											1807
												2035
													2407
											1808
										1329
										1983
									1..3 588
										1840
										1841
										1842
									1106
										2420 ?
										2461
								1..1 580
									1817
										2187 ?
									1818
										2041
									1819
								966
							902
							903
						830
						831
				or 94
					mux 407
						4..4 522
							1646
							1647
							1648
							2383
						1336
							2282
						1337
							2332 ?
							2375 ?
					mux 483
						1536
						1537
							2064
						1538
					699
				1988
				2144
			mux 11
				or 58
					mux 71
						0..2 204
							or 290
								xor 297
									1071
									1072
									1073
								1055
									2071
									2219
								1056
								2441
							or 494
								1567
								1568
								1569
							875
								2417
						xor 265
							mux 423
								1375
								1376
								1377
							994
								2232 ?
									2256
										2439 ?
							995
						667
					or 98
						704
						705
						706
					xor 109
						mux 167
							xor 233
								mux 343
									xor 365
										1228
										1229
										1230
									mux 379
										mux 495
											1570
											1571
											1572
										1262
										1263
									1175
								mux 471
									1505
									1506
									1507
								925
							1..1 352
								xor 473
									1511
									1512
										1984 ?
									1513
									2043
								1196
									2348 ?
								1197
									2300
							0..4 376
								xor 397
									0..3 558
										1752
											2176
										1753
										1754
										2196
									1311
									1312
								1254
								1255
								2158
							2..3 392
								1298
									1992 ?
										2208 ?
								1299
								1300
									2271
							1..2 535
								1683
									2325 ?
								1684
								1685
						720
						721
					xor 197
						xor 261
							985
							986
							987
						or 418
							2..3 610
								1904
								1905
								1906
								2426
							1363
							1364
						or 446
							1439
							1440
							1441
						0..1 541
							1701
							1702
								1991
							1703
								2086
					1..1 208
						or 298
							2..3 595
								1860
								1861
								1862
							1074
							1075
								2422
						2..3 502
							1590
							1591
								2123
							1592
						881
							2073 ?
							2402 ?
					xor 409
						1341
						1342
						1343
					2034
				xor 125
					0..2 236
						2..2 336
							xor 437
								1414
								1415
								1416
							1..2 542
								1704
									1955 ?
								1705
								1706
							1160
							2446
						or 402
							1323
							1324
							1325
						930
					742
					743
						2366 ?
				628
				2463
			or 14
				xor 21
					or 22
						or 42
							mux 203
								872
								873
								874
							mux 323
								4..4 575
									1803
									1804
										2486 ?
									1805
										2060 ?
									2042
								1125
								1126
							641
						xor 73
							xor 81
								mux 83
									685
									686
										2094 ?
									687
										2096 ?
								mux 87
									xor 93
										3..3 332
											1148
											1149
											1150
												2241 ?
													2246 ?
										697
										698
									1..1 572
										1794
											2335 ?
										1795
										1796
									691
								mux 111
									or 382
										1270
										1271
										1272
									mux 431
										1397
										1398
										1399
									724
								1..4 304
									xor 413
										1353
											2498
										1354
										1355
									1081
									1082
									1962
								1..3 468
									2..2 589
										1843
										1844
											2164 ?
										1845
									1498
										2173 ?
									1499
								1..2 512
									1618
									1619
									1620
									2169
							0..1 132
								752
								753
								754
							670
						mux 119
							or 482
								1533
								1534
								1535
							736
								2228
									2451 ?
							737
						mux 163
							3..3 232
								or 238
									934
									935
									936
										1979
								xor 385
									1279
									1280
									1281
										2163 ?
								1..1 518
									1..2 525
										1655
										1656
										1657
									1636
									1637
							0..2 260
								982
								983
								984
							800
						or 246
							951
							952
							953
						xor 341
							1169
							1170
							1171
							2336
					xor 45
						xor 97
							xor 129
								2..4 148
									or 154
										787
										788
										789
									778
									779
									2257
								mux 219
									or 250
										xor 373
											1246
												2356
											1247
											1248
											2011
										959
										960
											2360 ?
										2334
									2..2 566
										1776
										1777
										1778
										2199
									901
									2191
								or 454
									1463
									1464
									1465
										2259
								2..2 600
									1874
									1875
									1876
										1976
									2062
							or 138
								1..2 320
									1118
										1969 ?
									1119
									1120
								xor 393
									1301
									1302
									1303
								763
							or 202
								869
								870
								871
							xor 497
								1576
								1577
								1578
								2275
						xor 121
							1..3 264
								991
								992
									2053
								993
									2250 ?
									2479 ?
							0..2 598
								1868
									2019
									2258 ?
										2280 ?
											2305 ?
										2483 ?
								1869
								1870
							738
						mux 155
							1..1 328
								0..2 578
									1812
									1813
									1814
								1139
								1140
							790
							791
					or 102
						xor 113
							2..3 476
								1517
								1518
									2090
								1519
							728
							729
						or 114
							1..1 188
								0..1 546
									1716
									1717
									1718
										2006
										2331
								841
								842
							1..1 216
								895
								896
								897
							1..2 513
								1621
								1622
								1623
									2174 ?
									2343
						mux 123
							1..3 160
								0..2 623
									1943
									1944
									1945
								796
								797
							3..4 564
								1770
								1771
								1772
									2267
								2210
							1..3 583
								3..3 615
									1919
									1920
										2153 ?
									1921
								1826
								1827
						0..2 248
							or 282
								1034
								1035
								1036
							3..4 432
								1400
									2471 ?
								1401
								1402
								2198
							955
					3..3 505
						1598
							2178 ?
						1599
						1600
						2050
				2..2 112
					725
					726
						2223
					727
				mux 127
					xor 249
						956
						957
							2382
						958
					0..1 316
						1107
							2444
						1108
						1109
					mux 475
						xor 481
							1530
							1531
								2182 ?
							1532
								2007
						1515
							2295
						1516
						2416
					2478
			mux 23
				2..2 388
					1..2 528
						1664
						1665
						1666
					1287
					1288
				631
				632
			or 26
				xor 29
					xor 61
						or 62
							657
							658
							659
							1993
								2248 ?
						2..3 104
							710
								2345 ?
							711
							712
						or 214
							or 278
								xor 281
									1..3 577
										1809
										1810
										1811
									1032
									1033
								or 450
									1451
									1452
										2247
									1453
										2364
								1027
									2276
							3..3 596
								0..3 609
									1901
									1902
										1977
									1903
								1863
								1864
									1966 ?
							893
								2192 ?
							2473
						xor 429
							1..3 539
								1695
								1696
									2227
										2306
								1697
									2297
							1392
							1393
					xor 77
						mux 335
							1157
							1158
							1159
								2285 ?
						676
						677
							2058 ?
					xor 333
						1151
						1152
						1153
					1..2 620
						1934
							2484 ?
						1935
						1936
				or 82
					682
						1980 ?
					683
					684
				2..3 84
					xor 145
						770
						771
						772
					1..1 452
						1457
						1458
							2338
								2434
						1459
					688
					2088
				or 90
					mux 135
						mux 455
							xor 461
								1480
								1481
								1482
									2085
							1466
							1467
							2140
						1..1 540
							1698
							1699
								2393
							1700
								1985 ?
						757
					or 198
						859
						860
						861
					xor 405
						1330
						1331
							2456
						1332
				xor 165
					mux 499
						1582
						1583
							2032
						1584
						2130
					802
						2390 ?
					803
				0..4 504
					0..1 534
						1680
						1681
						1682
					1596
					1597
					2052
			or 78
				xor 85
					xor 189
						0..1 224
							xor 485
								1542
								1543
								1544
							912
							913
						xor 357
							1209
								2079 ?
								2128 ?
							1210
								2167
							1211
						843
					mux 227
						916
						917
						918
						2292
					or 354
						1201
						1202
							2214
								2218 ?
						1203
					1..3 500
						1..2 579
							0..1 618
								1928
								1929
								1930
							1815
								2487
							1816
							1971
						1585
							2253
						1586
				678
				679
			2..3 92
				or 190
					2..3 400
						1318
						1319
						1320
							2419
						2358
					844
						2388 ?
					845
				695
					2077
				696
		xor 5
			xor 17
				or 142
					mux 175
						816
						817
						818
					xor 221
						mux 255
							xor 453
								1460
									1957
								1461
								1462
									2362
							969
								2202
							970
						904
						905
					769
				mux 247
					mux 263
						1..1 514
							1624
								2061
							1625
							1626
						0..3 551
							1731
							1732
							1733
						990
						2027
					2..3 368
						1..1 570
							1788
							1789
							1790
								2136 ?
						1235
						1236
							2233
					954
					2492
				630
				1959
					2155
			0..5 20
				xor 53
					0..3 56
						mux 103
							mux 179
								mux 267
									998
									999
									1000
								825
								826
									2026 ?
										2337 ?
							1..1 436
								1411
								1412
								1413
							709
						or 194
							xor 381
								1267
								1268
								1269
								2290
							854
								2314
							855
							2194
						3..3 584
							1828
								2216 ?
							1829
								2226
									2493
							1830
								2075
									2224 ?
								2152
					3..3 164
						1..1 348
							1185
								2172
							1186
							1187
						2..3 560
							1758
							1759
							1760
						801
						1968
							2171
					or 230
						mux 235
							927
								2242
							928
							929
						1..3 563
							1767
							1768
								2016
							1769
						3..3 604
							1886
								2349
							1887
							1888
				mux 59
					mux 331
						or 442
							1429
							1430
							1431
							2212
						1146
						1147
					xor 377
						1256
						1257
							2361 ?
						1258
					655
					2254
				mux 91
					1..3 184
						mux 487
							0..1 531
								0..1 581
									1820
									1821
									1822
								1673
								1674
							1547
								2021 ?
									2462
							1548
								2160 ?
						0..3 545
							1713
								2116 ?
							1714
							1715
						1..1 592
							0..2 619
								1931
								1932
								1933
							1852
								2030
							1853
					mux 211
						886
							2028
						887
						888
					mux 215
						1..1 292
							1060
								2139
								2421
							1061
							1062
						xor 309
							or 386
								0..0 591
									1849
										2083
									1850
									1851
									2124
										2427 ?
								1282
								1283
									2333 ?
							1093
								2081 ?
								2127
							1094
						894
					2378
				mux 279
					mux 363
						1223
						1224
						1225
							2098 ?
						2272
					1028
					1029
				xor 301
					2..2 460
						1477
						1478
						1479
					2..3 480
						2..2 501
							1587
							1588
							1589
						1528
						1529
					0..0 543
						1707
						1708
						1709
						2080
					2114
				3..4 555
					1743
					1744
					1745
					2249
			xor 25
				or 46
					645
					646
					647
					2175
						2433
				or 50
					1..2 80
						xor 101
							mux 143
								or 150
									mux 375
										1251
											2403 ?
										1252
										1253
									782
									783
								or 158
									793
									794
									795
								mux 367
									3..3 412
										1350
										1351
											2033
										1352
									1233
										2095
									1234
								0..2 565
									1773
									1774
									1775
							mux 171
								0..1 172
									mux 295
										mux 371
											1242
											1243
												2485
											1244
											2480
										1066
										1067
											2177
									0..3 492
										1561
											2398
										1562
										1563
											2047
												2106
									2..3 521
										3..3 568
											1782
											1783
												2474
											1784
											2102
										1644
											2207
											2404 ?
										1645
											1963
									0..3 557
										1749
										1750
										1751
								xor 217
									2..3 574
										1800
										1801
										1802
									898
									899
								811
								2405
							xor 269
								1004
								1005
								1006
								2470
							2327
						xor 177
							or 254
								or 410
									1344
									1345
									1346
								967
								968
							820
								2209 ?
							821
						xor 257
							974
								1961
							975
								2040
							976
							2141
					1..2 116
						xor 289
							1052
							1053
								2049
								2251
							1054
						2..3 503
							1593
							1594
							1595
						732
					652
				0..1 60
					xor 157
						xor 237
							931
								2111 ?
									2129 ?
							932
							933
						mux 339
							or 398
								1313
								1314
								1315
							1165
							1166
						792
					xor 205
						3..3 240
							mux 251
								mux 303
									xor 317
										xor 417
											or 430
												1394
												1395
													2148
												1396
											1..1 553
												1737
												1738
												1739
											1..4 585
												1831
												1832
												1833
												2447
											1..1 599
												1871
												1872
												1873
										1110
										1111
										2189
									1079
									1080
								961
									2491 ?
								962
							1..2 516
								1630
								1631
								1632
							939
						mux 355
							1..1 364
								xor 465
									or 490
										1555
										1556
											2318
										1557
										1956
									1491
									1492
								1226
									2074
								1227
							1204
							1205
							2146
								2281
						0..3 472
							1508
							1509
							1510
					656
				3..4 168
					806
					807
					808
					2109
			2..2 28
				xor 153
					2..2 180
						827
							2266
						828
						829
					mux 359
						xor 445
							1436
							1437
							1438
						1213
							2283 ?
								2458 ?
						1214
						1994
					or 486
						0..3 547
							1719
							1720
								2069 ?
							1721
							2264
						1545
						1546
				2..2 284
					1039
					1040
					1041
				1..1 424
					1378
						2329
					1379
					1380
						2400 ?
					2037
			mux 35
				or 186
					836
					837
					838
				xor 245
					mux 467
						1495
							2023
								2365 ?
								2386
						1496
							2170 ?
						1497
						2044
							2481 ?
					949
						2373
					950
					2220
						2443 ?
				mux 283
					mux 399
						or 474
							1..3 586
								1834
								1835
								1836
							0..1 594
								1857
								1858
								1859
							1514
						1316
							2100 ?
								2411 ?
						1317
						2230
					1037
						2472
					1038
						2455
				xor 285
					1042
					1043
					1044
				2..4 519
					1638
					1639
					1640
					2490
			2..2 40
				mux 199
					862
					863
						2017 ?
					864
				or 242
					941
						1960
					942
					943
				2..3 601
					1877
					1878
						1997
					1879
			2..3 44
				2..2 52
					xor 193
						851
						852
						853
					1..2 268
						1001
						1002
						1003
					0..1 573
						1797
						1798
						1799
				2..3 72
					1..2 526
						1658
							2255
								2406
						1659
						1660
					668
					669
						2057 ?
						2117 ?
				0..0 88
					or 162
						mux 259
							xor 353
								1198
								1199
								1200
								2115
									2204
							980
							981
						or 262
							2..2 587
								1837
								1838
								1839
									2099
								2410
							988
							989
							1970
								2076 ?
								2097
						mux 307
							1..2 582
								1823
									1995
								1824
								1825
							1..2 625
								1949
								1950
									2341
								1951
									2149
							1089
							2093
						0..2 408
							1338
								2385 ?
							1339
							1340
							2185
					or 286
						0..2 509
							1..1 544
								1710
									2133 ?
									2211 ?
								1711
									2340
								1712
									2203 ?
							1610
							1611
							2475
						1045
						1046
							1978
					2..3 517
						1633
						1634
						1635
					2..3 569
						1785
						1786
						1787
				2488
			or 66
				xor 325
					1130
						2135
					1131
					1132
					2051
				664
				665
			or 174
				0..1 532
					1675
					1676
					1677
				814
				815
			or 310
				or 314
					1103
					1104
						2068 ?
					1105
					2162
				mux 451
					1454
					1455
					1456
				1095
				2437
			2..2 340
				2..2 496
					1573
					1574
						2195 ?
					1575
				1167
				1168
					1958
			0..3 605
				1889
					2015 ?
				1890
					2213
				1891
				2012
		or 10
			2..3 36
				xor 49
					or 86
						mux 195
							or 478
								1523
								1524
								1525
							2..3 622
								1940
									2313 ?
								1941
									2391 ?
									2450 ?
										2489 ?
								1942
							856
								2497 ?
							2004
						689
							2231
						690
					650
						2014
					651
				637
				638
			0..0 144
				xor 169
					0..2 256
						971
							2142
						972
						973
							2469 ?
					809
					810
				0..1 252
					963
					964
					965
				or 318
					1112
					1113
					1114
				4..4 530
					1670
					1671
					1672
					1952
			xor 201
				1..3 296
					1068
					1069
						1972 ?
					1070
				xor 469
					0..2 527
						1661
							2369
						1662
						1663
					1500
					1501
				868
				2288
			or 294
				xor 305
					1083
					1084
						2157
					1085
				mux 395
					0..2 611
						1907
						1908
						1909
					1307
						2154
					1308
					2499
				1065
				2113
	or 126 ?
		or 302
			1076
			1077
			1078
		744
		745
		1973
	mux 223
		909
		910
		911
	2055
		2431 ?
config: 0