abstract 0
	xor 1
		mux 3
			xor 5
				mux 7
					xor 57
						3..3 96
							3..21 164
								3431
								3432
								3433
								3434
									4603 ?
								3435
								3436
									4958 ?
								3437
									4465 ?
								3438
									4458
										4828 ?
								3439
								3440
									4509 ?
								3441
								3442
								3443
									4507 ?
								3444
								3445
								3446
								3447
								3448
								3449
								3450
								3451
							2031
							2032
							2033
							2034
							2035
							2036
							2037
							2038
							2039
							2040
							2041
								4528 ?
							2042
							2043
							2044
							2045
							2046
							2047
								4560 ?
							2048
							2049
							2050
						1257
						1258
						1259
							4339
						1260
						1261
						1262
						1263
							4705
						1264
						1265
							4839 ?
						1266
						1267
						1268
							4635 ?
						1269
						1270
						1271
						1272
							4659
						1273
							4547 ?
						1274
						1275
						1276
					3..17 72
						mux 131
							xor 181
								3787
								3788
									4475 ?
								3789
								3790
								3791
								3792
								3793
								3794
									4230 ?
								3795
								3796
								3797
									4563 ?
								3798
								3799
								3800
								3801
									4796 ?
								3802
								3803
								3804
								3805
								3806
									4931 ?
								3807
							2747
								4820
							2748
							2749
							2750
							2751
							2752
							2753
							2754
							2755
							2756
							2757
							2758
							2759
							2760
								4973 ?
							2761
							2762
								4330 ?
							2763
							2764
							2765
							2766
						1550
						1551
						1552
						1553
						1554
						1555
							4299
						1556
						1557
							4963 ?
						1558
						1559
						1560
						1561
						1562
						1563
						1564
						1565
						1566
						1567
						1568
							4546 ?
						1569
					xor 113
						xor 149
							3118
								4425 ?
							3119
								4740
							3120
								4594
							3121
								4515
							3122
							3123
							3124
							3125
							3126
							3127
								4469
							3128
							3129
								4258 ?
									4725
							3130
							3131
							3132
							3133
								4409
							3134
								4856
							3135
								4643
							3136
							3137
							3138
								4673
						2387
						2388
						2389
						2390
						2391
						2392
							4833
						2393
						2394
						2395
						2396
						2397
						2398
						2399
						2400
						2401
						2402
						2403
						2404
						2405
						2406
					mux 139
						2910
						2911
						2912
						2913
						2914
							4366
						2915
							4736 ?
						2916
						2917
						2918
						2919
						2920
						2921
						2922
						2923
						2924
						2925
						2926
						2927
						2928
						2929
						2930
					3..14 140
						2931
						2932
						2933
						2934
							4442 ?
						2935
						2936
						2937
						2938
						2939
						2940
							4466
						2941
						2942
						2943
						2944
						2945
						2946
						2947
						2948
						2949
						2950
						2951
					304
					305
					306
					307
					308
					309
					310
						4609
					311
					312
					313
					314
					315
					316
					317
					318
						4670
							4992
					319
						4737 ?
				7..14 8
					mux 11
						12..16 20
							xor 21
								mux 55
									mux 59
										or 106
											2240
											2241
											2242
											2243
											2244
											2245
												4872
											2246
											2247
											2248
											2249
											2250
											2251
											2252
											2253
											2254
											2255
											2256
											2257
											2258
											2259
												4490
												4686
											2260
										or 142
											2973
											2974
											2975
											2976
											2977
											2978
											2979
												4680 ?
											2980
												4415
											2981
											2982
											2983
											2984
											2985
											2986
											2987
											2988
											2989
											2990
											2991
											2992
											2993
										or 154
											3223
												4583
											3224
											3225
											3226
											3227
											3228
											3229
											3230
											3231
											3232
											3233
											3234
											3235
											3236
											3237
											3238
											3239
												4558
											3240
											3241
											3242
											3243
										1296
										1297
										1298
										1299
											4363
										1300
										1301
										1302
										1303
										1304
										1305
										1306
										1307
										1308
										1309
										1310
										1311
										1312
										1313
									1217
									1218
									1219
									1220
									1221
									1222
										4970
									1223
									1224
									1225
									1226
									1227
										4324
									1228
										4648
									1229
										4572
									1230
									1231
									1232
									1233
									1234
									1235
									1236
								0..13 88
									1869
									1870
									1871
									1872
									1873
									1874
									1875
									1876
										4768 ?
											4853 ?
										4893 ?
									1877
									1878
										4354 ?
									1879
										4606
									1880
									1881
									1882
									1883
									1884
									1885
									1886
									1887
									1888
									1889
									4780
								xor 125
									2626
									2627
									2628
									2629
									2630
									2631
									2632
									2633
									2634
									2635
									2636
									2637
									2638
									2639
									2640
									2641
									2642
									2643
									2644
									2645
									2646
								555
								556
								557
								558
								559
								560
								561
								562
								563
									4717 ?
								564
									4474
								565
								566
									4788 ?
								567
								568
								569
									4916 ?
								570
								571
								572
								4592
							535
							536
								4726
							537
							538
							539
							540
							541
							542
							543
							544
							545
							546
							547
							548
							549
							550
							551
							552
							553
							554
								4876 ?
						xor 37
							xor 145
								3035
									4255 ?
								3036
									4278 ?
								3037
								3038
								3039
								3040
								3041
								3042
								3043
								3044
								3045
								3046
								3047
								3048
								3049
								3050
								3051
								3052
								3053
								3054
								3055
								4840
							867
							868
							869
							870
							871
								4626
							872
							873
							874
							875
								4378
							876
							877
							878
							879
								4438
							880
							881
							882
								4614 ?
							883
							884
							885
							886
						15..21 84
							1789
							1790
							1791
							1792
							1793
							1794
							1795
							1796
							1797
							1798
							1799
							1800
							1801
							1802
							1803
							1804
							1805
							1806
							1807
							1808
							1809
							4390
							4921
						mux 151
							3160
							3161
							3162
							3163
							3164
							3165
							3166
								4521
							3167
							3168
							3169
							3170
							3171
							3172
							3173
							3174
							3175
							3176
							3177
							3178
							3179
								4649
							3180
						372
						373
						374
						375
						376
							4634
						377
						378
						379
						380
						381
							4704
						382
						383
						384
						385
						386
						387
						388
					or 18
						mux 71
							xor 101
								2135
									4917 ?
								2136
									4496
								2137
								2138
								2139
								2140
								2141
									4622 ?
								2142
								2143
									4483 ?
								2144
								2145
								2146
								2147
								2148
								2149
								2150
								2151
								2152
								2153
								2154
									4375
									4793
								2155
							1530
							1531
							1532
								4979 ?
							1533
								4676 ?
							1534
							1535
							1536
							1537
							1538
							1539
							1540
							1541
							1542
							1543
							1544
							1545
							1546
							1547
							1548
							1549
							4223
						18..18 124
							or 134
								2808
								2809
								2810
									4508 ?
								2811
								2812
								2813
								2814
									4306 ?
								2815
								2816
								2817
								2818
								2819
								2820
								2821
								2822
								2823
								2824
								2825
								2826
								2827
								2828
								4289
							3..7 172
								3598
									4722
								3599
								3600
								3601
								3602
									4310
								3603
									4274
								3604
								3605
									4358
								3606
									4529
										4671 ?
								3607
								3608
								3609
								3610
								3611
								3612
								3613
								3614
								3615
								3616
								3617
								3618
							or 190
								3976
								3977
								3978
								3979
								3980
								3981
								3982
								3983
								3984
								3985
								3986
								3987
								3988
								3989
									4604
								3990
								3991
								3992
								3993
								3994
									4899 ?
								3995
								3996
							2608
							2609
							2610
							2611
							2612
							2613
							2614
							2615
							2616
							2617
							2618
							2619
							2620
							2621
							2622
							2623
								4448 ?
									4868 ?
							2624
							2625
						498
						499
						500
						501
						502
							4554 ?
						503
							4945 ?
						504
						505
						506
						507
						508
						509
						510
						511
						512
						513
						514
						515
						516
							4277 ?
						4212
							4612
					7..14 32
						mux 35
							826
							827
							828
								4798
							829
							830
							831
							832
							833
							834
							835
							836
							837
							838
								4941
							839
							840
							841
							842
							843
							844
							845
							846
						768
						769
						770
						771
						772
						773
						774
						775
						776
						777
							4687
						778
						779
						780
						781
						782
						783
						784
						785
							4894
						786
						787
					320
					321
					322
					323
					324
					325
					326
					327
					328
					329
					330
					331
						4588 ?
					332
					333
					334
					335
					336
					337
						4877
				7..21 48
					mux 195
						4081
						4082
						4083
						4084
						4085
						4086
							4233
						4087
						4088
							4453
						4089
						4090
						4091
						4092
						4093
						4094
							4761
						4095
						4096
							4286
							4846 ?
						4097
						4098
						4099
							4999 ?
						4100
						4101
					1078
					1079
					1080
					1081
						4295 ?
					1082
					1083
					1084
					1085
					1086
					1087
					1088
					1089
						4280 ?
					1090
					1091
					1092
					1093
					1094
					1095
					1096
					1097
				11..19 64
					1392
						4637 ?
					1393
					1394
						4585
					1395
					1396
					1397
						4300 ?
					1398
					1399
					1400
					1401
					1402
					1403
					1404
					1405
					1406
						4830 ?
					1407
					1408
					1409
					1410
					1411
						4656 ?
					1412
				268
				269
				270
				271
				272
				273
				274
					4551
				275
				276
					4350 ?
				277
				278
				279
				280
				281
				282
				283
				284
			or 6
				mux 19
					or 34
						mux 39
							mux 79
								11..12 184
									3850
									3851
										4377
									3852
									3853
										4766
									3854
									3855
									3856
									3857
									3858
									3859
									3860
									3861
									3862
										4389
									3863
									3864
									3865
									3866
									3867
									3868
									3869
									3870
								1688
								1689
								1690
								1691
								1692
								1693
								1694
								1695
								1696
								1697
								1698
								1699
								1700
								1701
								1702
								1703
								1704
								1705
									4242 ?
								1706
								1707
							xor 85
								xor 97
									2051
									2052
										4532
									2053
										4660 ?
									2054
									2055
									2056
									2057
										4775
									2058
										4915
									2059
									2060
									2061
									2062
										4215 ?
											4301
										4920 ?
									2063
									2064
									2065
									2066
										4445 ?
											4446 ?
									2067
									2068
									2069
									2070
									2071
										4776 ?
									4950
								mux 111
									2345
										4452
									2346
									2347
									2348
									2349
									2350
									2351
									2352
									2353
									2354
									2355
									2356
									2357
									2358
									2359
									2360
									2361
										4381
									2362
										4247
									2363
										4631 ?
									2364
									2365
								mux 171
									3577
									3578
									3579
									3580
									3581
									3582
									3583
									3584
									3585
									3586
									3587
									3588
									3589
										4218 ?
									3590
									3591
									3592
										4314
									3593
									3594
									3595
									3596
									3597
									4692
								1810
								1811
								1812
								1813
								1814
								1815
								1816
								1817
								1818
								1819
								1820
								1821
								1822
								1823
								1824
									4468 ?
								1825
								1826
								1827
							or 114
								2407
								2408
								2409
								2410
								2411
								2412
								2413
								2414
								2415
								2416
								2417
								2418
									4995
								2419
								2420
								2421
								2422
									4273
										4719
								2423
								2424
								2425
								2426
								2427
									4224
							xor 173
								3619
								3620
								3621
								3622
									4988
								3623
								3624
								3625
								3626
								3627
								3628
								3629
								3630
								3631
								3632
								3633
								3634
								3635
								3636
									4689
								3637
								3638
								3639
							906
							907
								4568 ?
							908
							909
							910
							911
							912
							913
							914
							915
							916
							917
							918
							919
							920
							921
							922
						xor 61
							1333
							1334
							1335
							1336
							1337
							1338
								4541 ?
							1339
							1340
							1341
							1342
							1343
								4249 ?
							1344
							1345
							1346
							1347
							1348
								4971 ?
							1349
							1350
							1351
							1352
							1353
						mux 75
							6..14 144
								3014
								3015
								3016
								3017
								3018
								3019
								3020
								3021
								3022
								3023
								3024
									4346
								3025
								3026
								3027
								3028
								3029
								3030
									4296 ?
								3031
								3032
								3033
								3034
							or 162
								3389
									4998
								3390
								3391
								3392
									4702 ?
								3393
									4812 ?
								3394
								3395
								3396
								3397
								3398
								3399
								3400
								3401
								3402
								3403
								3404
								3405
								3406
								3407
								3408
								3409
							1609
							1610
							1611
							1612
								4800
							1613
							1614
								4503
							1615
								4419 ?
							1616
							1617
							1618
							1619
							1620
							1621
							1622
								4778 ?
							1623
							1624
							1625
							1626
							1627
						or 94
							or 170
								3556
								3557
								3558
								3559
								3560
								3561
								3562
								3563
								3564
								3565
								3566
								3567
								3568
								3569
									4362 ?
								3570
									4485 ?
								3571
									4394 ?
								3572
								3573
									4769 ?
								3574
									4791
								3575
								3576
									4855 ?
							1991
							1992
							1993
							1994
							1995
							1996
							1997
							1998
								4369 ?
							1999
							2000
							2001
							2002
							2003
							2004
								4462
								4883 ?
							2005
							2006
							2007
							2008
								4636
							2009
							2010
						809
						810
						811
						812
							4309 ?
						813
						814
						815
							4608
						816
						817
						818
							4367
						819
							4319 ?
						820
							4411
						821
						822
						823
						824
						825
						4770
					0..5 148
						3097
						3098
							4263
							4574 ?
						3099
						3100
							4701 ?
						3101
						3102
						3103
						3104
						3105
						3106
						3107
						3108
						3109
						3110
						3111
						3112
							4866 ?
						3113
						3114
							4365 ?
								4891
						3115
						3116
						3117
							4331
					xor 169
						3535
						3536
						3537
						3538
						3539
						3540
						3541
						3542
						3543
							4909
						3544
						3545
						3546
						3547
						3548
						3549
						3550
						3551
						3552
						3553
						3554
						3555
						4467
					517
					518
					519
					520
					521
					522
					523
					524
					525
					526
					527
					528
					529
					530
						4873
					531
						4923 ?
					532
					533
						4835 ?
					534
				mux 115
					2428
						4966 ?
					2429
						4925 ?
					2430
					2431
					2432
						4641 ?
						4669
					2433
					2434
					2435
					2436
					2437
						4256 ?
							4890 ?
					2438
					2439
					2440
					2441
					2442
						4527
					2443
						4837
					2444
					2445
					2446
						4271
					2447
					2448
					4989
				285
				286
				287
				288
				289
				290
					4432
				291
				292
				293
					4565
						4826 ?
				294
				295
					4802
				296
				297
				298
				299
				300
				301
				302
					4291
				303
			mux 23
				or 54
					1196
					1197
					1198
					1199
					1200
					1201
					1202
					1203
					1204
					1205
					1206
					1207
					1208
						4930
					1209
					1210
					1211
						4352 ?
					1212
					1213
					1214
						4548
					1215
					1216
				10..10 120
					or 130
						xor 141
							2952
							2953
							2954
							2955
							2956
								4984
							2957
							2958
							2959
							2960
								4953
								4976 ?
							2961
							2962
							2963
							2964
							2965
							2966
								4403
								4700 ?
							2967
							2968
							2969
								4492 ?
							2970
							2971
								4892
							2972
						2727
						2728
						2729
						2730
						2731
						2732
						2733
						2734
						2735
						2736
						2737
							4332
						2738
						2739
						2740
						2741
						2742
						2743
						2744
						2745
						2746
					9..21 188
						3934
						3935
						3936
						3937
						3938
						3939
						3940
						3941
							4832 ?
						3942
						3943
						3944
							4523 ?
							4624 ?
						3945
						3946
							4292
						3947
							4678 ?
						3948
						3949
						3950
							4228 ?
								4577 ?
						3951
							4398
						3952
						3953
						3954
							4454 ?
						4437
					7..21 196
						4102
						4103
						4104
							4451
						4105
						4106
						4107
						4108
						4109
						4110
						4111
						4112
						4113
						4114
							4607
						4115
						4116
						4117
						4118
						4119
							4511
						4120
						4121
							4272
						4122
					2528
					2529
					2530
					2531
					2532
					2533
						4661 ?
					2534
						4388
					2535
						4934
					2536
					2537
					2538
					2539
					2540
						4265
					2541
					2542
					2543
					2544
					2545
				mux 155
					3244
					3245
					3246
					3247
						4229 ?
					3248
					3249
					3250
					3251
					3252
					3253
						4284
					3254
					3255
					3256
					3257
					3258
					3259
					3260
					3261
					3262
					3263
					3264
				591
					4520 ?
				592
				593
					4694 ?
						4908
				594
				595
				596
					4497 ?
				597
				598
				599
				600
				601
				602
				603
					4679
				604
				605
				606
				607
				608
			mux 27
				mux 191
					3997
					3998
					3999
					4000
						4986 ?
					4001
					4002
					4003
					4004
					4005
					4006
						4650 ?
					4007
					4008
					4009
						4859
					4010
					4011
					4012
						4763 ?
					4013
					4014
						4285 ?
					4015
					4016
					4017
					4783
				669
				670
				671
				672
				673
				674
				675
				676
				677
				678
				679
				680
				681
				682
				683
				684
				685
				686
				687
				688
			mux 91
				1931
				1932
				1933
				1934
				1935
					4439 ?
				1936
				1937
				1938
				1939
				1940
					4598
					4949 ?
				1941
				1942
				1943
				1944
				1945
				1946
				1947
				1948
				1949
					4602 ?
					4914
				1950
				1951
			236
			237
				4356
					4693 ?
						4991
			238
			239
			240
				4646
			241
			242
			243
			244
			245
			246
				4562
			247
			248
			249
			250
			251
		7..20 4
			xor 9
				mux 15
					mux 31
						3..10 60
							xor 133
								or 138
									xor 185
										3871
										3872
										3873
										3874
										3875
										3876
										3877
										3878
										3879
										3880
										3881
										3882
										3883
										3884
											4818 ?
										3885
											4887 ?
										3886
										3887
										3888
										3889
										3890
										3891
									2890
									2891
									2892
										4758 ?
									2893
										4993 ?
									2894
									2895
									2896
									2897
									2898
									2899
									2900
									2901
									2902
									2903
										4897
									2904
									2905
									2906
									2907
									2908
									2909
								2788
								2789
								2790
								2791
									4384 ?
								2792
								2793
								2794
								2795
								2796
									4217 ?
										4913 ?
									4857 ?
								2797
								2798
								2799
								2800
								2801
								2802
								2803
									4470
								2804
								2805
								2806
									4433
								2807
							18..19 176
								3682
								3683
									4712
								3684
								3685
								3686
								3687
								3688
								3689
								3690
								3691
									4506
								3692
								3693
								3694
								3695
								3696
								3697
								3698
								3699
								3700
								3701
								3702
							1314
							1315
							1316
							1317
							1318
							1319
							1320
								4662
							1321
							1322
							1323
							1324
							1325
							1326
							1327
							1328
							1329
							1330
								4841 ?
							1331
							1332
						748
						749
						750
						751
						752
						753
						754
						755
						756
						757
						758
							4911
						759
						760
						761
						762
						763
						764
						765
						766
						767
					443
					444
					445
					446
						4854 ?
					447
					448
					449
					450
					451
						4348 ?
						4380
					452
						4724
							4803
					453
					454
					455
					456
					457
					458
					459
					460
					461
					462
						4268 ?
				xor 53
					1175
					1176
					1177
					1178
					1179
					1180
					1181
					1182
					1183
					1184
					1185
					1186
					1187
					1188
					1189
					1190
						4538 ?
					1191
					1192
					1193
					1194
					1195
				mux 119
					1..12 152
						3181
						3182
						3183
							4844
						3184
						3185
						3186
							4303
							4610 ?
						3187
						3188
						3189
						3190
						3191
						3192
						3193
						3194
						3195
						3196
						3197
						3198
						3199
						3200
						3201
							4318 ?
							4478
					xor 177
						3703
							4326
						3704
						3705
						3706
						3707
						3708
						3709
							4739 ?
						3710
						3711
						3712
						3713
						3714
						3715
						3716
						3717
							4421 ?
						3718
							4553 ?
						3719
						3720
						3721
						3722
						3723
					or 182
						3808
						3809
						3810
						3811
						3812
						3813
						3814
						3815
						3816
						3817
						3818
						3819
						3820
							4340
						3821
							4386 ?
						3822
							4407 ?
						3823
						3824
						3825
							4978 ?
						3826
							4459 ?
						3827
						3828
						4888
							4895 ?
					2510
					2511
					2512
					2513
					2514
					2515
					2516
					2517
					2518
					2519
					2520
					2521
					2522
					2523
					2524
					2525
					2526
						4627 ?
					2527
				or 194
					4060
					4061
						4777 ?
					4062
					4063
					4064
					4065
					4066
					4067
					4068
					4069
					4070
					4071
						4619 ?
					4072
						4754 ?
					4073
					4074
						4723 ?
					4075
					4076
					4077
					4078
					4079
						4423
					4080
				338
				339
				340
				341
				342
				343
				344
				345
				346
				347
				348
				349
				350
				351
				352
				353
				354
			9..14 80
				mux 103
					2177
						4393 ?
					2178
					2179
						4823 ?
					2180
					2181
					2182
						4500
					2183
					2184
					2185
					2186
						4682
					2187
					2188
					2189
					2190
					2191
					2192
					2193
					2194
					2195
					2196
						4773
					2197
				1708
					4764
						4905 ?
				1709
				1710
				1711
					4447 ?
				1712
					4731 ?
				1713
				1714
				1715
				1716
				1717
				1718
					4906
				1719
					4759
				1720
				1721
				1722
				1723
					4638 ?
				1724
				1725
				1726
				1727
				4232
			mux 107
				2261
				2262
				2263
				2264
				2265
				2266
					4580
				2267
					4825
				2268
				2269
				2270
					4980 ?
				2271
				2272
				2273
				2274
				2275
				2276
				2277
				2278
				2279
				2280
				2281
			mux 147
				3..16 156
					3265
					3266
					3267
					3268
					3269
					3270
					3271
					3272
					3273
					3274
					3275
					3276
					3277
						4244
					3278
					3279
						4795
					3280
					3281
					3282
					3283
					3284
						4555 ?
					3285
				3077
				3078
				3079
					4391 ?
				3080
				3081
				3082
				3083
				3084
				3085
				3086
				3087
				3088
				3089
				3090
				3091
				3092
					4317
						4861
				3093
					4236 ?
					4371 ?
						4942
				3094
					4288
						4867
				3095
				3096
			xor 165
				3452
					4304 ?
						4494 ?
				3453
				3454
				3455
				3456
				3457
				3458
				3459
				3460
				3461
				3462
				3463
				3464
				3465
				3466
				3467
					4501
				3468
				3469
				3470
				3471
				3472
			252
			253
			254
			255
			256
			257
			258
			259
			260
				4924
			261
			262
			263
			264
			265
			266
			267
			4808
		mux 143
			or 158
				3307
				3308
					4730 ?
				3309
				3310
				3311
				3312
				3313
					4392 ?
				3314
					4955
				3315
					4933 ?
				3316
				3317
				3318
				3319
				3320
				3321
					4489 ?
				3322
					4576 ?
				3323
				3324
				3325
				3326
					4728 ?
				3327
					4655 ?
			2994
			2995
			2996
			2997
			2998
			2999
			3000
			3001
			3002
			3003
			3004
			3005
			3006
				4834 ?
			3007
			3008
			3009
			3010
			3011
			3012
			3013
		201
			4376 ?
		202
		203
		204
		205
		206
		207
		208
		209
		210
		211
			4882 ?
		212
		213
		214
			4729
		215
			4510
		216
		217
		218
	or 2 ?
		or 10
			xor 13
				or 14
					xor 25
						7..18 28
							xor 49
								or 82
									1747
									1748
									1749
									1750
									1751
									1752
									1753
									1754
									1755
									1756
									1757
									1758
									1759
									1760
									1761
									1762
									1763
									1764
									1765
									1766
									1767
								1098
									4225
								1099
									4937 ?
								1100
								1101
								1102
								1103
								1104
									4343
								1105
									4881 ?
								1106
								1107
								1108
									4213
								1109
									4645
								1110
								1111
								1112
									4513 ?
									4647
								1113
								1114
								1115
								1116
								1117
							or 90
								xor 161
									3..20 168
										or 186
											3892
											3893
											3894
											3895
											3896
											3897
											3898
												4625
											3899
											3900
											3901
											3902
											3903
											3904
											3905
											3906
											3907
											3908
											3909
											3910
											3911
											3912
										3515
										3516
										3517
										3518
										3519
										3520
										3521
										3522
										3523
										3524
										3525
										3526
										3527
											4275
										3528
											4707 ?
										3529
										3530
										3531
										3532
										3533
										3534
									mux 187
										3913
										3914
											4429 ?
										3915
										3916
										3917
										3918
										3919
										3920
											4486 ?
										3921
										3922
										3923
											4718 ?
										3924
										3925
										3926
										3927
										3928
										3929
											4847 ?
										3930
										3931
											4965 ?
										3932
										3933
										4545
									3370
									3371
									3372
									3373
									3374
									3375
									3376
										4666
									3377
										4564
									3378
									3379
									3380
									3381
										4434
											4504
											4688
									3382
									3383
									3384
									3385
									3386
										4912
									3387
										4270 ?
											4436 ?
									3388
								1911
								1912
								1913
								1914
								1915
								1916
								1917
								1918
								1919
								1920
									4706 ?
								1921
								1922
								1923
								1924
								1925
								1926
								1927
								1928
								1929
								1930
							689
							690
							691
							692
							693
							694
							695
							696
							697
							698
							699
							700
							701
							702
							703
								4457 ?
							704
							705
							706
							707
						629
						630
						631
							4829
						632
						633
							4216
								4556 ?
							4591
						634
							4822 ?
						635
						636
						637
						638
							4871
						639
						640
						641
						642
						643
						644
						645
						646
						647
						648
					xor 29
						mux 123
							2587
							2588
							2589
								4412
							2590
							2591
							2592
							2593
							2594
								4408 ?
								4480
							2595
							2596
							2597
								4977
							2598
							2599
							2600
							2601
							2602
							2603
							2604
							2605
							2606
							2607
								4809 ?
						xor 193
							4039
							4040
							4041
							4042
							4043
							4044
							4045
							4046
							4047
								4333
							4048
							4049
							4050
								4863
							4051
							4052
							4053
							4054
								4487 ?
							4055
							4056
								4325
							4057
							4058
							4059
						708
						709
						710
						711
						712
						713
							4681
						714
						715
							4597
						716
							4550 ?
						717
							4227
						718
						719
						720
						721
						722
						723
						724
						725
						726
						4566
							4665 ?
					mux 47
						or 58
							or 62
								mux 87
									1848
									1849
									1850
									1851
									1852
									1853
									1854
										4370 ?
											4413
										4405
									1855
									1856
									1857
									1858
									1859
										4749
									1860
										4779 ?
											4902 ?
										4806
									1861
									1862
									1863
									1864
									1865
									1866
									1867
									1868
								2..13 108
									2282
									2283
									2284
									2285
									2286
									2287
										4926 ?
									2288
									2289
									2290
									2291
									2292
									2293
									2294
									2295
									2296
										4312 ?
									2297
									2298
									2299
									2300
									2301
									2302
								1354
								1355
									4307
								1356
								1357
								1358
								1359
								1360
									4435
								1361
									4957
								1362
								1363
								1364
								1365
								1366
								1367
								1368
								1369
								1370
								1371
								1372
							xor 129
								xor 137
									or 150
										3139
										3140
										3141
										3142
										3143
										3144
										3145
										3146
										3147
											4406
										3148
										3149
										3150
											4559 ?
										3151
										3152
										3153
										3154
										3155
											4936
										3156
										3157
										3158
										3159
									2870
									2871
									2872
									2873
									2874
									2875
									2876
										4885 ?
									2877
									2878
									2879
									2880
									2881
									2882
									2883
									2884
										4611 ?
									2885
									2886
									2887
									2888
									2889
								2707
								2708
									4424 ?
								2709
								2710
								2711
								2712
								2713
								2714
									4549
								2715
								2716
								2717
								2718
								2719
								2720
								2721
								2722
								2723
								2724
								2725
								2726
							1277
							1278
							1279
							1280
							1281
							1282
							1283
							1284
							1285
							1286
							1287
							1288
							1289
							1290
							1291
							1292
							1293
							1294
							1295
						mux 67
							or 98
								2072
								2073
								2074
								2075
								2076
								2077
								2078
									4482
								2079
								2080
								2081
								2082
									4542
								2083
								2084
									4672 ?
								2085
								2086
								2087
								2088
								2089
									4810 ?
										4975
								2090
								2091
									4477
										4674
									4533
								2092
									4231
							1451
							1452
							1453
								4983
							1454
							1455
							1456
							1457
								4771 ?
							1458
							1459
								4964 ?
							1460
							1461
							1462
							1463
							1464
							1465
							1466
							1467
							1468
							1469
							1470
						1059
							4595 ?
								4605 ?
						1060
						1061
						1062
						1063
						1064
						1065
							4460
						1066
						1067
						1068
						1069
						1070
						1071
							4862
						1072
						1073
							4727
						1074
						1075
							4561 ?
							4797
						1076
						1077
					mux 95
						xor 197
							4123
							4124
								4617
							4125
								4721
							4126
							4127
							4128
							4129
							4130
								4505
							4131
							4132
								4525 ?
							4133
							4134
							4135
							4136
							4137
							4138
							4139
							4140
								4531 ?
								4910 ?
							4141
							4142
							4143
						2011
						2012
						2013
							4266 ?
								4741
						2014
							4813 ?
						2015
						2016
						2017
						2018
						2019
						2020
						2021
						2022
						2023
						2024
						2025
						2026
						2027
						2028
						2029
						2030
					mux 127
						mux 183
							3829
							3830
							3831
							3832
							3833
								4536 ?
							3834
							3835
							3836
							3837
							3838
								4368
							3839
							3840
							3841
							3842
							3843
							3844
							3845
							3846
							3847
							3848
							3849
							4234
						2667
						2668
						2669
						2670
						2671
						2672
						2673
						2674
						2675
						2676
						2677
							4790
						2678
						2679
						2680
						2681
						2682
						2683
							4414
						2684
						2685
						2686
						4426
					427
						4341 ?
					428
					429
					430
					431
					432
					433
					434
					435
					436
					437
					438
					439
						4253
					440
					441
					442
						4675 ?
				xor 65
					or 146
						3056
						3057
						3058
						3059
						3060
						3061
						3062
						3063
							4313
						3064
							4395
						3065
						3066
						3067
						3068
						3069
						3070
						3071
						3072
						3073
						3074
						3075
						3076
							4238
							4557
								4600
					or 198
						4144
						4145
						4146
						4147
						4148
						4149
						4150
						4151
						4152
						4153
							4281
							4948
						4154
						4155
						4156
						4157
						4158
						4159
						4160
						4161
						4162
						4163
						4164
					1413
					1414
						4221
						4279 ?
					1415
					1416
						4630
					1417
					1418
					1419
					1420
					1421
					1422
					1423
					1424
					1425
					1426
						4282
					1427
					1428
					1429
					1430
					1431
				408
					4652 ?
				409
				410
				411
				412
				413
				414
					4878 ?
				415
				416
				417
				418
				419
				420
				421
					4315 ?
				422
				423
				424
				425
					4241 ?
				426
			mux 63
				0..6 68
					6..8 100
						2114
						2115
						2116
						2117
							4807 ?
						2118
						2119
						2120
						2121
							4904 ?
						2122
							4355
						2123
						2124
						2125
						2126
						2127
						2128
						2129
						2130
						2131
						2132
						2133
						2134
							4254 ?
					2..3 116
						or 118
							2489
							2490
							2491
							2492
								4599 ?
							2493
							2494
							2495
							2496
							2497
							2498
								4471 ?
							2499
							2500
								4443
							2501
							2502
							2503
							2504
							2505
							2506
							2507
							2508
							2509
						mux 159
							3328
							3329
							3330
								4815
							3331
								4584 ?
							3332
							3333
							3334
							3335
							3336
							3337
							3338
							3339
							3340
							3341
							3342
							3343
							3344
							3345
								4845
							3346
							3347
								4444
							3348
							4464
						2449
							4827
						2450
						2451
						2452
							4543 ?
						2453
						2454
						2455
						2456
						2457
						2458
						2459
						2460
						2461
							4982
						2462
							4735 ?
						2463
							4640 ?
						2464
						2465
							4534
						2466
						2467
					1471
						4699
					1472
						4852 ?
					1473
					1474
					1475
					1476
					1477
					1478
					1479
					1480
					1481
					1482
					1483
					1484
					1485
					1486
					1487
					1488
					1489
				4..12 160
					3349
					3350
						4517
					3351
					3352
						4237
							4944 ?
					3353
						4654 ?
					3354
					3355
					3356
						4765 ?
					3357
					3358
					3359
					3360
					3361
						4787
					3362
					3363
						4207
					3364
					3365
					3366
					3367
					3368
					3369
				1373
				1374
				1375
				1376
				1377
				1378
					4586
				1379
				1380
				1381
					4860 ?
				1382
				1383
				1384
				1385
				1386
				1387
				1388
				1389
					4293
						4767 ?
				1390
				1391
			xor 89
				1890
				1891
				1892
					4540 ?
				1893
				1894
				1895
				1896
				1897
				1898
				1899
				1900
				1901
				1902
					4633
				1903
					4323 ?
				1904
				1905
				1906
					4349 ?
				1907
				1908
				1909
				1910
				4851
			3..20 92
				or 174
					3640
					3641
					3642
					3643
					3644
					3645
					3646
					3647
						4302
					3648
					3649
					3650
					3651
					3652
					3653
					3654
					3655
					3656
					3657
						4874
					3658
						4416
						4935
					3659
					3660
				1952
				1953
				1954
				1955
				1956
				1957
				1958
				1959
				1960
					4399 ?
				1961
				1962
				1963
				1964
				1965
				1966
				1967
				1968
				1969
				1970
					4417
				1971
				4526
			355
			356
				4842 ?
			357
			358
			359
			360
				4522 ?
			361
			362
			363
			364
			365
			366
			367
				4359
			368
			369
			370
			371
		xor 17
			or 38
				3..8 44
					or 46
						xor 189
							3955
							3956
							3957
							3958
							3959
								4836 ?
							3960
							3961
							3962
							3963
								4305
							3964
							3965
							3966
							3967
							3968
							3969
								4456 ?
							3970
								4615
							3971
							3972
							3973
							3974
							3975
								4959 ?
						1039
						1040
						1041
						1042
						1043
						1044
						1045
						1046
							4222
						1047
						1048
						1049
						1050
						1051
						1052
						1053
						1054
						1055
							4817 ?
						1056
						1057
						1058
						4590
					7..18 52
						or 78
							1667
							1668
							1669
								4294
									4762 ?
							1670
							1671
							1672
							1673
							1674
							1675
							1676
							1677
							1678
								4623 ?
							1679
							1680
							1681
							1682
							1683
							1684
								4374 ?
							1685
							1686
							1687
						9..15 136
							xor 157
								3286
								3287
								3288
								3289
									4708
									4928
								3290
								3291
									4819 ?
									4865
								3292
								3293
								3294
									4329 ?
								3295
								3296
								3297
								3298
									4209 ?
									4593
								3299
								3300
								3301
								3302
								3303
									4620 ?
								3304
								3305
								3306
							2850
								4969
							2851
							2852
							2853
								4441
							2854
								4703
							2855
							2856
							2857
							2858
							2859
							2860
							2861
							2862
							2863
							2864
								4581
							2865
							2866
							2867
								4337 ?
							2868
								4898 ?
							2869
						1156
						1157
							4746 ?
						1158
						1159
							4695
						1160
						1161
							4733 ?
						1162
							4875
						1163
						1164
						1165
						1166
						1167
						1168
						1169
						1170
							4373
						1171
							4322 ?
						1172
						1173
						1174
					999
					1000
					1001
					1002
					1003
					1004
					1005
					1006
					1007
						4968 ?
					1008
					1009
					1010
						4757
					1011
					1012
						4644 ?
					1013
					1014
					1015
					1016
					1017
					4889
				or 70
					1509
					1510
					1511
					1512
					1513
					1514
					1515
					1516
					1517
					1518
					1519
					1520
					1521
					1522
					1523
					1524
					1525
					1526
						4848
					1527
					1528
						4879
					1529
				887
				888
				889
				890
					4639
				891
				892
				893
				894
				895
				896
				897
				898
					4252
				899
				900
					4404 ?
				901
				902
				903
				904
					4744
					4799 ?
					4996 ?
				905
				4400
			xor 45
				1018
				1019
					4962
				1020
				1021
				1022
				1023
				1024
				1025
				1026
				1027
				1028
				1029
				1030
				1031
				1032
				1033
				1034
					4351 ?
					4629
				1035
				1036
				1037
				1038
				4539
			479
				4344 ?
			480
			481
			482
			483
			484
			485
				4742
			486
				4651
			487
			488
			489
				4418
			490
				4498
			491
				4596 ?
			492
			493
			494
			495
			496
			497
		1..20 36
			xor 73
				xor 105
					2219
					2220
					2221
					2222
					2223
					2224
					2225
					2226
					2227
					2228
					2229
					2230
					2231
						4738
					2232
					2233
						4387 ?
					2234
					2235
					2236
					2237
					2238
					2239
						4613 ?
				mux 179
					3745
					3746
					3747
					3748
						4491
							4849
					3749
					3750
					3751
					3752
					3753
					3754
					3755
					3756
					3757
					3758
					3759
						4587
					3760
					3761
					3762
					3763
						4792
					3764
					3765
						4208 ?
					4886
				10..21 200
					4186
					4187
					4188
					4189
					4190
					4191
					4192
					4193
					4194
					4195
					4196
						4716
					4197
					4198
					4199
					4200
					4201
					4202
					4203
					4204
					4205
					4206
				1570
				1571
					4484
				1572
				1573
				1574
				1575
					4251 ?
					4753
				1576
					4239 ?
				1577
				1578
				1579
				1580
				1581
				1582
				1583
					4410
				1584
				1585
				1586
				1587
			847
				4316 ?
			848
			849
			850
			851
				4211 ?
			852
			853
			854
			855
			856
			857
			858
			859
			860
				4816
			861
			862
			863
			864
				4747
			865
			866
		7..19 104
			2198
			2199
				4495 ?
			2200
			2201
			2202
			2203
			2204
			2205
			2206
			2207
			2208
			2209
			2210
			2211
			2212
				4334
			2213
			2214
			2215
			2216
			2217
			2218
		219
		220
		221
			4248 ?
			4397 ?
		222
		223
		224
		225
		226
		227
		228
		229
		230
		231
		232
		233
			4569
		234
		235
	5..10 12
		3..8 16
			or 22
				xor 33
					788
					789
					790
					791
					792
					793
					794
					795
					796
					797
						4235
						4589 ?
					798
					799
					800
					801
					802
					803
					804
						4544 ?
					805
					806
					807
					808
				mux 43
					xor 77
						mux 163
							3410
								4774
							3411
								4347 ?
									4579 ?
							3412
							3413
							3414
							3415
							3416
							3417
							3418
							3419
							3420
								4628 ?
							3421
								4711 ?
							3422
								4345 ?
							3423
							3424
								4785 ?
							3425
								4668 ?
							3426
							3427
							3428
							3429
							3430
							4455
						mux 175
							3661
							3662
							3663
							3664
							3665
							3666
							3667
								4246
							3668
							3669
							3670
								4257
							3671
							3672
							3673
							3674
							3675
							3676
							3677
							3678
							3679
								4752 ?
							3680
							3681
						1648
						1649
						1650
						1651
						1652
						1653
						1654
						1655
						1656
						1657
						1658
						1659
						1660
						1661
						1662
						1663
						1664
						1665
						1666
							4954 ?
					979
					980
					981
					982
					983
					984
						4811 ?
					985
					986
					987
					988
						4573
					989
					990
						4985 ?
					991
					992
					993
					994
					995
					996
					997
					998
						4927
				xor 69
					mux 99
						2093
						2094
						2095
						2096
						2097
						2098
							4632 ?
						2099
						2100
						2101
						2102
							4524 ?
							4967
						2103
							4396 ?
						2104
						2105
						2106
						2107
						2108
						2109
						2110
						2111
						2112
						2113
						4903
					xor 117
						2468
							4269
						2469
						2470
						2471
						2472
						2473
							4653
						2474
						2475
						2476
						2477
						2478
						2479
						2480
						2481
							4382 ?
								4461
						2482
						2483
						2484
						2485
							4850 ?
						2486
						2487
						2488
					1490
					1491
						4488 ?
					1492
					1493
					1494
					1495
					1496
					1497
					1498
						4308
					1499
					1500
					1501
					1502
					1503
					1504
					1505
					1506
					1507
					1508
				573
				574
				575
				576
				577
					4760
				578
				579
				580
				581
					4582 ?
				582
				583
				584
				585
					4789
				586
				587
				588
				589
				590
			0..15 24
				3..11 40
					or 74
						1588
						1589
						1590
							4372 ?
						1591
						1592
							4745
							4821 ?
						1593
						1594
						1595
						1596
						1597
						1598
							4618 ?
						1599
						1600
							4781 ?
						1601
						1602
						1603
						1604
						1605
						1606
						1607
						1608
					mux 83
						1768
						1769
						1770
						1771
						1772
						1773
						1774
						1775
						1776
						1777
							4943
						1778
						1779
						1780
							4567 ?
						1781
						1782
						1783
							4427
						1784
						1785
						1786
						1787
						1788
							4383
						4219
					or 126
						or 178
							3724
							3725
							3726
							3727
							3728
							3729
							3730
							3731
							3732
								4420
							3733
							3734
							3735
							3736
							3737
							3738
							3739
							3740
							3741
							3742
							3743
							3744
							4220
						2647
						2648
						2649
						2650
						2651
						2652
						2653
						2654
						2655
						2656
						2657
						2658
						2659
							4946
						2660
						2661
							4479 ?
						2662
						2663
							4664
							4922 ?
						2664
						2665
						2666
					15..19 132
						2767
						2768
						2769
						2770
						2771
						2772
							4214 ?
						2773
						2774
						2775
						2776
						2777
						2778
						2779
						2780
						2781
						2782
						2783
							4401
						2784
							4642
						2785
						2786
						2787
							4335 ?
							4476
							4658
					mux 199
						4165
						4166
						4167
						4168
						4169
							4361 ?
						4170
						4171
						4172
						4173
						4174
						4175
						4176
						4177
						4178
						4179
							4697
						4180
						4181
						4182
							4357
						4183
						4184
						4185
					923
					924
					925
					926
					927
						4696
					928
					929
					930
					931
					932
					933
					934
					935
					936
					937
					938
				609
				610
				611
				612
				613
				614
				615
				616
				617
					4428
					4824
				618
				619
					4516
				620
				621
				622
				623
				624
				625
				626
				627
				628
			or 26
				xor 121
					13..19 128
						6..9 192
							4018
							4019
								4402 ?
							4020
							4021
								4901
							4022
								4990
							4023
							4024
							4025
							4026
							4027
							4028
								4843 ?
							4029
								4684
								4972
							4030
								4328
							4031
							4032
								4994 ?
							4033
							4034
							4035
								4940 ?
							4036
							4037
							4038
						2687
						2688
						2689
						2690
						2691
						2692
							4422 ?
						2693
						2694
						2695
						2696
							4698
						2697
						2698
						2699
						2700
						2701
						2702
						2703
						2704
						2705
						2706
					2546
						4463 ?
					2547
					2548
					2549
						4691 ?
					2550
					2551
					2552
					2553
					2554
					2555
						4385
					2556
					2557
					2558
					2559
					2560
					2561
					2562
					2563
					2564
					2565
				649
				650
				651
				652
				653
					4226
					4715
				654
				655
				656
				657
				658
				659
				660
				661
				662
				663
				664
					4804 ?
				665
				666
				667
					4338 ?
				668
					4880
						4896 ?
			or 42
				xor 109
					2303
						4336
					2304
					2305
						4537 ?
					2306
						4720
					2307
					2308
					2309
					2310
					2311
						4440 ?
					2312
					2313
						4320 ?
					2314
					2315
					2316
					2317
					2318
					2319
					2320
					2321
					2322
					2323
						4616 ?
						4784
				959
					4379
				960
				961
				962
				963
				964
					4685
				965
				966
				967
					4276 ?
				968
					4287
				969
				970
				971
				972
				973
				974
				975
				976
				977
				978
					4261
			or 166
				3473
				3474
				3475
					4714 ?
				3476
				3477
				3478
				3479
				3480
				3481
				3482
					4530 ?
					4997 ?
				3483
				3484
				3485
				3486
				3487
					4260
						4262 ?
						4601
				3488
				3489
				3490
				3491
				3492
				3493
			463
			464
				4430 ?
			465
			466
			467
			468
			469
			470
			471
			472
			473
			474
			475
			476
				4210
				4342 ?
			477
				4805
			478
		xor 41
			4..11 56
				or 110
					2324
					2325
					2326
						4981 ?
					2327
					2328
					2329
					2330
						4677
					2331
					2332
					2333
					2334
					2335
					2336
					2337
					2338
					2339
					2340
					2341
					2342
					2343
						4518 ?
					2344
						4690 ?
				1237
				1238
				1239
				1240
				1241
				1242
				1243
				1244
				1245
				1246
				1247
				1248
				1249
				1250
				1251
				1252
				1253
				1254
					4570 ?
					4772
				1255
				1256
			939
				4240
			940
				4814 ?
			941
			942
			943
				4748
			944
			945
				4751
			946
			947
			948
				4431
			949
			950
			951
			952
				4552 ?
			953
			954
			955
			956
			957
				4782 ?
					4961 ?
			958
				4858 ?
		389
		390
		391
		392
			4578
		393
		394
		395
		396
		397
		398
		399
			4734 ?
		400
		401
		402
		403
		404
		405
			4960
		406
		407
	or 30 ?
		727
		728
		729
		730
		731
		732
		733
		734
		735
		736
			4743
		737
		738
		739
			4900 ?
		740
		741
		742
		743
		744
		745
		746
		747
	or 50 ?
		or 66
			14..17 76
				9..12 112
					2366
						4864
					2367
					2368
					2369
					2370
					2371
					2372
					2373
					2374
						4750
							4938 ?
					2375
					2376
					2377
					2378
					2379
					2380
					2381
						4353
					2382
						4514 ?
					2383
					2384
					2385
					2386
				1628
					4493 ?
				1629
				1630
				1631
				1632
				1633
				1634
				1635
				1636
				1637
				1638
				1639
				1640
				1641
				1642
				1643
				1644
				1645
					4449 ?
				1646
				1647
			or 86
				5..5 180
					3766
					3767
						4831
					3768
					3769
						4473
					3770
					3771
					3772
					3773
						4290 ?
							4360
					3774
						4794 ?
							4919
					3775
					3776
					3777
					3778
					3779
					3780
						4259
							4683
					3781
						4519
					3782
						4571
					3783
					3784
					3785
					3786
				1828
				1829
				1830
				1831
				1832
				1833
				1834
					4947 ?
				1835
				1836
				1837
				1838
				1839
				1840
				1841
				1842
				1843
					4472 ?
				1844
				1845
				1846
				1847
			1432
			1433
				4264
			1434
			1435
			1436
			1437
			1438
			1439
			1440
			1441
			1442
			1443
			1444
				4311 ?
			1445
			1446
			1447
			1448
			1449
			1450
		xor 93
			mux 135
				2829
					4709
				2830
					4732 ?
				2831
				2832
				2833
				2834
				2835
				2836
				2837
					4756 ?
				2838
				2839
				2840
				2841
				2842
				2843
				2844
				2845
					4267
				2846
				2847
					4918
				2848
				2849
			xor 153
				3202
				3203
				3204
				3205
				3206
				3207
				3208
				3209
				3210
				3211
				3212
				3213
				3214
				3215
				3216
					4974 ?
				3217
				3218
				3219
					4929 ?
				3220
					4838 ?
				3221
				3222
					4535 ?
			1972
			1973
			1974
			1975
			1976
			1977
			1978
				4250
			1979
			1980
			1981
			1982
			1983
			1984
			1985
			1986
			1987
			1988
			1989
			1990
		1118
			4450
		1119
			5000
		1120
		1121
		1122
		1123
			4297 ?
		1124
		1125
			4869
				4987 ?
		1126
		1127
			4801
				4907
			4956 ?
		1128
			4502 ?
		1129
		1130
			4621
		1131
			4710 ?
		1132
		1133
		1134
		1135
			4321 ?
		1136
	mux 51 ?
		xor 81
			or 102
				2156
				2157
					4327
				2158
					4364
				2159
				2160
					4884 ?
				2161
				2162
				2163
				2164
				2165
				2166
				2167
				2168
				2169
				2170
				2171
				2172
				2173
				2174
				2175
				2176
			mux 167
				3494
				3495
					4298
						4667
				3496
				3497
				3498
				3499
				3500
				3501
				3502
				3503
				3504
					4499 ?
				3505
				3506
					4283 ?
				3507
				3508
					4932 ?
				3509
				3510
					4786
				3511
				3512
				3513
				3514
			1728
			1729
			1730
			1731
			1732
			1733
				4870 ?
					4951 ?
			1734
			1735
			1736
			1737
			1738
			1739
			1740
			1741
			1742
			1743
			1744
				4512
			1745
			1746
		or 122
			2566
			2567
				4575
			2568
			2569
				4481 ?
			2570
			2571
			2572
			2573
			2574
			2575
			2576
			2577
			2578
			2579
				4245
			2580
			2581
			2582
				4663
			2583
			2584
			2585
			2586
				4243
		1137
			4952 ?
		1138
			4713
		1139
		1140
		1141
		1142
		1143
		1144
			4755 ?
		1145
			4657 ?
		1146
		1147
		1148
		1149
		1150
		1151
		1152
			4939 ?
		1153
		1154
		1155
config: 0