abstract 0
	mux 1 ?
		mux 3
			mux 5
				mux 23
					1..4 118
						mux 303
							1784
							1785
							1786
						2..2 336
							1838
							1839
								4858 ?
							1840
							4843
								4975 ?
						0..1 696
							2524
							2525
							2526
						mux 711
							2559
							2560
							2561
						1..2 1334
							4196
							4197
								4856 ?
							4198
					mux 201
						mux 1083
							3502
							3503
							3504
						1633
							4734 ?
								4939 ?
						1634
							4909 ?
					1504
				1..3 584
					2288
						4765
					2289
					2290
				1501
			2..3 6
				mux 9
					mux 11
						mux 15
							0..0 130
								0..2 316
									1807
									1808
									1809
										4761
									4988
								0..3 458
									mux 727
										2601
										2602
										2603
									2058
									2059
								1..3 720
									mux 845
										2891
										2892
										2893
									2583
									2584
								mux 793
									2..3 930
										2..2 1456
											4549
											4550
											4551
										3091
										3092
									1..3 1102
										3553
										3554
										3555
									2763
										4803 ?
							mux 199
								1..1 276
									mux 287
										0..2 464
											2069
											2070
												4711 ?
											2071
										1756
										1757
									1..3 288
										mux 461
											0..2 574
												2264
													4808
												2265
												2266
											2063
											2064
										1758
										1759
									1..2 878
										2968
										2969
										2970
								mux 1015
									3315
										4784 ?
									3316
									3317
								1..2 1048
									3404
									3405
									3406
							1..2 256
								1720
								1721
								1722
							mux 281
								0..2 284
									1753
									1754
									1755
								0..2 320
									mux 433
										mux 449
											mux 903
												mux 1437
													4493
													4494
													4495
												3030
												3031
											mux 917
												3061
												3062
												3063
											2043
												4841
										mux 535
											0..2 806
												1..1 832
													2861
													2862
													2863
												2791
												2792
											2188
											2189
										mux 867
											2941
											2942
											2943
										mux 885
											2985
											2986
											2987
									mux 469
										0..3 516
											1..1 966
												3188
												3189
												3190
											2149
											2150
										mux 857
											2915
											2916
												4835 ?
											2917
										1..3 1098
											3542
												4917
											3543
											3544
									1..3 626
										mux 817
											2821
											2822
											2823
										2375
										2376
									0..1 1198
										2..3 1398
											4382
											4383
											4384
										3813
										3814
								mux 785
									mux 1125
										3614
										3615
										3616
									2743
									2744
								mux 1069
									3461
									3462
										4798 ?
									3463
						mux 29
							mux 57
								1..2 324
									mux 1223
										3881
										3882
										3883
									1819
									1820
								1..2 536
									2190
									2191
									2192
								0..1 874
									2957
									2958
									2959
									4850
							mux 209
								0..1 226
									mux 227
										mux 577
											3..4 820
												2830
												2831
												2832
												4872
											mux 823
												2838
												2839
												2840
											2272
										1..2 782
											2735
											2736
											2737
										0..3 824
											2841
											2842
											2843
										mux 1389
											4357
											4358
											4359
									2..3 354
										mux 511
											mux 515
												1..2 548
													2211
														4756 ?
													2212
													2213
												2147
												2148
											mux 681
												2487
												2488
												2489
											1..1 1370
												4302
												4303
												4304
										1876
										1877
									mux 841
										0..1 1228
											3895
											3896
											3897
										2881
										2882
								3..3 248
									1706
									1707
									1708
								mux 767
									2697
									2698
									2699
								2..2 954
									3157
									3158
									3159
								0..3 960
									3173
									3174
										4933 ?
									3175
							mux 241
								1691
								1692
									4740 ?
								1693
							mux 411
								mux 1121
									3602
									3603
									3604
								1981
								1982
									4873
						6..6 30
							3..5 36
								0..2 100
									2..4 192
										3..3 254
											2..3 1464
												4573
												4574
												4575
													4731 ?
											1717
											1718
										2..3 760
											2679
											2680
											2681
										1619
										4947
									mux 339
										mux 627
											mux 765
												2691
												2692
													4974
												2693
											2377
											2378
										0..3 664
											1..3 718
												2577
												2578
												2579
											mux 983
												mux 1287
													4060
													4061
													4062
												3232
												3233
											1..2 1012
												3306
												3307
													4914
												3308
										mux 897
											0..1 1158
												3702
												3703
												3704
											3016
											3017
									1544
								mux 143
									mux 173
										mux 183
											1..3 746
												2649
												2650
												2651
											3..3 908
												1..1 928
													3086
													3087
													3088
												0..3 1058
													3431
													3432
													3433
												3041
											mux 1045
												3395
												3396
												3397
										mux 373
											mux 385
												1..3 774
													2715
													2716
													2717
												1..3 1352
													4249
													4250
													4251
													4807
												1935
											mux 1339
												4210
												4211
												4212
											1915
										1602
									2..2 224
										1..1 266
											mux 679
												2481
												2482
												2483
											1730
											1731
										0..2 404
											1967
											1968
											1969
										mux 717
											2574
											2575
											2576
										mux 935
											3105
											3106
											3107
											4902
									1574
								1..1 238
									mux 293
										1771
										1772
											4725 ?
										1773
									mux 1047
										3401
										3402
										3403
									1688
								0..3 292
									1768
									1769
										4863
									1770
								0..2 384
									1..3 406
										2..2 958
											mux 975
												3212
												3213
												3214
											3168
											3169
										1972
										1973
									mux 435
										mux 751
											mux 1013
												3309
												3310
												3311
											mux 1321
												4159
												4160
												4161
											2661
										mux 1009
											3297
											3298
											3299
										2023
									0..1 578
										2273
										2274
										2275
								mux 585
									mux 653
										2424
										2425
										2426
									mux 1267
										4004
										4005
										4006
									2291
								mux 1159
									3705
									3706
									3707
							1..3 40
								mux 63
									1..1 814
										2812
										2813
										2814
									0..3 816
										2818
										2819
										2820
									1518
								2..3 1074
									3476
									3477
									3478
								2..3 1440
									4502
										4815
									4503
									4504
							mux 111
								3..4 230
									1667
										4855
									1668
									1669
									4827
								3..3 282
									1..1 412
										0..2 690
											0..3 722
												2587
													4692 ?
												2588
												2589
											1..3 1450
												4532
												4533
												4534
											2511
												4703
										1983
										1984
											4867
									1750
									1751
								1550
								4795
							mux 141
								mux 167
									1594
										4998 ?
									1595
										4732 ?
									1596
									4702
								mux 313
									mux 465
										mux 553
											mux 1029
												3350
												3351
												3352
											2220
											2221
										1..2 1320
											4156
											4157
											4158
										2..2 1430
											4472
											4473
											4474
									1..1 474
										mux 489
											1..3 1174
												3746
												3747
												3748
													4825
											2107
											2108
												4706
										2082
										2083
									mux 663
										0..3 948
											3139
											3140
											3141
										2446
										2447
								mux 905
									3035
									3036
									3037
							0..1 818
								2824
								2825
								2826
							mux 893
								3007
								3008
								3009
						mux 121
							2..2 590
								2301
								2302
								2303
							mux 753
								mux 1425
									4457
									4458
									4459
								2664
								2665
							1557
								4854 ?
						mux 579
							0..1 858
								mux 1169
									3732
									3733
									3734
								2918
								2919
							2276
								4924
							2277
					0..4 16
						mux 91
							1..3 208
								0..3 620
									2363
										4781 ?
									2364
										4823
									2365
								mux 637
									2394
									2395
									2396
								1..3 1130
									3628
									3629
									3630
							mux 375
								mux 687
									2..2 1162
										mux 1217
											3863
											3864
											3865
										3714
										3715
									0..3 1330
										mux 1457
											4552
											4553
											4554
										4185
										4186
									2504
								mux 775
									1..3 790
										2754
										2755
										2756
									2..3 920
										0..2 946
											mux 1173
												3743
													4960
												3744
												3745
											3134
											3135
										mux 1141
											3657
												4972
											3658
											3659
											4688
										0..1 1364
											4285
											4286
											4287
									0..2 1348
										4237
										4238
										4239
								1919
							1534
						3..3 168
							1..2 308
								0..2 1046
									3398
									3399
									3400
								1792
								1793
							3..3 512
								2..3 522
									mux 1077
										3485
										3486
										3487
									2161
									2162
								0..3 1022
									mux 1055
										3423
										3424
										3425
									mux 1191
										1..1 1266
											4001
											4002
											4003
										3793
										3794
									mux 1261
										3987
										3988
										3989
								2141
							1597
						mux 277
							2..2 596
								0..2 668
									mux 715
										2570
										2571
										2572
									mux 1409
										4415
										4416
											4936
										4417
									2454
								2316
								2317
							mux 1115
								mux 1161
									3711
									3712
									3713
								3586
								3587
							mux 1413
								4424
								4425
								4426
						0..3 706
							mux 1341
								4216
								4217
								4218
							2548
							2549
					2..3 532
						2..3 646
							mux 863
								2931
									4833 ?
								2932
								2933
							2411
							2412
						0..2 808
							2796
							2797
							2798
						0..1 1070
							3464
							3465
							3466
					0..1 580
						2278
						2279
						2280
				5..5 62
					mux 87
						mux 131
							mux 597
								2318
								2319
								2320
							1..3 644
								mux 1197
									3810
									3811
									3812
								2408
								2409
									4908
							1565
						2..2 210
							1..1 376
								2..3 666
									2449
									2450
									2451
								1920
								1921
							1643
							1644
						mux 267
							mux 299
								mux 403
									1964
									1965
									1966
								1..2 442
									0..1 704
										2544
										2545
										2546
									1..1 1112
										mux 1415
											4429
											4430
											4431
										3579
										3580
									2035
								0..1 988
									3244
									3245
									3246
							0..1 420
								mux 783
									2738
									2739
									2740
								mux 1245
									3943
									3944
										4802
									3945
									4945
								1997
							1732
						mux 279
							1745
							1746
							1747
						0..3 528
							0..3 796
								1..3 1164
									3719
									3720
									3721
								mux 1471
									4594
									4595
										4804 ?
									4596
								2769
							2174
							2175
						mux 671
							0..3 1194
								3801
								3802
								3803
							2461
							2462
						2..2 886
							2988
							2989
							2990
						mux 949
							3142
							3143
							3144
					2..2 132
						2..3 490
							mux 525
								1..2 586
									1..1 1472
										4597
										4598
										4599
									2292
									2293
								mux 725
									2596
									2597
									2598
								mux 909
									3042
									3043
									3044
								mux 1155
									3693
									3694
									3695
									4813
								1..2 1268
									mux 1423
										mux 1495
											4666
											4667
											4668
										4452
										4453
									4007
									4008
							0..2 934
								3102
									4859
								3103
								3104
							2109
						1566
						1567
						4712
					mux 177
						2..3 260
							mux 547
								3..3 1202
									3823
									3824
									3825
								2209
								2210
							2..3 628
								mux 807
									2793
									2794
									2795
								mux 967
									3191
									3192
									3193
								2379
							mux 907
								3038
								3039
								3040
							0..3 1492
								4657
								4658
								4659
						1604
						1605
					mux 181
						mux 335
							mux 395
								1..2 842
									2883
									2884
									2885
								1950
								1951
							mux 647
								0..1 1110
									2..3 1124
										3611
											4931
										3612
										3613
									3576
									3577
								2413
								2414
							3..3 830
								0..2 1452
									4537
									4538
									4539
								2858
								2859
							mux 1221
								3875
								3876
								3877
						mux 565
							2241
								4857 ?
							2242
							2243
						mux 1233
							mux 1411
								mux 1499
									4678
									4679
									4680
										4993
									4971
								4420
								4421
									4889 ?
								4745
							3910
							3911
					3..3 392
						1943
						1944
						1945
					2..2 408
						3..3 846
							0..1 1204
								0..2 1414
									1..2 1428
										4466
										4467
										4468
									4427
									4428
								3829
								3830
							mux 1301
								4102
								4103
								4104
									4698
							mux 1447
								4523
								4524
								4525
						1975
						1976
					mux 419
						mux 769
							2703
							2704
							2705
						mux 1147
							mux 1393
								4367
								4368
								4369
							3672
							3673
						1996
					mux 619
						0..4 636
							1..3 1286
								mux 1355
									4258
									4259
									4260
								4058
								4059
							2392
							2393
							4943
						mux 649
							0..2 1016
								3318
								3319
								3320
							1..3 1186
								3779
								3780
								3781
							2417
						3..3 700
							0..2 802
								mux 915
									3057
									3058
									3059
								2781
								2782
							2534
							2535
								4713
							4849
						mux 1213
							1..2 1496
								4669
								4670
								4671
							3853
							3854
						1..1 1218
							3866
							3867
							3868
				3..3 80
					1..2 472
						3..3 724
							2593
							2594
							2595
						2080
						2081
					1526
					1527
				0..2 112
					2..2 344
						1..2 500
							2122
							2123
							2124
								4707 ?
						mux 901
							1..3 1114
								3583
								3584
								3585
							0..3 1176
								mux 1365
									4288
									4289
									4290
										4955
								3752
								3753
							3027
						1853
					mux 1177
						3754
						3755
						3756
					1551
				1..2 160
					mux 481
						mux 1095
							3533
							3534
							3535
						2..3 1332
							4190
							4191
							4192
						mux 1397
							4379
							4380
							4381
					1591
					1592
			0..5 8
				mux 19
					mux 25
						1..1 42
							mux 47
								1..3 52
									1513
									1514
									1515
								0..1 70
									mux 343
										mux 361
											mux 389
												mux 471
													mux 947
														3136
														3137
														3138
													2078
													2079
														4967
												1..2 1442
													4508
													4509
													4510
												1939
											mux 1479
												4618
												4619
												4620
											1892
										2..2 390
											1940
											1941
											1942
										1852
									2..3 550
										2217
										2218
										2219
									mux 1253
										3963
										3964
										3965
								mux 423
									mux 501
										1..2 1108
											3571
											3572
											3573
										0..4 1416
											mux 1427
												4463
												4464
												4465
													4832 ?
											4432
											4433
											4894
										2125
									3..3 560
										3..3 1374
											4314
												4758
											4315
											4316
											4717
												4871
										2232
										2233
									1..1 1258
										3978
										3979
										3980
								1..3 446
									mux 659
										mux 973
											mux 1247
												0..2 1298
													4093
													4094
													4095
												1..1 1468
													4585
													4586
													4587
												3949
											3207
											3208
										0..3 1350
											4243
												4811
											4244
											4245
												4830
										2439
									1..1 932
										3096
										3097
										3098
									2039
							2..3 250
								1710
								1711
								1712
							0..2 676
								2472
									4722 ?
								2473
								2474
						1..2 46
							1..1 48
								mux 67
									mux 235
										mux 1483
											4630
											4631
											4632
										1680
										1681
									2..3 300
										0..2 368
											1905
											1906
											1907
										mux 599
											2323
											2324
											2325
										2..2 1214
											3855
											3856
											3857
									0..2 944
										0..2 1232
											3907
											3908
											3909
										3129
										3130
									1..3 1484
										4633
										4634
										4635
								mux 99
									0..1 268
										mux 595
											1..2 1006
												1..4 1126
													3617
													3618
													3619
													4928
												3290
												3291
												4845
											2314
											2315
										1733
										1734
									2..2 488
										2104
										2105
										2106
									2..3 976
										2..2 1122
											3605
											3606
											3607
										3215
										3216
								mux 103
									0..2 128
										mux 1057
											mux 1067
												1..1 1288
													4063
													4064
													4065
												3456
												3457
											3429
											3430
										1562
										1563
									0..2 852
										mux 1283
											4049
											4050
											4051
										2908
										2909
									0..4 1282
										4046
										4047
										4048
										4944
									1..3 1284
										4052
										4053
										4054
								1..4 114
									mux 193
										mux 529
											2176
											2177
											2178
										2..2 1068
											3458
											3459
											3460
										1620
									mux 211
										mux 257
											mux 311
												4..4 332
													2..3 388
														mux 531
															2180
															2181
															2182
														1937
														1938
													mux 405
														mux 797
															mux 1189
																3787
																3788
																3789
																4962
															2770
															2771
														1970
														1971
													mux 539
														0..3 672
															mux 1417
																4434
																4435
																4436
															mux 1481
																4624
																	4921 ?
																4625
																4626
															2463
														mux 1117
															3591
															3592
															3593
														mux 1291
															4072
															4073
															4074
													mux 1097
														3539
														3540
														3541
													mux 1477
														4612
														4613
														4614
												mux 683
													2493
													2494
													2495
												mux 745
													2646
													2647
													2648
												mux 979
													mux 1025
														3339
														3340
														3341
													1..3 1220
														3872
														3873
														3874
													3222
												mux 1101
													mux 1277
														mux 1315
															1..1 1358
																4267
																4268
																4269
															4143
															4144
														4032
														4033
													3551
													3552
											0..1 992
												2..2 1294
													4081
													4082
													4083
												3256
												3257
												4926
											1723
										mux 427
											mux 609
												1..2 670
													2458
													2459
													2460
												mux 777
													2721
													2722
													2723
												2342
											2009
											2010
											4969
										1..3 762
											2684
											2685
											2686
									3..3 546
										mux 1467
											4582
											4583
											4584
										2207
										2208
										4973
									2..2 556
										2224
										2225
										2226
							2..2 66
								mux 89
									mux 159
										1588
										1589
										1590
									1532
									1533
								1..2 116
									1..3 190
										mux 285
											mux 393
												2..3 810
													2802
													2803
													2804
												1946
												1947
											3..3 394
												0..2 594
													1..3 872
														1..2 1378
															4325
															4326
															4327
														2952
														2953
													2312
													2313
												1948
												1949
											1..3 480
												mux 1091
													mux 1379
														4328
														4329
														4330
													3524
													3525
													4695
												2094
												2095
											1..3 884
												2982
												2983
												2984
											mux 1491
												4654
												4655
												4656
										mux 1085
											3507
											3508
											3509
										mux 1377
											4322
											4323
											4324
									1555
									1556
								0..3 304
									mux 355
										0..3 456
											2..2 1422
												4449
												4450
												4451
											2054
											2055
										2..2 910
											3045
											3046
											3047
										1878
									1..1 364
										0..2 454
											2049
											2050
											2051
										mux 1165
											3722
												4744
											3723
											3724
										1897
									1787
								mux 305
									mux 477
										1..3 876
											0..2 1080
												3493
												3494
												3495
											2963
											2964
										2089
										2090
									1..2 710
										mux 1375
											0..3 1418
												4437
												4438
												4439
											4317
											4318
										2557
										2558
										4741
											4769
												4774
									mux 965
										3..4 1292
											4075
											4076
											4077
											4768
										3186
										3187
											4743
								mux 519
									2..3 1088
										1..1 1262
											3990
											3991
											3992
										3516
										3517
									mux 1303
										4108
										4109
										4110
										4903
									2156
								1..3 752
									mux 1241
										3932
										3933
										3934
									2662
									2663
								mux 951
									3148
									3149
										4869
									3150
							mux 139
								0..1 146
									2..2 648
										mux 1349
											4240
											4241
											4242
										2415
										2416
									1576
									1577
								mux 147
									1578
									1579
									1580
								mux 635
									mux 1317
										4148
										4149
										4150
											4904
									2390
									2391
							mux 503
								2128
								2129
								2130
							2..2 1244
								mux 1297
									4090
									4091
									4092
								3941
								3942
									4877
						2..2 102
							1545
							1546
							1547
						1..2 322
							1..1 778
								2724
								2725
								2726
							1..3 1118
								mux 1309
									4126
									4127
									4128
								3594
									4736
								3595
							1816
						mux 445
							0..2 562
								mux 987
									3241
									3242
									3243
								2236
								2237
							0..2 686
								2501
								2502
								2503
							mux 921
								3070
								3071
								3072
							mux 1403
								4397
								4398
								4399
						mux 1031
							3356
							3357
							3358
					3..4 26
						6..7 88
							3..3 110
								1..2 328
									2..2 1342
										4219
										4220
										4221
									1827
									1828
								mux 1207
									mux 1351
										4246
										4247
										4248
									3837
									3838
									4977
								1549
							1..3 176
								1..1 302
									mux 713
										2564
										2565
										2566
									mux 739
										2633
										2634
											4961
										2635
									1783
										4964 ?
								0..3 616
									1..2 688
										2505
										2506
										2507
									2..2 984
										3..3 1092
											3526
											3527
											3528
										3234
										3235
										4748
									2358
								mux 1429
									4469
									4470
									4471
								1..2 1470
									4591
									4592
									4593
							3..3 182
								0..1 430
									2015
									2016
									2017
								1612
								1613
							mux 269
								mux 379
									3..3 510
										2..3 970
											3198
											3199
											3200
										2139
										2140
									1926
										4907
										4935 ?
									1927
								2..2 634
									2..4 868
										2944
										2945
										2946
										4787
									mux 1187
										mux 1335
											4199
											4200
											4201
												4820 ?
											4862
										3782
											4755 ?
										3783
									mux 1219
										3869
										3870
										3871
									0..3 1274
										4024
											4860 ?
										4025
										4026
								mux 801
									2778
									2779
									2780
							3..3 682
								2490
								2491
								2492
							mux 889
								2997
								2998
								2999
									4896 ?
								4840
							1..1 1196
								3807
								3808
								3809
						mux 207
							mux 455
								mux 1333
									4193
									4194
									4195
										4685 ?
											5000 ?
								2052
								2053
							1641
							1642
						mux 429
							1..3 448
								2..3 468
									3..3 708
										mux 943
											3126
											3127
											3128
										2553
										2554
									2074
									2075
								2041
								2042
									4777 ?
							1..3 786
								2745
								2746
								2747
							2014
						mux 1445
							4517
							4518
								4963 ?
							4519
					1..1 50
						0..3 74
							1..3 684
								2496
								2497
								2498
							1521
							1522
						1..1 106
							mux 113
								1552
								1553
								1554
							mux 133
								mux 263
									1..3 356
										1879
										1880
										1881
									mux 879
										2971
										2972
										2973
									mux 1175
										3749
										3750
										3751
										4942
								2..3 270
									mux 345
										2..2 728
											3..3 998
												3268
												3269
													4898 ?
												3270
											2604
											2605
										1854
										1855
									1..1 518
										mux 1421
											4446
												4937 ?
											4447
												4941
											4448
										2154
										2155
											4783 ?
									mux 697
										2527
										2528
										2529
											4920
								2..3 712
									mux 1383
										4339
										4340
										4341
									2562
									2563
								mux 985
									mux 1063
										3445
										3446
										3447
									3236
									3237
										4792
							mux 149
								mux 289
									mux 605
										2..3 1432
											4478
											4479
											4480
										2335
										2336
									1760
									1761
								mux 319
									mux 633
										2387
										2388
										2389
									mux 861
										2925
										2926
										2927
									mux 1305
										4114
										4115
										4116
								mux 759
									mux 1435
										4487
										4488
										4489
									2677
									2678
							1..3 184
								mux 219
									1..2 418
										0..2 450
											mux 877
												2965
												2966
												2967
													4912
											2..2 1434
												4484
												4485
												4486
											2044
										0..1 1136
											3644
											3645
											3646
										1995
									3..3 756
										mux 919
											3067
											3068
											3069
										2671
										2672
									1653
								1..3 362
									1893
									1894
									1895
								2..2 768
									2700
									2701
									2702
						mux 621
							mux 1079
								mux 1299
									4096
									4097
									4098
								3491
								3492
							2..2 1234
								3912
								3913
								3914
							2..2 1252
								3960
								3961
									4723 ?
								3962
								4991
				3..3 68
					mux 291
						1765
						1766
						1767
							4979
					mux 347
						1859
						1860
						1861
					1..1 1044
						3392
						3393
						3394
				2..4 90
					2..2 138
						mux 157
							mux 803
								1..3 1082
									3499
									3500
									3501
								2783
								2784
							mux 1327
								4176
									4739
								4177
								4178
							1587
							4767
								4934 ?
						mux 755
							2668
							2669
							2670
						2..3 792
							2760
							2761
							2762
					2..3 334
						1835
						1836
						1837
					1..3 850
						2902
							4764 ?
						2903
							4829
						2904
					0..1 1090
						3521
						3522
						3523
				2..3 104
					mux 165
						mux 231
							1670
							1671
							1672
							4838
						1..1 280
							0..3 380
								1928
								1929
								1930
							1748
							1749
								4948 ?
						mux 509
							2136
							2137
							2138
						0..2 912
							1..2 1144
								3664
								3665
								3666
							3051
							3052
					0..3 212
						mux 359
							mux 1235
								3915
									4810
								3916
								3917
							1887
								4746 ?
							1888
						mux 1087
							3513
							3514
								4705 ?
							3515
						1645
					1..1 486
						mux 1149
							3677
							3678
							3679
						2101
						2102
				mux 1043
					3389
					3390
					3391
			mux 31
				mux 1105
					3562
					3563
					3564
				mux 1453
					4540
					4541
					4542
				1506
			3..3 44
				mux 73
					mux 787
						mux 853
							2..2 864
								0..2 1172
									1..4 1190
										3790
										3791
										3792
										4879
									3741
									3742
								2934
								2935
							2..2 964
								2..4 1406
									4406
									4407
									4408
									4696
										4987 ?
								3184
								3185
							mux 1199
								3815
								3816
								3817
						1..3 1314
							4140
							4141
							4142
						2748
					1519
					1520
				1510
				1511
			3..3 108
				1..2 330
					mux 625
						mux 1065
							2..3 1494
								4663
								4664
									4806
								4665
							3451
							3452
						2373
							4888 ?
						2374
					1831
					1832
				0..1 622
					2366
					2367
					2368
				1548
			1..2 582
				2284
				2285
				2286
		4..4 4
			0..7 12
				0..3 32
					mux 51
						mux 85
							mux 187
								1615
								1616
								1617
							1530
							1531
						2..2 140
							0..3 318
								2..2 602
									0..3 1178
										2..3 1480
											4621
												4726 ?
											4622
											4623
												4805
										3757
										3758
									3..3 1336
										4202
											4996
										4203
										4204
									2332
								3..3 798
									0..3 1222
										3878
										3879
										3880
									2772
									2773
								1812
							2..3 416
								mux 453
									1..2 804
										2785
										2786
										2787
									mux 1443
										4511
										4512
										4513
									2048
										4911
								1990
									4982 ?
								1991
							3..3 508
								1..2 612
									2348
									2349
									2350
										4884
								1..3 1078
									3488
									3489
									3490
								0..2 1462
									4567
									4568
									4569
						1..1 222
							3..3 1120
								3599
								3600
								3601
							1657
							1658
						mux 229
							mux 699
								2531
								2532
								2533
									4983
							1665
							1666
						2..2 264
							1..1 370
								1909
								1910
								1911
							mux 383
								mux 611
									0..2 656
										mux 737
											2627
											2628
											2629
										2431
										2432
									2346
									2347
								2..2 1004
									3284
									3285
									3286
								1934
							2..3 534
								2185
								2186
								2187
						mux 989
							3247
								4689
									4733 ?
							3248
								4868
							3249
					mux 171
						mux 829
							2855
							2856
							2857
						1600
						1601
					mux 297
						mux 463
							mux 473
								mux 895
									3011
									3012
									3013
								1..1 1084
									mux 1347
										4234
										4235
										4236
										4880
									3505
									3506
								2..2 1134
									mux 1265
										3998
										3999
										4000
									3639
									3640
							mux 743
								mux 1133
									3636
									3637
									3638
									4951
								0..3 1366
									4291
									4292
										4818
									4293
								2643
							2068
						2..2 1312
							4134
							4135
							4136
						1778
					1..1 1002
						3278
						3279
						3280
				mux 55
					0..2 82
						mux 155
							mux 331
								mux 367
									1902
									1903
									1904
								3..3 980
									3223
									3224
									3225
								1833
							mux 381
								mux 881
									mux 1313
										4137
										4138
										4139
									2976
									2977
								mux 1153
									3687
									3688
									3689
									4875
								1931
							mux 723
								2590
								2591
								2592
						0..3 382
							mux 537
								1..2 588
									1..1 680
										2484
										2485
										2486
									2296
									2297
								2193
								2194
							1932
							1933
						1..3 398
							1..3 880
								2..3 1426
									4460
									4461
									4462
								2974
								2975
							1957
							1958
						2..3 610
							2343
							2344
							2345
					0..1 1316
						4145
						4146
						4147
					1516
					4986
				mux 105
					2..2 170
						1..3 926
							mux 1103
								3556
								3557
								3558
							0..2 1248
								2..3 1318
									4151
									4152
									4153
								3950
								3951
							mux 1293
								4078
								4079
								4080
						1598
						1599
					0..3 214
						1..2 240
							mux 329
								mux 421
									mux 827
										2850
										2851
										2852
									2..2 990
										3250
										3251
										3252
									1998
								1829
								1830
							1689
							1690
						1..3 496
							mux 573
								0..2 1386
									4348
									4349
									4350
								2262
								2263
							mux 1167
								3..3 1308
									4123
									4124
									4125
								3728
								3729
							0..1 1388
								4354
								4355
								4356
							mux 1391
								4362
								4363
								4364
							2..3 1460
								4561
								4562
								4563
						mux 959
							3170
							3171
							3172
					2..3 902
						1..3 1128
							0..3 1182
								mux 1271
									4015
									4016
									4017
								3768
								3769
							3623
								4915 ?
							3624
						3028
						3029
						4990
					mux 1289
						4066
						4067
						4068
				mux 151
					0..2 196
						mux 415
							mux 721
								mux 891
									2..2 1368
										4296
										4297
										4298
									0..2 1392
										2..3 1466
											4579
											4580
											4581
										4365
										4366
									3003
								2585
									4851
								2586
							1988
							1989
							4709
						1626
						1627
					0..2 258
						0..1 758
							mux 963
								3181
								3182
								3183
							2675
							2676
						1724
						1725
					1582
				1..2 400
					mux 545
						mux 549
							2214
							2215
							2216
						2205
						2206
					1961
					1962
				1..3 738
					2630
						4847
					2631
					2632
				0..3 1344
					4225
					4226
					4227
			3..3 34
				1..1 94
					1537
					1538
					1539
				mux 97
					mux 135
						1..4 162
							mux 657
								2433
								2434
								2435
							mux 955
								mux 1273
									4021
										4954
									4022
									4023
								3160
								3161
								4978
							mux 1037
								3373
								3374
								3375
							mux 1145
								0..1 1212
									3850
										4994 ?
									3851
										4701 ?
									3852
								3667
								3668
						1568
						1569
					1..2 314
						1802
						1803
						1804
					mux 1099
						3545
						3546
						3547
						4700
				mux 203
					mux 237
						1685
						1686
						1687
					1636
					1637
			mux 45
				2..2 60
					mux 273
						3..3 298
							mux 409
								mux 1019
									1..2 1026
										3342
										3343
											4799 ?
										3344
									mux 1251
										mux 1255
											3969
											3970
											3971
										3958
										3959
									3326
									4992
								2..2 1486
									4639
									4640
										4727
										4989 ?
									4641
								1977
									4846 ?
							1779
							1780
						0..2 1152
							mux 1295
								4084
								4085
									4901 ?
								4086
							3685
							3686
						1739
					1..1 414
						0..2 968
							1..3 1066
								3453
								3454
								3455
							3194
							3195
						mux 1151
							3682
							3683
							3684
						1987
					1..1 624
						2370
						2371
						2372
					mux 1081
						3496
						3497
						3498
					0..2 1096
						3536
						3537
						3538
				mux 61
					2..3 96
						mux 255
							0..4 744
								1..3 882
									2978
									2979
									2980
								2644
								2645
								4980
							mux 1075
								3479
								3480
								3481
							1719
						2..3 654
							mux 1469
								4588
									4759
									4932 ?
								4589
								4590
							2427
							2428
						1543
					mux 123
						1..2 236
							1682
							1683
							1684
						mux 309
							1794
							1795
							1796
						1..2 660
							mux 1285
								4055
								4056
								4057
							mux 1357
								4264
								4265
								4266
							2440
						0..2 1086
							3510
							3511
							3512
							4938
					3..3 1256
						3972
						3973
						3974
					4865
				0..3 152
					1583
					1584
					1585
				mux 163
					mux 349
						mux 527
							2171
							2172
							2173
						1865
						1866
						4753
					mux 487
						0..2 540
							1..1 742
								3..4 780
									mux 1209
										mux 1461
											4564
											4565
											4566
										3842
										3843
									2730
									2731
									4922
								2641
								2642
								4735
							mux 805
								2788
								2789
								2790
							2198
						0..3 1410
							mux 1475
								4606
								4607
								4608
							4418
							4419
						2103
					mux 1041
						3383
						3384
						3385
					0..1 1146
						3669
						3670
							4919 ?
						3671
					2..2 1208
						3839
						3840
						3841
					mux 1211
						3847
						3848
						3849
				2..2 286
					1..3 346
						1856
						1857
						1858
					mux 365
						0..2 834
							2867
							2868
							2869
						1898
						1899
					mux 451
						0..2 1276
							4029
							4030
							4031
						2045
						2046
					2..3 494
						mux 705
							mux 1225
								3887
									4899 ?
								3888
								3889
							1..1 1384
								4342
								4343
								4344
							2547
						mux 747
							mux 859
								2920
								2921
								2922
							1..1 896
								0..3 1050
									3409
									3410
										4699 ?
									3411
								3014
								3015
							2..2 1148
								3674
								3675
								3676
								4766
						2114
							4927
					mux 993
						3258
						3259
						3260
				0..2 506
					mux 567
						mux 1387
							4351
							4352
							4353
						2247
						2248
					mux 593
						2309
						2310
						2311
					3..3 1072
						3470
						3471
						3472
			mux 71
				2..3 126
					mux 601
						2329
						2330
						2331
					mux 719
						2580
						2581
						2582
					1560
				1..1 172
					mux 505
						2132
						2133
						2134
					3..3 936
						2..3 1056
							3426
							3427
							3428
						3108
						3109
					1..1 1106
						3565
						3566
						3567
				2..3 294
					1..2 592
						2306
						2307
						2308
					mux 731
						mux 1051
							mux 1139
								1..3 1180
									3762
									3763
									3764
								3652
								3653
							3412
							3413
						2612
						2613
					1774
			mux 195
				1623
				1624
				1625
				4812
			mux 243
				2..2 348
					1862
					1863
					1864
				mux 695
					3..3 754
						0..1 788
							mux 1343
								4222
								4223
								4224
							2749
							2750
						2666
						2667
					2522
					2523
				1697
				4831
			mux 1193
				3798
				3799
				3800
			4776
			4861
		mux 7
			mux 127
				mux 233
					3..3 750
						2658
						2659
						2660
					1675
					1676
				mux 703
					2541
					2542
					2543
				1561
					4693 ?
			mux 485
				2098
				2099
				2100
			1502
		mux 17
			1..1 22
				mux 145
					mux 325
						2..2 1476
							4609
							4610
							4611
						1821
						1822
					mux 431
						mux 583
							mux 923
								3075
								3076
								3077
									4718
							3..3 1020
								3327
								3328
								3329
							2287
						2018
						2019
							4704
					1575
				mux 425
					mux 517
						2151
						2152
						2153
					2004
					2005
				mux 467
					mux 1049
						mux 1401
							4391
							4392
							4393
						3407
						3408
					mux 1143
						3661
						3662
						3663
					3..3 1458
						4555
						4556
							4752
						4557
				mux 799
					2774
					2775
					2776
				3..3 1014
					3312
					3313
					3314
			mux 117
				0..1 188
					mux 315
						1..3 1444
							4514
							4515
							4516
						1805
						1806
					mux 323
						0..2 1242
							3935
							3936
							3937
						1817
						1818
						4721
							4923 ?
					2..3 432
						0..3 566
							2244
							2245
							2246
						mux 575
							1..1 1240
								mux 1345
									4228
									4229
									4230
								3930
								3931
							2267
							2268
						mux 771
							2709
							2710
							2711
						2..3 898
							3018
							3019
							3020
				0..2 462
					2065
					2066
					2067
				mux 1011
					3303
					3304
					3305
			2..4 144
				1..2 166
					2..3 386
						2..2 570
							mux 997
								mux 1129
									3625
									3626
									3627
								3266
								3267
							2255
							2256
						1..1 652
							mux 1195
								3804
								3805
								3806
									4881
							2422
							2423
						2..3 1192
							3795
							3796
							3797
					mux 533
						mux 757
							mux 821
								2..4 892
									3004
									3005
									3006
									4981
								2833
								2834
							2673
							2674
						2183
						2184
						4757
					0..2 1210
						3844
						3845
						3846
				1..1 174
					mux 443
						0..1 482
							0..3 1272
								4018
								4019
								4020
							2096
							2097
						2036
						2037
					mux 957
						3165
						3166
						3167
					0..2 1488
						4645
						4646
						4647
				mux 655
					0..1 776
						2718
						2719
						2720
					2429
					2430
				1..3 860
					2..2 900
						3024
						3025
							4848
						3026
					2923
					2924
			mux 561
				mux 825
					2844
					2845
					2846
				2234
				2235
			0..3 840
				2878
				2879
				2880
					4953 ?
		mux 65
			mux 129
				mux 709
					0..1 716
						1..2 906
							mux 929
								mux 1017
									0..2 1400
										4388
										4389
										4390
									3321
									3322
								3089
								3090
							mux 1171
								3738
								3739
								3740
							2..2 1238
								3924
								3925
								3926
									4956
							2..2 1306
								4117
								4118
								4119
						mux 1111
							mux 1119
								3596
								3597
								3598
							1..2 1404
								4400
								4401
									4816
										4882 ?
								4402
							3578
						2573
					2555
					2556
				mux 1071
					3467
					3468
					3469
				1564
			mux 607
				2338
				2339
				2340
			mux 995
				mux 1319
					3..3 1424
						4454
						4455
						4456
					4154
					4155
				3264
				3265
		0..2 78
			0..3 514
				mux 521
					mux 673
						mux 887
							2991
							2992
							2993
						2464
						2465
					2159
					2160
				2145
				2146
			mux 543
				2..3 564
					0..2 1160
						3708
						3709
							4958 ?
						3710
					mux 1185
						3776
						3777
						3778
					2240
				mux 665
					2..2 730
						2609
						2610
						2611
					mux 1493
						4660
							4957 ?
						4661
						4662
					2448
				2204
			1..3 1064
				3448
				3449
				3450
		mux 109
			1..3 154
				1..3 202
					0..3 242
						1694
						1695
						1696
					mux 253
						1714
						1715
						1716
					1635
				mux 591
					mux 1353
						4252
						4253
						4254
							4976 ?
					2304
					2305
				mux 1131
					mux 1399
						4385
						4386
						4387
					3631
					3632
			0..3 198
				4..4 274
					1..1 434
						2020
						2021
						2022
					2..3 520
						mux 941
							3120
							3121
							3122
						2157
						2158
					1..1 848
						2897
						2898
						2899
					2..2 1390
						mux 1405
							4403
							4404
							4405
						4360
						4361
				1629
				1630
			mux 333
				2..2 342
					1849
					1850
					1851
				mux 629
					0..3 678
						2478
						2479
						2480
					mux 1021
						3330
							4814 ?
								4844
						3331
						3332
					1..2 1236
						3918
						3919
						3920
				1834
			4874
		1..2 844
			2888
			2889
			2890
		mux 1203
			3826
			3827
			3828
	1..1 2 ?
		3..4 10
			3..3 14
				mux 49
					mux 363
						mux 691
							1..1 1254
								3966
								3967
								3968
							2512
							2513
						1..3 1150
							mux 1179
								3759
								3760
								3761
							3680
							3681
						1896
					0..2 554
						1..1 1296
							4087
							4088
							4089
						mux 1455
							4546
							4547
							4548
								4794
						2222
					1512
				0..1 642
					mux 813
						2809
						2810
						2811
					0..2 1340
						4213
						4214
						4215
							4828 ?
					2404
				1503
			mux 21
				mux 77
					4..4 86
						mux 119
							mux 239
								0..3 338
									1..2 428
										2011
										2012
										2013
									1842
									1843
								1..1 360
									1889
									1890
									1891
								0..1 702
									2538
									2539
									2540
							3..3 372
								mux 497
									2115
									2116
									2117
								mux 763
									0..3 836
										2871
										2872
										2873
									2687
									2688
								1914
							1..2 1354
								4255
								4256
								4257
						0..0 216
							1..1 252
								1..3 1200
									3818
									3819
									3820
								mux 1329
									4182
									4183
									4184
								1713
							mux 1061
								3440
								3441
								3442
							1650
							4760
						3..3 630
							2380
							2381
							2382
						mux 839
							0..2 1142
								mux 1215
									mux 1337
										mux 1359
											4270
											4271
											4272
										4205
											4738 ?
										4206
									3858
									3859
								mux 1361
									4276
									4277
									4278
								3660
							2876
							2877
						0..3 918
							3064
							3065
							3066
					1..1 120
						mux 175
							mux 301
								mux 1109
									1..1 1412
										mux 1439
											4499
											4500
											4501
										4422
										4423
									3574
									3575
								1781
								1782
							2..2 826
								2847
								2848
								2849
							1603
						mux 251
							0..3 476
								2086
								2087
								2088
							0..3 526
								2168
								2169
								2170
							2..2 542
								2201
								2202
								2203
							mux 651
								2..3 726
									mux 1027
										3345
										3346
										3347
										4876
									2599
									2600
								mux 749
									2655
									2656
									2657
								2421
							mux 981
								3226
								3227
								3228
							3..3 1170
								3735
								3736
								3737
						mux 295
							mux 667
								mux 677
									2475
									2476
									2477
									4997
								2452
								2453
							1775
							1776
					2..3 186
						mux 581
							2281
							2282
							2283
						mux 701
							mux 815
								2815
								2816
								2817
							2536
							2537
						2..2 1042
							3386
							3387
							3388
					mux 417
						1992
						1993
						1994
					2..3 604
						0..1 794
							0..2 938
								3113
								3114
								3115
							2764
							2765
						mux 795
							2766
							2767
							2768
								4747 ?
						mux 927
							3083
							3084
							3085
						mux 1001
							1..1 1188
								3784
								3785
								3786
							1..2 1322
								4162
								4163
								4164
							3277
						mux 1451
							mux 1459
								4558
								4559
								4560
							4535
							4536
				1..2 312
					1799
					1800
					1801
				mux 559
					mux 729
						2606
						2607
						2608
					0..1 1010
						3300
						3301
						3302
							4950
					2..2 1018
						3323
						3324
						3325
					1..2 1478
						4615
						4616
						4617
			0..2 24
				mux 407
					mux 459
						0..2 650
							2418
							2419
							2420
						2060
						2061
						4788
					mux 871
						mux 1005
							3287
							3288
							3289
							4780
						2..2 1032
							0..2 1408
								4412
								4413
								4414
							3359
							3360
						2951
					1974
				mux 779
					2727
					2728
					2729
				0..3 856
					mux 1007
						3292
							4684 ?
						3293
						3294
						4887
					0..3 1382
						4336
						4337
							4836
						4338
					2914
				mux 1311
					4131
					4132
					4133
			mux 33
				mux 53
					mux 79
						mux 107
							mux 221
								mux 571
									2257
									2258
									2259
								1655
								1656
							mux 265
								mux 387
									mux 569
										2252
										2253
										2254
									1..1 1156
										3696
										3697
										3698
									1936
								1728
								1729
							mux 1307
								4120
								4121
								4122
						mux 1239
							3927
							3928
							3929
						1525
					1..3 352
						mux 441
							2032
								4797 ?
								4824 ?
							2033
							2034
						1..1 640
							0..1 890
								3000
								3001
								3002
							3..3 1490
								4651
									4893 ?
								4652
								4653
							2401
						1872
					mux 641
						2..3 972
							3204
							3205
							3206
						2402
						2403
					mux 693
						2516
						2517
							4754 ?
						2518
						4891
					1..3 1034
						3364
						3365
						3366
				3..4 64
					mux 69
						mux 185
							2..2 828
								mux 1201
									3..3 1224
										3884
										3885
										3886
									3821
									3822
										4775
									4791
								2853
								2854
								4940
							mux 1487
								4642
								4643
								4644
							1614
						1..2 310
							mux 781
								2732
								2733
								2734
							1797
							1798
						mux 491
							mux 899
								3021
								3022
								3023
							2110
							2111
					mux 321
						1813
						1814
						1815
					0..3 426
						2006
						2007
						2008
					mux 1259
						3981
						3982
						3983
				3..3 76
					mux 245
						1699
							4729 ?
						1700
						1701
					mux 283
						mux 507
							0..2 1040
								3380
								3381
								3382
							0..3 1100
								3548
								3549
								3550
							2135
						2..3 748
							2652
							2653
							2654
						1752
							4968 ?
					1524
				2..2 136
					mux 707
						2550
						2551
						2552
					0..1 1062
						mux 1325
							1..1 1356
								4261
								4262
								4263
							4171
							4172
						3443
						3444
					mux 1441
						4505
						4506
						4507
				2..2 194
					0..1 1448
						4526
						4527
						4528
					1621
					1622
				1..4 452
					1..1 838
						mux 945
							3131
							3132
							3133
						0..3 1036
							3370
							3371
								4782
							3372
						2875
					mux 939
						mux 1257
							3975
							3976
							3977
						3116
						3117
					2047
						4796
					4789
				mux 557
					2227
					2228
					2229
			mux 397
				mux 953
					3154
					3155
					3156
				1955
				1956
			0..1 1060
				3437
				3438
				3439
		mux 13
			2..3 18
				0..1 56
					mux 93
						mux 115
							2..2 142
								1571
								1572
								1573
							mux 217
								1..2 374
									1916
									1917
									1918
								1651
								1652
							0..3 698
								mux 851
									2905
									2906
									2907
								3..3 1380
									mux 1473
										4600
										4601
										4602
									4331
									4332
								2530
						1..1 158
							3..3 204
								1..2 1302
									4105
									4106
									4107
								1638
								1639
							mux 413
								2..2 888
									2994
									2995
									2996
								1985
									4763 ?
								1986
							mux 791
								2757
								2758
								2759
						0..3 180
							0..1 558
								1..1 1116
									3588
									3589
									3590
								2230
								2231
								4910
							1610
								4925 ?
							1611
						2..2 218
							mux 249
								mux 1113
									0..3 1226
										mux 1419
											4440
											4441
											4442
										3890
										3891
									3581
									3582
								2..2 1290
									4069
									4070
									4071
								1709
							0..1 662
								2443
									4822 ?
								2444
									4895
								2445
							mux 1127
								3620
								3621
								3622
						1..1 246
							mux 261
								mux 317
									mux 369
										mux 401
											1..3 438
												2..3 524
													2165
													2166
													2167
												2026
													4952 ?
												2027
											1..1 470
												2..3 766
													2694
													2695
													2696
												2076
												2077
											mux 911
												3048
												3049
												3050
										1..3 658
											2436
											2437
											2438
										1908
									1810
									1811
									4842
								0..2 692
									mux 733
										2616
										2617
										2618
									2514
									2515
								2..3 1132
									3633
									3634
										4892
									3635
							1702
								4905
							1703
							4724
								4821
						mux 437
							mux 513
								2142
								2143
								2144
							2..3 576
								2269
									4773 ?
								2270
								2271
							mux 809
								2799
								2800
								2801
						mux 831
							mux 865
								mux 1205
									3831
									3832
									3833
								2936
								2937
							1..3 870
								2948
								2949
								2950
							2860
					mux 337
						1..1 396
							1952
							1953
							1954
							4985
						mux 847
							2894
							2895
							2896
						1841
					1517
				mux 191
					1..2 296
						1..2 444
							mux 495
								mux 563
									mux 689
										2508
										2509
										2510
									2238
										4690
										4708
									2239
								mux 741
									2638
									2639
									2640
								mux 1231
									3904
									3905
									3906
							mux 541
								1..1 1166
									3725
									3726
									3727
								2199
								2200
							2038
						mux 623
							mux 837
								mux 931
									3093
									3094
									3095
									4771
								1..1 1154
									3690
									3691
									3692
								2874
							mux 1463
								4570
								4571
								4572
							2369
						1777
					1..3 632
						2384
						2385
							4790 ?
						2386
					mux 1369
						4299
						4300
						4301
				mux 493
					3..3 1278
						4034
							4809
						4035
						4036
					2112
					2113
				2..2 772
					2712
					2713
					2714
			mux 37
				mux 39
					mux 59
						mux 225
							1..2 440
								2029
								2030
								2031
							mux 661
								mux 1035
									3367
										4864
									3368
									3369
								2441
								2442
							1662
						mux 351
							1869
							1870
							1871
						mux 833
							2864
							2865
							2866
					0..2 234
						1677
						1678
							4751
						1679
					3..3 306
						1788
						1789
						1790
					0..1 422
						1999
						2000
						2001
					mux 603
						1..1 1038
							3376
							3377
							3378
						2333
							4929 ?
						2334
				mux 81
					mux 1163
						3716
						3717
						3718
					1528
						4691 ?
					1529
				mux 95
					1540
					1541
					1542
				2..2 538
					2195
					2196
					2197
			1..3 122
				mux 197
					0..2 598
						mux 1395
							4373
							4374
								4686 ?
								4817
							4375
						2321
						2322
					2..2 1260
						3984
						3985
						3986
					1628
				1..3 402
					0..1 1138
						mux 1433
							4481
							4482
							4483
								4716 ?
									4786
						3650
						3651
					1..3 1246
						3946
						3947
						3948
					1963
				mux 819
					2827
					2828
					2829
				mux 1229
					3898
					3899
					3900
					4719
			1..3 340
				1..2 862
					2928
					2929
					2930
				1844
				1845
			mux 1331
				4187
				4188
				4189
		1..2 20
			mux 27
				mux 35
					2..2 38
						1507
						1508
						1509
					mux 41
						0..3 72
							0..2 278
								1742
								1743
								1744
							1..3 358
								2..3 996
									mux 1135
										3641
										3642
										3643
										4878
									mux 1183
										3770
										3771
										3772
									1..1 1304
										4111
										4112
										4113
									1..3 1438
										4496
										4497
										4498
											4918
								1885
								1886
							mux 1181
								3765
								3766
								3767
							4819
						2..3 228
							mux 271
								2..3 770
									2706
									2707
									2708
								0..2 1270
									4012
									4013
									4014
								1735
							1663
							1664
						mux 447
							mux 811
								2805
								2806
								2807
								4714
							mux 913
								mux 1489
									4648
									4649
									4650
								3053
								3054
							2040
						0..1 1140
							3654
							3655
							3656
					1..1 54
						1..2 492
							2..2 600
								2326
								2327
								2328
							2..3 614
								mux 999
									3271
									3272
									3273
								2353
								2354
							1..2 956
								3162
								3163
								3164
						mux 499
							2119
							2120
							2121
						1..2 1230
							3901
							3902
							3903
					0..3 504
						0..1 530
							1..2 568
								2249
								2250
								2251
							2..3 940
								2..3 1324
									4168
										4837
									4169
									4170
										4949 ?
								3118
								3119
							2179
						mux 669
							2455
							2456
							2457
						2131
					mux 639
						2398
						2399
						2400
				mux 357
					1882
					1883
					1884
				1505
			0..3 28
				mux 43
					2..4 98
						3..3 148
							0..1 572
								mux 925
									3080
									3081
									3082
								2260
								2261
								4999
							mux 1089
								3518
								3519
								3520
							1581
						1..1 200
							mux 341
								1846
								1847
								1848
									4770
							1631
							1632
						mux 371
							3..3 608
								1..3 618
									mux 1249
										3952
										3953
										3954
									2361
									2362
								1..2 1362
									4279
									4280
									4281
								2341
							1912
							1913
						mux 843
							mux 883
								mux 991
									3253
									3254
										4883 ?
									3255
								mux 1053
									3417
									3418
										4839
									3419
								2981
							2886
							2887
					3..3 134
						0..1 156
							1..3 460
								0..3 466
									1..2 1446
										4520
										4521
										4522
									2072
									2073
								mux 643
									2405
									2406
									2407
								2062
							2..3 478
								2091
								2092
								2093
							1586
						0..3 164
							0..3 498
								mux 589
									2298
									2299
									2300
								mux 1407
									4409
									4410
									4411
								2118
							2..4 714
								2567
								2568
								2569
								4870
							1593
						3..3 232
							mux 483
								mux 789
									2751
									2752
									2753
								mux 1023
									3333
									3334
									3335
								mux 1059
									3434
									3435
									3436
							1673
							1674
					1..2 150
						mux 153
							1..2 178
								mux 399
									mux 523
										0..3 866
											2938
											2939
											2940
										2163
										2164
									1959
									1960
								1606
								1607
							mux 179
								1..1 552
									mux 773
										0..1 916
											3..3 978
												0..1 1264
													mux 1281
														4043
														4044
														4045
													3996
													3997
												3220
												3221
											mux 1039
												mux 1227
													3892
													3893
													3894
												2..2 1482
													4627
													4628
													4629
														4737
												3379
											3060
										2..3 994
											3261
											3262
											3263
										2..2 1024
											3336
											3337
												4900
											3338
									mux 1323
										4165
										4166
										4167
									1..3 1498
										4675
										4676
										4677
								1608
								1609
							mux 555
								1..3 740
									mux 1279
										4037
										4038
											4801 ?
										4039
									2636
									2637
								mux 875
									2960
									2961
									2962
								2223
								4984
							mux 849
								mux 1123
									3608
									3609
									3610
								2900
								2901
							mux 971
								3201
								3202
								3203
						1..1 262
							2..2 732
								mux 1431
									4475
									4476
									4477
								2614
								2615
							3..3 952
								3151
								3152
								3153
							mux 1497
								4672
								4673
								4674
						1..2 544
							2..2 734
								2619
								2620
								2621
							1..3 812
								1..2 942
									3123
									3124
									3125
										4970 ?
								2..2 1500
									4681
									4682
									4683
								2808
							mux 855
								mux 1371
									4305
									4306
									4307
								mux 1373
									4311
									4312
									4313
										4897 ?
								2913
							1..2 1008
								2..2 1402
									4394
									4395
									4396
								3295
								3296
				mux 83
					1..3 220
						2..3 424
							mux 937
								3110
								3111
									4694
								3112
							2002
							2003
								4749 ?
						mux 551
							mux 587
								0..1 800
									mux 961
										4..4 1474
											4603
											4604
											4605
											4966
										3176
										3177
									1..1 1168
										mux 1385
											4345
											4346
											4347
										3730
											4800 ?
										3731
									2777
										4710 ?
								2294
								2295
							1..1 736
								2624
								2625
								2626
							0..3 764
								mux 1485
									4636
									4637
									4638
								2689
									4715 ?
								2690
						1654
					mux 327
						mux 873
							2954
							2955
							2956
						1825
						1826
					mux 353
						1873
						1874
						1875
				1..2 84
					mux 275
						0..3 350
							3..3 410
								1978
								1979
								1980
							1867
								4687
								4778
							1868
							4913
						1740
							4772
						1741
					0..2 822
						2835
						2836
						2837
					1..3 1328
						4179
						4180
						4181
				mux 101
					mux 137
						mux 977
							3217
							3218
							3219
						1..1 1206
							3834
							3835
							3836
						1570
					mux 189
						2..2 484
							mux 615
								2355
								2356
								2357
							0..2 986
								3238
								3239
								3240
							1..3 1372
								4308
								4309
									4930
								4310
						mux 1033
							3361
							3362
							3363
						1618
					1..1 206
						mux 377
							1..3 1030
								3353
								3354
								3355
							1922
							1923
						0..3 1054
							3420
							3421
							3422
						1..3 1250
							3955
							3956
							3957
					1..2 244
						0..2 1184
							3773
							3774
							3775
						mux 1465
							4576
							4577
							4578
						1698
							4995
					mux 475
						mux 1073
							3473
							3474
							3475
						2084
						2085
				mux 933
					3099
					3100
					3101
			mux 161
				1..1 290
					1762
					1763
					1764
				mux 479
					mux 631
						0..1 950
							3145
								4793
							3146
								4785 ?
							3147
						0..1 1052
							3414
							3415
							3416
						2383
					0..1 904
						3032
						3033
						3034
					0..2 962
						3178
						3179
						3180
				2..2 502
					1..2 1104
						3559
							4946 ?
						3560
						3561
					2126
					2127
				3..3 1338
					4207
					4208
					4209
			mux 205
				0..2 674
					2466
					2467
					2468
				2..2 1300
					4099
					4100
					4101
					4762
				1640
			mux 247
				2..3 894
					1..3 914
						mux 1269
							4009
							4010
							4011
						3055
						3056
					0..3 1346
						4231
						4232
						4233
					3010
					4728
				1704
				1705
			2..3 272
				1736
				1737
				1738
		0..1 92
			mux 675
				2469
				2470
				2471
					4886
			1535
			1536
		mux 215
			3..3 1076
				3482
				3483
				3484
			1648
			1649
		mux 307
			mux 457
				3..3 1326
					4173
						4730 ?
					4174
						4885 ?
					4175
				2056
					4853 ?
				2057
			0..3 606
				3..3 922
					mux 969
						mux 1237
							3921
							3922
							3923
						3196
						3197
					3073
					3074
				mux 1275
					0..2 1436
						4490
						4491
						4492
					4027
					4028
				2337
			1791
		0..2 366
			mux 391
				mux 617
					mux 1243
						3938
							4697 ?
						3939
						3940
					2359
					2360
				mux 685
					0..2 694
						2519
						2520
							4720 ?
							4866 ?
						2521
							4916 ?
					2499
					2500
				0..4 1094
					3530
					3531
					3532
					4965
				1..1 1216
					3860
					3861
					3862
			1900
				4890 ?
			1901
	0..1 58
		mux 259
			mux 1093
				mux 1381
					4333
					4334
					4335
				mux 1449
					4529
					4530
					4531
				3529
			1726
			1727
		1..2 638
			0..2 974
				3209
				3210
				3211
			2..3 1376
				4319
				4320
				4321
			2397
				4906 ?
		0..2 784
			mux 1367
				1..1 1454
					4543
					4544
					4545
				4294
				4295
			2741
			2742
	mux 75 ?
		0..1 124
			mux 125
				mux 169
					mux 439
						mux 835
							mux 1003
								3281
								3282
								3283
							0..2 1360
								4273
								4274
								4275
							2870
						0..3 1420
							4443
							4444
							4445
								4779 ?
						2028
					mux 613
						0..2 982
							3229
							3230
							3231
						2351
						2352
					mux 761
						0..3 1396
							4376
							4377
							4378
						2682
						2683
					1..1 1310
						0..2 1394
							4370
							4371
								4834
							4372
						4129
						4130
				1558
				1559
			1..1 436
				0..2 1028
					mux 1137
						3647
						3648
						3649
							4959 ?
					3348
					3349
				2024
				2025
			mux 645
				0..3 854
					2910
					2911
					2912
				mux 1263
					3993
					3994
					3995
				2410
			mux 869
				mux 1107
					3568
					3569
					3570
				mux 1363
					4282
					4283
					4284
				2947
		0..1 1000
			3274
			3275
			3276
		1523
			4826
	mux 213 ?
		mux 223
			1659
			1660
			1661
		1646
		1647
	0..1 326 ?
		3..3 378
			0..3 924
				mux 1157
					3699
					3700
						4852 ?
					3701
				3078
					4750 ?
				3079
			1924
			1925
		1823
		1824
		4742
	mux 735
		2..3 1280
			4040
			4041
			4042
		2622
		2623
config: 0