abstract 0
	xor 1 ?
		or 2
			1..2 4
				mux 7
					xor 13
						mux 63
							mux 119
								1319
								1320
								1321
									4928
								4008
							1..1 804
								2662
								2663
								2664
							1266
								4058 ?
						0..2 100
							mux 191
								mux 615
									2203
									2204
									2205
									4204
								1415
								1416
								4170
							or 254
								or 358
									1..2 964
										3088
										3089
										3090
										4978
									2..3 1005
										3202
										3203
										3204
										4848
									1668
								1..2 928
									2988
										3914 ?
									2989
										4566 ?
									2990
								1498
								4779
							or 294
								or 330
									1625
									1626
									1627
									3962
										4431 ?
								1..1 476
									1899
										4168 ?
									1900
									1901
								1..3 560
									2081
									2082
										4070 ?
									2083
								0..3 1079
									3409
									3410
									3411
										4401 ?
						mux 103
							mux 151
								0..2 296
									2..3 536
										2034
										2035
										2036
											4639
										4760
									mux 539
										2040
										2041
										2042
									1559
								2..3 884
									3..3 1234
										3861
										3862
											4030 ?
											4933 ?
										3863
									2872
									2873
										4678 ?
									3932
										3974
								1361
								4551
							or 202
								or 566
									2094
									2095
									2096
									4782
								xor 925
									2979
									2980
									2981
								1435
							or 518
								2..3 1220
									3820
									3821
									3822
								1991
								1992
							or 538
								0..3 820
									2701
									2702
									2703
								or 862
									1..2 984
										3143
										3144
										3145
											4919
										4975
									2811
										4526
									2812
								mux 983
									3140
									3141
									3142
									4316
							mux 599
								2167
								2168
									4167 ?
								2169
									4298
								4466
						or 242
							or 250
								2..3 320
									or 934
										or 950
											3049
											3050
											3051
										3005
										3006
									1604
									1605
								1491
									4834 ?
								1492
							mux 523
								2004
								2005
								2006
							xor 801
								2654
								2655
								2656
							1..2 1066
								3372
								3373
								3374
						mux 475
							1896
							1897
							1898
						mux 867
							2825
								4328
							2826
							2827
								4539
					xor 145
						0..1 876
							2851
							2852
							2853
						1355
						1356
						4368
					xor 249
						xor 625
							mux 891
								0..2 1061
									3357
										4485
									3358
									3359
								2891
								2892
							2224
							2225
								4376 ?
						1489
						1490
							4267 ?
					0..3 292
						xor 401
							1741
							1742
							1743
						2..2 428
							1788
							1789
							1790
						xor 997
							2..3 1236
								3867
								3868
								3869
							3180
							3181
					1..2 368
						or 758
							1..3 1015
								3229
									4131 ?
								3230
								3231
							2543
								4326
									4742 ?
							2544
						2..2 1233
							3858
							3859
								4292
									4378 ?
								4578 ?
							3860
								4778 ?
									4876 ?
						1687
					1..3 980
						3132
							4717 ?
						3133
						3134
							4448
								4992
					1..3 1171
						3675
						3676
						3677
					4109
				xor 17
					xor 29
						xor 33
							2..3 212
								xor 225
									xor 341
										1645
											4033 ?
										1646
											4247 ?
											4894
										1647
									mux 875
										2848
										2849
										2850
									1462
								0..2 248
									or 290
										or 470
											1884
											1885
											1886
										mux 811
											2679
											2680
											2681
												4824
											4512
										1554
									1487
									1488
								0..3 336
									1..2 1127
										1..3 1240
											3879
											3880
												4310 ?
											3881
										3547
										3548
									1636
									1637
									4233
								mux 371
									1693
									1694
									1695
										4291 ?
								mux 375
									xor 761
										2551
										2552
										2553
									1698
									1699
										4013 ?
									3986
								1..1 816
									2692
									2693
										4436
									2694
								1..2 868
									1..1 1007
										3208
										3209
										3210
									2828
									2829
								4881
							xor 389
								or 466
									xor 713
										0..3 1118
											3522
											3523
											3524
										2428
										2429
									1876
									1877
									4744
								1..1 1089
									3438
									3439
									3440
									4330
								1715
								4745
									4832 ?
							1259
						xor 69
							1269
								4093
									4857 ?
								4309 ?
							1270
							1271
								3977 ?
						xor 165
							0..1 644
								2267
								2268
								2269
							1381
							1382
						or 306
							1..2 364
								1679
								1680
								1681
								4525
							1576
							1577
						0..3 464
							1..2 604
								xor 913
									2949
										4563 ?
										4751 ?
									2950
										4968 ?
									2951
								2..2 1067
									3375
									3376
									3377
								2181
									4124 ?
										4369 ?
							mux 987
								3152
								3153
								3154
							1873
								4169
					xor 53
						or 66
							xor 105
								1296
									4515
								1297
								1298
							or 110
								1302
								1303
								1304
							or 246
								mux 447
									1833
									1834
									1835
								xor 669
									mux 863
										2813
											4222 ?
										2814
											4906
										2815
									2331
									2332
										4214 ?
								2..2 772
									2577
									2578
									2579
									4652
							or 282
								xor 521
									or 690
										2369
										2370
										2371
										4040
									1999
									2000
								1538
									4145 ?
								1539
								4804
							or 362
								2..3 532
									2026
									2027
									2028
										4066
								1674
								1675
						xor 93
							mux 143
								or 578
									1..3 1004
										3199
										3200
										3201
											4864 ?
											4969
									2123
										4064 ?
									2124
								0..3 1176
									3690
										4647 ?
									3691
									3692
								1353
							or 174
								or 218
									mux 227
										or 558
											or 662
												2315
													4410 ?
												2316
												2317
											0..3 1139
												3580
												3581
												3582
													4166
											2078
										3..3 1030
											3268
											3269
												4105
											3270
										2..2 1159
											3639
											3640
											3641
									mux 251
										2..3 356
											1..1 416
												1..2 552
													2064
													2065
													2066
														4999
												1762
												1763
													4905
											1666
											1667
										xor 881
											2864
												4190 ?
											2865
												4078 ?
											2866
										1493
									mux 291
										1..3 384
											1708
												4343 ?
											1709
											1710
										xor 753
											2530
											2531
											2532
										mux 955
											0..1 1045
												3311
													4025
												3312
													4349 ?
												3313
												4180
													4762 ?
											3063
												4636
													4810
											3064
									or 590
										mux 671
											0..2 1053
												3334
													4648 ?
												3335
												3336
											2335
											2336
												4155 ?
												4400 ?
												4441 ?
											4681
										mux 779
											2595
											2596
											2597
												4331
										xor 861
											2808
											2809
											2810
										4963
									xor 845
										2768
											3940
										2769
										2770
											4445
										4904
								3..3 304
									xor 621
										2218
										2219
										2220
									1572
									1573
										4676 ?
								1393
							xor 253
								2..3 328
									mux 367
										or 498
											1948
											1949
											1950
										2..3 1024
											3253
												4995 ?
											3254
											3255
										1686
									1622
										4801
										4821
									1623
										3983
											4127
										4097
										4122
										4488 ?
									4937
								or 582
									or 786
										mux 819
											0..3 1168
												3666
												3667
													4307
														4839
													4775 ?
												3668
											0..2 1235
												3864
												3865
												3866
													4720 ?
												4228
											2700
										2615
											4663
										2616
										4862
									0..2 1034
										3280
										3281
										3282
									2132
								1497
						xor 985
							3146
							3147
							3148
						3..3 1041
							0..3 1132
								3560
								3561
								3562
							3300
							3301
					mux 67
						xor 277
							1..4 324
								1612
								1613
								1614
								4608
							1525
							1526
								4625
						or 522
							2001
							2002
							2003
								4504
						1268
					mux 99
						mux 223
							xor 717
								mux 935
									3007
									3008
									3009
									4182
								2439
								2440
									4218 ?
							mux 791
								2629
								2630
								2631
									4579 ?
							2..2 1097
								3462
								3463
								3464
						mux 515
							1983
							1984
								4812
							1985
						1293
					mux 239
						1473
							4380 ?
						1474
						1475
					0..2 432
						1799
						1800
						1801
					xor 981
						0..3 1098
							3465
							3466
							3467
						3135
						3136
							4275
						4831
				mux 43
					xor 49
						or 102
							0..3 144
								xor 405
									0..1 492
										mux 827
											4..4 1229
												3846
												3847
													4329
												3848
												4048
													4941
											2720
											2721
										mux 887
											2879
												4830
											2880
											2881
										1935
									xor 993
										3168
											4394 ?
										3169
										3170
										4065
									1748
								mux 975
									2..3 1032
										3274
										3275
											4450 ?
										3276
									3119
									3120
								1354
							xor 677
								mux 851
									2782
										4037 ?
											4196
										4147 ?
									2783
										4756
									2784
								0..1 1105
									3486
										4336
									3487
									3488
								2347
							mux 815
								2689
									3989 ?
										4736 ?
								2690
								2691
								4004
						mux 267
							1..2 312
								1588
								1589
								1590
							1513
							1514
						or 878
							0..3 1189
								3728
								3729
									3985
								3730
							2857
							2858
					4..4 52
						3..3 196
							1..3 648
								2278
								2279
								2280
								4421
							1425
							1426
								4996 ?
						or 410
							or 746
								2..2 832
									2733
									2734
									2735
										4312
								2514
								2515
								4568
							1..1 1019
								3240
								3241
								3242
							1753
						1265
						4986
					1..3 64
						or 118
							2..4 240
								1476
								1477
								1478
								4884
							1317
								3939
								4623 ?
								4763
							1318
						mux 287
							1546
								4012
							1547
							1548
						1267
					0..4 92
						1..1 136
							mux 343
								xor 645
									2270
									2271
										4767 ?
										4783 ?
									2272
										4509 ?
											4633 ?
								1648
									4725 ?
								1649
								4002
							xor 813
								0..3 1207
									3781
									3782
									3783
								2684
									4187 ?
								2685
							1344
						0..0 156
							xor 285
								1540
								1541
								1542
									3943
								4746
							xor 505
								1965
								1966
								1967
								4732
							0..3 1049
								3322
								3323
								3324
								4084
							3966
						3..3 352
							1..2 872
								2839
									4128
								2840
								2841
							1659
							1660
						mux 443
							or 554
								xor 889
									2885
										4243 ?
									2886
									2887
									4752
								2069
								2070
							1825
							1826
								4668 ?
					xor 197
						mux 403
							0..3 1017
								2..2 1231
									3852
									3853
									3854
										4356 ?
								3235
								3236
							1746
							1747
							4411
						mux 859
							2802
								4176
							2803
							2804
						1427
						4890
				xor 45
					or 210
						xor 233
							or 718
								2441
								2442
									4152
										4645
									4239
								2443
							mux 995
								3174
								3175
								3176
							1468
								4777
							4154
						1..2 500
							0..1 792
								2632
								2633
								2634
								4482
							1954
							1955
								4708
						or 738
							2492
							2493
							2494
								4467 ?
						mux 911
							2943
							2944
							2945
					mux 283
						mux 735
							2484
							2485
							2486
								4135
									4209 ?
						or 866
							2822
							2823
							2824
						or 890
							2888
							2889
							2890
								3982
									4537 ?
						0..2 1086
							3429
							3430
							3431
					1263
				0..0 56
					mux 59
						or 98
							0..2 140
								0..3 1134
									3566
									3567
									3568
								1348
								1349
								4672
							0..1 200
								1429
								1430
								1431
							xor 325
								mux 567
									2..2 1080
										1..2 1112
											3506
											3507
											3508
										3412
										3413
									0..1 1152
										3618
										3619
											4915 ?
										3620
											4914
									1..4 1211
										3793
										3794
										3795
										4323
									4931
								1615
								1616
								4811
							0..2 756
								xor 877
									2854
									2855
									2856
									4673
								2539
								2540
								4664
						or 122
							0..2 256
								2..2 308
									1581
									1582
									1583
								0..3 1047
									3316
									3317
									3318
									4580
								1501
									3953
							xor 385
								mux 439
									1817
									1818
									1819
								xor 561
									mux 575
										0..1 1174
											3684
											3685
											3686
										2117
										2118
									xor 721
										0..1 824
											2712
												4872 ?
											2713
											2714
										2449
										2450
										4957
									2084
								1711
							mux 571
								4..4 624
									xor 673
										xor 733
											mux 799
												mux 823
													2709
													2710
													2711
												2650
												2651
												4138
													4503 ?
													4826 ?
											2480
											2481
												3979 ?
													4067
										2..3 1228
											3843
												4628
											3844
											3845
												4601 ?
											4990
										2339
									xor 917
										2959
										2960
										2961
									3..3 1084
										3423
										3424
										3425
										4142
									4675
								2106
								2107
									4235 ?
							0..1 1114
								3511
									4051 ?
										4173
											4253 ?
									4052 ?
								3512
								3513
									4748 ?
						mux 155
							xor 529
								2018
								2019
								2020
							or 830
								2728
								2729
								2730
								4321
							1367
						xor 161
							mux 199
								or 390
									or 454
										0..3 472
											xor 637
												2248
													4769 ?
												2249
													4281 ?
												2250
												4917
											or 706
												xor 797
													mux 895
														2902
														2903
														2904
													2645
													2646
												2410
												2411
											1890
										or 650
											2284
												4149 ?
												4550 ?
											2285
											2286
											3963
										1850
									1716
										4036 ?
									1717
								mux 527
									mux 563
										2088
										2089
											4299 ?
										2090
									2014
										4029
									2015
								0..2 1037
									0..3 1104
										3483
										3484
										3485
									3289
									3290
							1374
								4815
							1375
								4971 ?
						xor 181
							or 346
								mux 483
									or 638
										2251
										2252
										2253
									1918
										4569 ?
									1919
								2..3 960
									2..3 1239
										3876
										3877
											4738 ?
										3878
											4765 ?
									3077
										4246
									3078
										4879 ?
								2..3 972
									3111
										4459 ?
											4858 ?
									3112
										4442 ?
									3113
							3..3 448
								or 450
									1839
										4357
									1840
									1841
								mux 635
									2..3 1232
										3855
										3856
											4443 ?
										3857
											3960 ?
												4382 ?
													4397
														4622 ?
									2244
									2245
								or 870
									2833
										4226 ?
									2834
									2835
										4265 ?
											4659
								4370
									4521
							mux 695
								2381
								2382
								2383
									4359 ?
						or 322
							1607
								4942 ?
							1608
								4139 ?
									4584 ?
							1609
							4407
						or 366
							3..3 1249
								3906
								3907
								3908
							1684
							1685
						0..3 688
							1..1 716
								2436
								2437
								2438
								4047
							or 790
								2626
								2627
								2628
							2366
							4262
						1..2 1151
							3615
								4337
							3616
							3617
					or 74
						mux 179
							or 910
								2940
								2941
								2942
							2..3 1131
								3557
								3558
									4472 ?
										4841
								3559
							1399
								4011 ?
								4289 ?
						0..2 1200
							3760
							3761
							3762
								4689 ?
						1274
					0..1 148
						3..3 236
							0..4 404
								2..4 440
									mux 679
										0..1 788
											2620
											2621
												4713 ?
											2622
												4126 ?
										2351
										2352
											4944 ?
									1..1 1117
										1..2 1212
											3796
											3797
											3798
										3520
											4134
										3521
									1820
									4660
								or 458
									1858
										4991
									1859
									1860
								2..2 576
									2119
									2120
									2121
								or 630
									mux 767
										0..3 896
											0..2 1046
												0..3 1082
													3417
													3418
														4800 ?
													3419
												3314
												3315
											2905
											2906
										2564
										2565
									2236
										3961 ?
										4056
									2237
								0..2 892
									2893
									2894
										4073 ?
									2895
							3..3 496
								1942
								1943
								1944
							0..2 976
								3121
									4972 ?
								3122
								3123
									4305 ?
						1358
						1359
					xor 701
						mux 715
							2433
							2434
							2435
						mux 743
							2505
							2506
							2507
							4543
						2398
				mux 95
					mux 379
						or 546
							or 726
								2462
								2463
								2464
								4774
							2052
							2053
								4516
						or 618
							2211
							2212
							2213
						mux 631
							or 670
								mux 951
									xor 973
										3114
										3115
										3116
									3052
									3053
								2333
								2334
									4432 ?
								4106
							or 886
								2876
								2877
								2878
								4908
							2238
								4589
					xor 557
						2075
						2076
						2077
					1..1 636
						0..1 1125
							3542
							3543
							3544
						2246
						2247
					1..1 1054
						3337
							4184 ?
						3338
						3339
				or 190
					or 370
						3..4 952
							3054
								4529 ?
							3055
								4591 ?
							3056
							4324
						1691
						1692
						4038
					or 610
						2193
						2194
						2195
					1414
					4818
			mux 135
				mux 203
					or 378
						mux 647
							2275
							2276
							2277
						mux 651
							mux 923
								2973
								2974
									4283
										4437
									4460
								2975
									4902
							2287
							2288
						1701
					1436
						3947 ?
						4520 ?
					1437
				1342
					4185
				1343
					4602 ?
				4988
			xor 281
				1535
					3994
						4393 ?
				1536
				1537
			mux 503
				1959
				1960
				1961
					4487
				3915
		xor 5
			6..6 8
				mux 11
					or 14
						2..5 48
							or 70
								1..2 264
									mux 963
										3085
										3086
										3087
									1..2 1012
										3220
										3221
										3222
											4391
									1510
								1272
								1273
							or 130
								xor 149
									xor 173
										1..2 388
											xor 541
												0..2 616
													2206
														4860
													2207
													2208
														4087
												2045
												2046
											1713
											1714
										1391
											4151
											4439
										1392
										4806
									or 258
										xor 373
											2..3 588
												2144
												2145
												2146
											0..0 1184
												3713
													3957
														4500 ?
												3714
													4650 ?
												3715
												4501
													4747 ?
														4998
											1696
												4506
										0..2 776
											or 882
												2867
												2868
												2869
													4286 ?
												4178
											2588
											2589
										1502
									1360
										4932 ?
								xor 177
									or 182
										mux 711
											2422
											2423
											2424
											4242
										xor 749
											2520
											2521
											2522
												3980
										1..3 1057
											1..1 1180
												2..3 1241
													3882
													3883
													3884
												3702
												3703
											3346
											3347
										1..1 1158
											3636
											3637
											3638
									0..0 272
										xor 273
											mux 347
												or 446
													xor 841
														1..2 900
															mux 979
																3129
																3130
																3131
															2915
															2916
														1..3 1052
															3331
																4171 ?
															3332
																4958
															3333
																4083
														2758
													1831
													1832
														4611 ?
												1652
												1653
											2..4 1073
												3392
												3393
													4261
													4722 ?
												3394
												3978
											1520
												4479 ?
										or 314
											or 898
												4..4 1018
													3237
													3238
													3239
													4927
												2910
												2911
											0..1 1013
												3223
												3224
												3225
											1592
											3920
										or 606
											2185
												4965
											2186
												4412
											2187
											4510
										mux 611
											3..3 840
												2755
												2756
												2757
											2196
											2197
											4574
									xor 369
										1688
										1689
										1690
											4528 ?
											4712 ?
									mux 455
										1851
										1852
											4612
											4773 ?
										1853
									mux 559
										xor 697
											0..3 808
												2671
												2672
												2673
											2387
											2388
										2079
										2080
									4598
										4669
								1..2 380
									xor 465
										0..3 1153
											3621
												4252 ?
												4792
											3622
											3623
										1874
										1875
											4364 ?
									xor 705
										2407
										2408
										2409
									mux 739
										2495
										2496
											4637
										2497
									4587
								xor 869
									2830
									2831
									2832
										4750 ?
									4567
								1..1 1048
									3319
									3320
									3321
							mux 259
								mux 775
									0..1 1069
										3381
										3382
										3383
										4661
									2586
										4457
									2587
									4475
								2..2 1115
									3514
									3515
										4465 ?
									3516
								1503
							or 402
								xor 969
									3103
									3104
										4507
										4869
									3105
										4044 ?
									4814
								1744
								1745
							xor 741
								2501
								2502
								2503
								4385
							2..3 1230
								3849
								3850
								3851
						2..2 176
							xor 729
								2471
								2472
									4207
									4817
										4855 ?
								2473
								4827
							1395
							1396
								4840
						or 350
							mux 383
								xor 437
									0..2 1002
										3194
											4734
										3195
										3196
									4..4 1179
										3699
										3700
											3931 ?
										3701
										4118
									1813
									4208
								1706
								1707
							2..3 436
								1810
								1811
								1812
							1657
					mux 47
						xor 133
							mux 195
								xor 477
									1902
									1903
									1904
										4140 ?
										4560
										4739
								xor 945
									3035
									3036
									3037
								1424
								4210
							xor 245
								1481
									4026 ?
										4451 ?
								1482
								1483
							1338
							4709
						0..0 468
							1881
							1882
							1883
							3952
						1264
					or 642
						or 930
							0..3 1194
								3743
								3744
									4686
								3745
								4334
							2994
							2995
						2262
						2263
						4784
				mux 27
					0..2 44
						or 78
							xor 649
								2281
								2282
								2283
								4935
							or 818
								or 962
									3082
									3083
									3084
										4361 ?
									4805
								2698
								2699
							1..1 1225
								3834
								3835
								3836
						or 114
							mux 387
								mux 423
									1776
									1777
									1778
										4897
								1..2 748
									0..2 1103
										3480
										3481
										3482
									2518
										4816
									2519
										4311 ?
											4540 ?
												4737 ?
								or 814
									2686
									2687
									2688
							mux 587
								2141
								2142
								2143
									4788 ?
							1312
								4211
						xor 241
							mux 335
								1..1 412
									xor 589
										xor 609
											0..2 676
												1..3 728
													2468
														3976 ?
													2469
													2470
												2345
												2346
											2191
											2192
										0..3 1096
											3459
											3460
											3461
										2147
									3..3 1206
										3778
										3779
										3780
									1757
								1634
								1635
							1479
							1480
								4133
									4960 ?
					mux 91
						xor 125
							1326
								4695
							1327
							1328
							4023
						0..2 400
							or 490
								0..1 720
									2446
										4597
									2447
									2448
								1933
								1934
								4802
							1739
							1740
						0..2 408
							1..2 740
								2498
								2499
									4685
								2500
							or 842
								2759
									4822 ?
								2760
								2761
							1750
						2..3 1148
							3606
							3607
							3608
								4690
									4885 ?
					mux 547
						1..3 724
							2456
							2457
							2458
							4617
						2054
						2055
					xor 905
						2926
						2927
						2928
							4255
				mux 31
					xor 37
						xor 73
							or 386
								0..1 1133
									3563
									3564
									3565
										4129
										4615
								0..2 1138
									3577
									3578
									3579
								1712
									4278
								3945
							xor 393
								mux 415
									1759
									1760
									1761
										4833
											4912
								1722
								1723
									4306
							or 970
								3106
								3107
								3108
									4562
						mux 87
							mux 339
								1..3 760
									2548
										4719 ?
									2549
									2550
								0..3 1001
									3191
										4557 ?
									3192
									3193
								2..2 1245
									3894
									3895
									3896
										4031 ?
								4655
							1282
								4018
							1283
							4555
						or 138
							2..3 184
								1402
								1403
									4238 ?
								1404
									4473 ?
									4922
							3..3 260
								or 318
									2..3 528
										1..2 932
											2999
												4753 ?
											3000
											3001
												4771
										2016
										2017
									xor 653
										1..3 752
											0..4 1043
												3305
												3306
												3307
												4150
													4956
											2528
											2529
										3..3 1038
											3291
											3292
											3293
										2292
											4896
									or 806
										3..3 1087
											3432
												4486
											3433
											3434
										2..3 1209
											3787
											3788
											3789
										2668
								0..3 1195
									3746
									3747
									3748
								1504
									4970
							2..3 596
								2..2 704
									xor 893
										2896
										2897
										2898
									2405
									2406
										4062
								2159
								2160
						xor 205
							1..3 1056
								3343
								3344
									4192
										4453
									4221 ?
								3345
								3929
							1438
							1439
						or 526
							or 534
								xor 597
									2161
									2162
									2163
								xor 817
									2695
									2696
										4610
										4829
									2697
									4754
								mux 931
									2996
									2997
									2998
								or 982
									3137
									3138
									3139
							1..1 1188
								3725
								3726
								3727
							2013
								3959 ?
									4148
								4264 ?
								4511
								4758 ?
					mux 51
						or 58
							mux 307
								1578
								1579
								1580
									4909
							xor 549
								0..3 1122
									3534
									3535
									3536
									4793
								0..3 1142
									3589
									3590
									3591
								2059
								4404
							mux 687
								mux 907
									2932
									2933
									2934
										4249
								mux 915
									2954
									2955
									2956
								2365
									4803 ?
							1..2 1011
								3217
								3218
									4456 ?
								3219
							1..1 1107
								3492
								3493
								3494
								4964
							1..3 1210
								3790
								3791
								3792
						xor 157
							1..3 1071
								3387
								3388
								3389
							1368
							1369
								4300
						1..1 280
							1532
							1533
							1534
						4..4 848
							0..3 1128
								0..1 1250
									3909
									3910
									3911
								3549
								3550
							2776
							2777
							4068
						xor 929
							2991
								4993 ?
							2992
							2993
							4006
					0..2 568
						2097
							4103
						2098
							4096 ?
						2099
					4273
						4490 ?
				0..1 128
					xor 445
						or 902
							0..4 1149
								3609
								3610
								3611
								4352
							2920
							2921
								4787 ?
						1829
						1830
					1333
					1334
				xor 265
					or 278
						or 426
							1782
							1783
							1784
								4519 ?
							4691
						1527
						1528
					mux 683
						1..3 1237
							3870
							3871
							3872
						2359
						2360
							4893 ?
						4032
					0..3 1144
						3595
							4755
						3596
						3597
						4340
					1..4 1162
						3648
						3649
						3650
						4545
				or 622
					or 766
						mux 835
							2741
							2742
								4402 ?
							2743
						2562
							4982 ?
						2563
							4107
						4618
							4766 ?
					0..1 1059
						3351
						3352
						3353
					1..3 1093
						3450
						3451
						3452
						4348
					4517
				or 778
					2..2 1022
						3..3 1187
							3722
								4428
							3723
							3724
								4303
						3249
						3250
					2593
						4435
						4632
					2594
					3912
						4757
				or 854
					2789
					2790
					2791
			or 18
				2..3 40
					or 126
						1..3 424
							or 478
								1905
								1906
								1907
							xor 613
								0..1 628
									2231
									2232
									2233
								xor 661
									2312
									2313
									2314
								2200
									3981 ?
										4554 ?
									4666 ?
							1779
						1329
						1330
							4014 ?
					mux 279
						1529
							3968 ?
						1530
							4627
						1531
					1..4 736
						1..3 1099
							3468
							3469
							3470
								4390 ?
						2487
						2488
						4452
				xor 101
					or 206
						mux 591
							0..3 1074
								0..3 1150
									3612
									3613
									3614
								3395
									3942
								3396
									4280 ?
									4559
							2148
							2149
							3935
						mux 747
							xor 793
								2635
								2636
								2637
							2516
							2517
								4200
								4930
						1440
					1294
					1295
						4120 ?
							4344
				1253
			xor 25
				xor 141
					or 978
						3126
						3127
						3128
						3967
					1350
					1351
				or 342
					mux 391
						xor 425
							mux 535
								2031
								2032
								2033
							1780
								4502
							1781
						1..1 1029
							3265
							3266
							3267
								4799
						1718
					or 646
						or 666
							or 858
								2799
								2800
								2801
									4654 ?
								4274
									4296
							2..2 1160
								3642
								3643
								3644
							2326
						2273
						2274
					2..3 684
						1..4 1100
							3471
							3472
							3473
							4749
						2..3 1248
							3903
								4091 ?
							3904
								4772
							3905
								4219 ?
						2361
							4318 ?
				or 438
					1814
					1815
					1816
			6..6 28
				or 38
					xor 937
						3013
						3014
						3015
						4531
					1261
						4614
					1262
				xor 41
					mux 127
						or 270
							or 734
								xor 865
									2819
									2820
										4076
									2821
										4240 ?
								2482
								2483
							2..2 1198
								3754
								3755
								3756
							1519
						1331
						1332
							4796
						4945
					or 234
						2..3 276
							xor 525
								2010
								2011
								2012
							or 686
								2362
								2363
								2364
							2..3 864
								2816
								2817
								2818
							3..3 1109
								3498
								3499
								3500
									4785
									4924 ?
						xor 681
							or 998
								3182
								3183
								3184
							0..1 1227
								3840
								3841
								3842
							2355
						1469
					or 310
						or 326
							mux 327
								1619
								1620
								1621
							1617
							1618
								4074 ?
						xor 337
							or 602
								2176
								2177
									4440
								2178
							1638
							1639
						xor 485
							1922
								4464 ?
								4492
							1923
							1924
					xor 421
						1771
						1772
						1773
					mux 555
						xor 593
							mux 999
								3185
								3186
								3187
							2152
							2153
								4446
							4408
						xor 709
							2418
							2419
								4270 ?
							2420
								3990 ?
						2071
				0..0 204
					mux 323
						1..3 1092
							3447
							3448
								4961 ?
							3449
						1610
							3925
						1611
						4090
							4146
					or 406
						or 742
							2..2 924
								2976
								2977
								2978
									4544 ?
							3..3 1224
								3831
								3832
									4444
								3833
							2504
							3998
								4123 ?
								5000
						xor 921
							1..1 1154
								3624
									4856
								3625
									4973
								3626
							1..2 1193
								3740
									4186 ?
								3741
								3742
							2969
						1749
					xor 453
						1847
						1848
						1849
					mux 459
						mux 847
							xor 977
								2..2 1164
									3654
									3655
										4374 ?
									3656
										4697
								3124
								3125
							2774
								4099 ?
							2775
						1861
							4403 ?
							4523 ?
						1862
				mux 235
					mux 263
						0..2 288
							mux 763
								1..1 1135
									3569
									3570
										4952 ?
									3571
								2557
									4245
								2558
									4641
							1549
							1550
								3969
						0..3 888
							2882
								3955 ?
									4682 ?
							2883
							2884
						1509
							4216
					or 422
						or 894
							2899
							2900
							2901
						1774
						1775
						4603
					mux 583
						mux 659
							1..1 712
								2425
								2426
									4294
									4759
								2427
							2307
								4605 ?
							2308
							3984
						xor 825
							or 922
								2970
								2971
								2972
							2715
							2716
						2133
					0..2 1185
						3716
						3717
						3718
				1..3 1065
					3369
					3370
					3371
				0..1 1192
					3737
						3924 ?
					3738
					3739
				4258
			or 34
				mux 35
					mux 79
						xor 97
							1290
							1291
								3993 ?
								4582
							1292
								4373 ?
						2..3 164
							mux 479
								0..3 1140
									3583
										4234
									3584
									3585
								1908
								1909
							or 502
								1956
								1957
								1958
							xor 665
								mux 703
									2402
									2403
									2404
									4227
								2324
								2325
									4596 ?
								4572
									4883
						or 298
							xor 949
								3046
									4789 ?
								3047
									4866
								3048
							1561
							1562
								4825 ?
							4112
						xor 449
							1836
							1837
							1838
							4039
						1..2 452
							3..3 1091
								3444
									4888
								3445
								3446
							1845
							1846
						mux 487
							3..3 1008
								2..4 1081
									3414
									3415
									3416
									4212
								0..1 1155
									3627
									3628
									3629
								3211
							1..2 1110
								3501
									4823 ?
								3502
								3503
							1928
							4903
					mux 163
						3..3 332
							1629
							1630
							1631
						1379
						1380
						4342
					1260
				2..2 120
					1322
					1323
						4984 ?
					1324
					4027
						4853 ?
				xor 349
					or 850
						3..3 1009
							0..1 1218
								3814
								3815
								3816
							3212
							3213
						2780
						2781
						4360
					1655
					1656
				3..3 1145
					3598
					3599
					3600
						4671 ?
			mux 39
				0..3 104
					or 194
						xor 769
							2569
								3930
							2570
							2571
						1422
							3913
						1423
					or 434
						1805
						1806
						1807
							4419
					3..3 1026
						3259
						3260
						3261
				xor 201
					1432
					1433
					1434
				xor 209
					mux 467
						1878
						1879
							4966
						1880
					mux 843
						2762
							4279 ?
						2763
							4786 ?
						2764
					4..4 856
						0..1 1031
							3271
							3272
							3273
						2794
						2795
						4657
					mux 991
						3163
						3164
							4743
								4976 ?
						3165
						4635
					3..3 1130
						3554
						3555
						3556
					4842
				xor 317
					1598
					1599
					1600
				0..2 700
					2395
					2396
					2397
						4950
				4728
			2..2 208
				xor 309
					or 658
						2304
							4194
						2305
						2306
					1584
					1585
						4241 ?
				or 398
					1733
						4315
					1734
					1735
				1..1 1183
					3710
						4674 ?
					3711
					3712
			mux 271
				mux 351
					mux 759
						2545
						2546
						2547
					xor 773
						2580
						2581
						2582
					1658
				xor 397
					or 514
						2..2 1108
							3495
								4195
							3496
							3497
							4558
						0..1 1146
							3601
								4495
							3602
							3603
						1982
					1731
					1732
						4175 ?
					4846
				1..1 600
					2170
					2171
						4714
					2172
				mux 727
					2465
					2466
					2467
			0..1 548
				2056
				2057
				2058
					4925
			0..3 1186
				3719
					3921
						4684
				3720
					4718 ?
				3721
		mux 23
			xor 113
				0..4 1077
					3403
					3404
					3405
						4157 ?
							4335
					4710
				1310
				1311
				4955
			0..7 152
				xor 289
					1551
					1552
						4716 ?
					1553
						4849
				2..2 392
					1719
					1720
					1721
				or 462
					2..3 652
						2289
						2290
						2291
							4547
					1868
					1869
				0..0 480
					4..4 1203
						3769
						3770
						3771
						4731
					1910
					1911
					3916
				xor 513
					3..3 1020
						3243
							4295 ?
						3244
							3971
						3245
					1980
					1981
				xor 569
					2100
						4165
					2101
					2102
						4923 ?
				or 594
					2154
					2155
					2156
				xor 965
					3091
					3092
					3093
			or 158
				mux 183
					mux 315
						1593
							4388 ?
						1594
						1595
					0..3 544
						2047
						2048
						2049
							4017 ?
								4019
									4871
								4807 ?
							4215 ?
					1401
				mux 187
					or 614
						mux 639
							2254
							2255
							2256
						2201
							4015
						2202
						4082
					mux 663
						2318
						2319
							4711
						2320
						3919
					xor 873
						2842
							4776 ?
						2843
							4057
						2844
							4143 ?
					4063
				0..0 376
					xor 457
						mux 499
							1951
							1952
								4438 ?
							1953
						2..3 912
							2946
							2947
							2948
								4236
						1857
					1..2 484
						2..3 1042
							3302
							3303
							3304
								4059 ?
						1920
						1921
					mux 531
						2023
						2024
						2025
					or 966
						3094
							4585
						3095
							4072
						3096
				or 574
					2114
					2115
					2116
			0..3 180
				mux 219
					1457
					1458
					1459
				xor 413
					mux 507
						xor 509
							1973
							1974
							1975
							4953
						xor 565
							mux 707
								2412
								2413
									4981
								2414
							xor 777
								2590
								2591
								2592
							or 810
								2676
									3928 ?
										3973 ?
									4522
								2677
								2678
								4852
						mux 595
							3..3 908
								0..2 1064
									3366
									3367
									3368
								2935
								2936
							2157
							2158
								4575
					xor 909
						2937
						2938
						2939
					1758
						4631 ?
					4593
				1400
			0..1 1060
				3354
				3355
				3356
		mux 71
			1..1 96
				mux 215
					1449
						4609
					1450
					1451
					3937
						4498 ?
				1288
					4231 ?
				1289
			mux 111
				1305
				1306
				1307
			or 626
				or 794
					2638
					2639
					2640
				2226
				2227
	mux 3
		or 6
			xor 9
				1..2 12
					2..3 16
						mux 19
							2..2 24
								0..0 76
									xor 129
										or 146
											or 150
												3..3 216
													1452
													1453
													1454
												mux 299
													or 722
														mux 871
															2836
															2837
															2838
														2451
															4699
														2452
													1563
													1564
												4..4 316
													or 354
														1663
														1664
														1665
															4505
													1596
													1597
														4418 ?
													4094
												or 562
													2085
													2086
													2087
												0..1 1094
													3453
													3454
													3455
											mux 431
												1796
												1797
													4429 ?
													4936
												1798
													4085
											mux 551
												xor 633
													2..2 1058
														3348
														3349
															3991 ?
																4874 ?
															4604 ?
																4707
														3350
															3987 ?
													2240
													2241
												2062
												2063
										xor 473
											2..3 1181
												3704
												3705
												3706
													4600
											1891
											1892
										3..3 1143
											3592
											3593
											3594
										4694
									mux 211
										1442
										1443
										1444
											4158
									1275
										4396 ?
									3936
								xor 109
									xor 153
										or 542
											mux 903
												1..1 904
													2923
													2924
													2925
														4702 ?
												or 990
													1..2 1201
														3763
														3764
														3765
															4705 ?
													3161
													3162
												2922
											1..2 1106
												3489
												3490
												3491
											3..3 1244
												3891
												3892
												3893
													4536
										1362
										1363
									or 266
										xor 409
											xor 833
												2736
												2737
													4333
												2738
											1751
											1752
										1511
										1512
										4254
											4381
									mux 275
										xor 737
											2489
											2490
											2491
										1523
										1524
									or 938
										3016
											4819
										3017
											4287
										3018
									3..3 1021
										3246
										3247
											4160 ?
											4272 ?
										3248
								1255
									4034
										4229 ?
							0..3 36
								mux 139
									1345
										4665
									1346
									1347
								or 166
									mux 167
										or 198
											mux 519
												1993
													4250 ?
												1994
													4918 ?
												1995
											0..1 1208
												3784
												3785
												3786
													4420 ?
											1428
											4042
										mux 207
											xor 497
												1945
												1946
												1947
											1..2 1040
												3297
													4114 ?
												3298
												3299
											1441
												4220 ?
										1..2 456
											1854
											1855
												4704
											1856
										or 510
											xor 897
												2907
												2908
												2909
											or 914
												xor 941
													3024
													3025
													3026
														4003 ?
												2952
												2953
													4199
														4954
											1976
											4108
									1..1 228
										mux 399
											1736
											1737
											1738
											4730
										mux 795
											0..3 1226
												3837
												3838
												3839
											2641
												3950 ?
											2642
											4338
										xor 885
											mux 919
												2..2 968
													3100
													3101
													3102
												2964
												2965
											2874
												4089
											2875
												3926
									mux 311
										xor 441
											1..3 1062
												3360
												3361
												3362
											1821
												4979 ?
											1822
												4202
											4159
										1586
										1587
											4164 ?
									2..2 1204
										3772
										3773
										3774
								xor 213
									0..1 936
										3010
										3011
											4197
											4634
										3012
											4422 ?
									1445
										4010 ?
									1446
									4389
							2..2 60
								2..4 268
									or 286
										1543
										1544
											4125 ?
											4213 ?
										1545
									0..1 608
										1..2 692
											2374
											2375
											2376
										xor 765
											or 986
												3149
												3150
												3151
											0..1 1000
												3188
													4060
												3189
												3190
											0..3 1191
												3734
												3735
												3736
											4940
										2190
									1515
									4179
								mux 303
									1..1 520
										1996
										1997
										1998
										4895
									0..4 1036
										3286
											4868 ?
										3287
										3288
										4203
									1571
										4020 ?
											4571
												4701 ?
								0..1 1197
									2..2 1219
										3817
										3818
										3819
									3752
									3753
							or 62
								or 94
									or 442
										mux 943
											3029
												4987
											3030
											3031
										1823
										1824
									xor 601
										2173
										2174
										2175
									1287
								or 142
									or 782
										2604
										2605
											4484 ?
										2606
									mux 939
										3019
										3020
										3021
									1352
								or 178
									or 418
										1765
										1766
										1767
									1397
									1398
								xor 217
									mux 243
										xor 301
											0..3 524
												2007
												2008
													4880 ?
												2009
											0..2 1075
												3397
												3398
												3399
													4461 ?
											1568
										xor 789
											2623
											2624
												4564
											2625
											4304
												4355 ?
										0..0 1161
											3645
												3995
													4616 ?
											3646
											3647
												4967 ?
													4977 ?
											4086
									1455
										4041
										4946 ?
									1456
							or 106
								xor 293
									1555
									1556
									1557
								1..3 348
									mux 427
										1785
										1786
											4948
										1787
									or 486
										1925
										1926
										1927
									1654
								mux 719
									or 838
										2749
										2750
										2751
									2444
									2445
										4269
							xor 353
								mux 807
									1..2 1247
										3900
										3901
										3902
											4538
									2669
										4111 ?
									2670
										4687
									4386
										4870 ?
								1661
								1662
							or 530
								xor 961
									3079
									3080
									3081
								2021
								2022
									4913
							xor 781
								2601
								2602
								2603
									4174
										4414 ?
											4524
							0..1 916
								1..2 1027
									3262
									3263
									3264
								2957
								2958
									4392
							xor 953
								3057
									4658 ?
										4677 ?
								3058
								3059
								3954
						or 42
							or 50
								1..3 172
									1388
									1389
									1390
									3948
										4588 ?
											4683
								1..1 232
									mux 667
										0..2 1055
											3340
											3341
											3342
										2327
										2328
										4887
									or 958
										3071
											4251
											4901
												4983 ?
										3072
										3073
										4581
									1467
										4415 ?
										4565 ?
								xor 237
									1470
										4232 ?
											4607 ?
									1471
									1472
							mux 75
								mux 175
									xor 629
										or 834
											0..3 1119
												3525
													4630 ?
												3526
												3527
													4613
												3965
											2739
											2740
										2234
										2235
									or 822
										2706
										2707
											4009
										2708
									1394
								xor 329
									mux 331
										xor 545
											0..1 1223
												3828
												3829
												3830
											2050
											2051
												4372
												4877 ?
										xor 821
											or 846
												2771
													3941 ?
														4624
												2772
												2773
											2704
											2705
											4405
										1628
											4844
										4248
									2..2 620
										mux 699
											2392
												4268
											2393
												4476 ?
											2394
										3..4 812
											0..3 1035
												3283
												3284
												3285
													4046
											2682
											2683
											4430
										2217
									1624
								xor 377
									1..3 796
										4..4 1156
											3630
												4271
											3631
											3632
											4263
										2643
										2644
										4061
									mux 967
										3097
										3098
											4962
										3099
									1700
								mux 471
									1887
									1888
									1889
								3..3 660
									2309
										4054 ?
									2310
									2311
										4177
											4468
												4899 ?
									4643
							xor 81
								1..1 84
									or 302
										xor 433
											1802
											1803
											1804
											4308
										1569
										1570
									1278
										4735 ?
									1279
								mux 359
									1669
										4561
									1670
									1671
									4121
								1277
							xor 185
								1405
								1406
									4723
								1407
							xor 189
								or 926
									2982
									2983
										4081 ?
											4994 ?
									2984
								1412
									4375 ?
								1413
							xor 533
								or 942
									mux 947
										0..1 988
											3155
											3156
												4449
													4809
											3157
										3041
										3042
									3027
									3028
								2029
								2030
						0..4 72
							0..1 108
								xor 553
									mux 751
										3..3 1121
											3531
												4116
												4313 ?
											3532
											3533
											3922
												4646
										2526
										2527
										4724
									2067
									2068
								1300
								1301
									4794 ?
							xor 469
								or 494
									3..3 764
										2559
										2560
										2561
									1..3 944
										3032
											4319 ?
										3033
										3034
									1939
								xor 585
									mux 755
										2536
										2537
										2538
									2136
									2137
								mux 723
									2453
										4223
									2454
										4358
									2455
								4071
							mux 691
								0..1 1205
									3775
									3776
										4656 ?
									3777
								2372
									4480
								2373
									4016 ?
										4102
											4297
									4141 ?
									4770
							or 750
								2523
									4640 ?
								2524
								2525
									4288 ?
										4835
											4974 ?
					1..3 252
						1494
						1495
						1496
					or 710
						3..3 800
							1..1 1050
								3325
								3326
								3327
								4000
							2652
							2653
						0..2 1202
							3766
							3767
							3768
						2421
						4494
					xor 933
						3002
						3003
						3004
							3927 ?
								4900 ?
						4620
				mux 15
					1..3 20
						xor 21
							mux 115
								1..1 124
									or 262
										mux 355
											1..2 836
												2744
												2745
													4162 ?
												2746
											xor 853
												mux 927
													2985
													2986
													2987
												2787
												2788
													4350 ?
														4455 ?
											0..0 1044
												3308
													4843 ?
												3309
												3310
												4156
											4828
										1507
										1508
										4095
									xor 501
										mux 603
											or 906
												2929
												2930
												2931
											2179
											2180
											4556
										1..3 768
											2566
												4345 ?
												4577 ?
												4934
											2567
											2568
											4469
										2..3 1095
											3456
											3457
												3958
												4035 ?
												4790
											3458
									1325
								xor 193
									2..2 556
										2072
										2073
										2074
									1420
									1421
										4284
										4379
								mux 787
									2617
									2618
									2619
									3933
							or 134
								1339
								1340
								1341
									4028 ?
										4377 ?
							xor 313
								0..2 1222
									3825
									3826
										4043 ?
											4599 ?
									3827
									4104
								2..2 1242
									3885
									3886
									3887
									4926
								1591
							or 506
								0..2 580
									2128
									2129
									2130
								1968
								1969
									4721
								4533
						mux 83
							xor 269
								1516
								1517
								1518
							or 338
								or 634
									mux 855
										3..3 1102
											3477
												4850 ?
											3478
											3479
											4859
										2792
										2793
									2242
									2243
								1640
								1641
								4513
							2..3 516
								1986
								1987
								1988
							4153
								4698 ?
						1254
					or 22
						3..3 32
							or 46
								xor 57
									or 186
										1408
											4949
										1409
										1410
									or 994
										3171
										3172
										3173
										4590
									3..3 1215
										3805
										3806
										3807
								mux 319
									1601
									1602
									1603
								or 474
									1893
										4424
									1894
									1895
								or 550
									mux 607
										1..1 1166
											3660
											3661
											3662
											4341
										2188
											4201
										2189
									2060
										4406
									2061
								xor 605
									2182
									2183
									2184
										4183 ?
											4282 ?
										4583 ?
							or 274
								or 770
									2572
									2573
									2574
										4549 ?
									4113
								1521
								1522
								4080
							0..0 1028
								0..3 1076
									3400
									3401
									3402
								2..4 1123
									3537
									3538
									3539
									4921
								0..3 1177
									3693
									3694
									3695
										4470 ?
								4077
									4101 ?
						1..4 612
							3..3 1111
								3..3 1167
									3663
									3664
									3665
										4001 ?
											4798 ?
										4053
								3504
								3505
									4838
							2198
							2199
							4314
						mux 883
							0..1 1101
								3474
								3475
								3476
							2870
							2871
						2..2 1147
							0..3 1178
								3696
								3697
								3698
							3604
							3605
								4322 ?
					or 26
						1256
						1257
						1258
							4882
					1..4 68
						mux 107
							or 874
								2845
								2846
									4929
								2847
							0..2 1213
								3799
								3800
								3801
							1299
						mux 171
							2..3 192
								1417
								1418
								1419
							1386
							1387
								3944
								4172 ?
							4653
								4670 ?
						xor 229
							mux 247
								1484
								1485
								1486
							2..2 460
								1863
								1864
								1865
									4458
							mux 463
								1870
								1871
								1872
								4483
									4836 ?
									4861
						4621
					mux 131
						or 214
							or 230
								xor 577
									2..2 1016
										3232
											4257
										3233
										3234
									1..3 1196
										3749
										3750
										3751
									2122
								or 954
									3060
									3061
									3062
								1465
									4137
							1447
							1448
						0..3 244
							mux 363
								1676
								1677
									4383
								1678
								4413
							xor 417
								mux 419
									1768
										4761
									1769
									1770
								2..3 1165
									3657
									3658
									3659
								1764
							0..3 1190
								3731
								3732
									4409
										4644
											4939
								3733
						0..1 396
							1728
								3975 ?
									4454
							1729
							1730
					0..2 188
						mux 231
							xor 321
								mux 627
									2228
									2229
									2230
								mux 831
									1..3 920
										2966
										2967
										2968
									2731
									2732
								1606
							xor 333
								mux 451
									1842
									1843
									1844
									3992
								0..3 680
									xor 989
										3158
										3159
											4007 ?
												4797 ?
											4493 ?
										3160
									2353
									2354
								2..3 1063
									3363
										3988
									3364
									3365
										4534 ?
											4951 ?
									4478
							1466
						xor 361
							mux 511
								3..3 784
									2609
										4530
											4535 ?
									2610
									2611
								1..3 1141
									3586
										4471
									3587
										4741 ?
									3588
								1977
									4189 ?
								4867
							0..1 664
								2321
									3946 ?
										4205
										4489 ?
									4022 ?
								2322
								2323
								4132
									4688
							1673
						1411
							4417
								4892
					xor 837
						0..1 1182
							3707
							3708
								4320
								4700 ?
							3709
						2747
						2748
					4188
				1..4 80
					or 334
						xor 757
							or 826
								2717
								2718
									4005 ?
								2719
							2541
							2542
						1632
						1633
						4891
					3..3 420
						1..3 632
							0..3 672
								or 802
									1..4 1216
										3808
										3809
										3810
										4875
									2657
									2658
									4837
								2337
								2338
								4693
							xor 745
								2511
								2512
									4427
								2513
									3964 ?
									4098 ?
							2239
								4301
									4715
						0..1 948
							3043
								4740 ?
							3044
							3045
						2..3 1078
							3406
							3407
							3408
						0..1 1173
							3681
							3682
							3683
								4069 ?
					mux 783
						0..2 860
							2805
							2806
							2807
							4692
						2607
						2608
						4662
					or 918
						or 946
							3038
								4943
							3039
							3040
						2962
						2963
							4317 ?
				1..3 88
					xor 137
						or 170
							1383
							1384
							1385
							4327
						xor 297
							0..1 372
								or 598
									2164
									2165
									2166
										3970 ?
										4049
								or 678
									2348
									2349
									2350
								xor 693
									2..3 696
										2384
											4514 ?
										2385
										2386
									2377
									2378
							2..3 732
								2477
								2478
								2479
							1560
							3951
						mux 579
							2125
							2126
							2127
					0..1 284
						xor 365
							or 570
								2103
								2104
								2105
							1682
							1683
								4649
						or 414
							1..3 540
								mux 655
									2296
									2297
									2298
								2043
								2044
							0..1 640
								2257
								2258
								2259
							1..1 1025
								3256
								3257
									4808 ?
								3258
						mux 839
							2752
							2753
							2754
							4395
								4911
					1..1 852
						or 974
							1..3 1039
								3294
								3295
									4980
								3296
							3117
							3118
						2785
						2786
							4332
				xor 221
					or 238
						xor 345
							xor 489
								mux 771
									or 798
										2647
										2648
											4592
										2649
									2575
									2576
										4100 ?
								1931
								1932
							1..1 572
								2108
									4508
								2109
								2110
							1651
								4276 ?
							4387
						or 674
							mux 879
								2859
									4878 ?
								2860
									4768
								2861
									4863 ?
							2340
							2341
						mux 731
							xor 857
								2796
								2797
								2798
								4191
							2..3 1033
								3277
								3278
								3279
									4353
								4573
									4916 ?
							2..3 1120
								3528
									3999
										4325
											4947 ?
								3529
								3530
									4079 ?
							2..3 1124
								2..3 1129
									3551
									3552
									3553
								3540
								3541
									4532
					mux 395
						0..2 780
							2598
							2599
							2600
						1726
						1727
						4347
					0..2 488
						2..3 828
							2722
							2723
							2724
								4847
						1929
						1930
				xor 261
					xor 481
						1912
							4110
								4119 ?
								4277
						1913
						1914
							4181
							4302
							4546
					1505
					1506
						4576 ?
				4198
			or 54
				mux 159
					xor 725
						2459
						2460
						2461
					1370
					1371
				xor 537
					2037
					2038
					2039
					4638
				1..1 1003
					2..2 1172
						3678
							4726 ?
						3679
						3680
					3197
						4050 ?
							4144
					3198
			mux 255
				2..2 1126
					3..3 1175
						3687
						3688
						3689
							4629
					3545
						4499
					3546
				1499
				1500
				4351
		or 30
			mux 55
				xor 61
					or 82
						mux 491
							xor 573
								2111
								2112
								2113
							or 754
								2533
								2534
									4780 ?
								2535
									4024 ?
							2..3 1169
								3669
								3670
								3671
						0..1 508
							1970
								4463
							1971
							1972
						0..2 1085
							3426
								4426
							3427
							3428
								4497
						4434
					or 90
						1284
						1285
						1286
						4130
					xor 117
						xor 461
							2..2 1006
								3205
								3206
								3207
							1866
								4781 ?
							1867
						1315
						1316
					xor 121
						2..2 132
							1335
								4362
								4845
							1336
							1337
						mux 147
							or 226
								1..3 656
									2299
									2300
									2301
										4366 ?
									4985
								1463
								1464
								4907
							or 694
								0..3 992
									1..1 1010
										3214
										3215
											4619 ?
										3216
										3972
									3166
									3167
										4813
								2379
								2380
							1357
						2..6 168
							3..3 220
								or 374
									2..2 512
										or 774
											2583
											2584
												4851 ?
											2585
												4367
												4795
										1978
										1979
									xor 849
										0..2 880
											0..3 1157
												3633
													4256
												3634
												3635
											2862
											2863
										2778
										2779
										4518
									1697
								mux 643
									2264
									2265
										4462
									2266
								1460
									4075
										4727
							or 222
								mux 407
									xor 617
										3..3 1023
											2..2 1070
												3384
												3385
													4527 ?
												3386
											3251
											3252
										2209
											4553 ?
										2210
									mux 623
										2221
										2222
										2223
											4225
									xor 829
										2725
										2726
											4586 ?
										2727
										4290
											4425 ?
									4481
								mux 619
									2214
									2215
									2216
								1..1 956
									3065
									3066
									3067
							or 382
								0..3 708
									2415
										4552
									2416
									2417
										4548 ?
								1704
								1705
							or 682
								2356
								2357
								2358
							0..3 1136
								3..3 1137
									3574
									3575
									3576
										4423 ?
								3572
									3917 ?
								3573
							4680
						xor 689
							2..3 844
								2765
									4764
									4791 ?
								2766
								2767
							2367
							2368
				2..3 112
					1..3 668
						xor 809
							2..3 1163
								3651
								3652
								3653
							2674
							2675
						2329
							4651 ?
						2330
					1308
					1309
					4959
				mux 123
					or 394
						2..2 444
							xor 805
								2665
								2666
								2667
									3996
							1827
							1828
								3923 ?
						1724
						1725
							4354 ?
							4989
					0..3 584
						mux 959
							3074
							3075
							3076
						2134
							4293 ?
						2135
							4570 ?
					1..1 996
						3177
						3178
						3179
					4910
				mux 803
					2659
						4346 ?
							4416 ?
					2660
						4206
							4398
						4889
					2661
						4237 ?
						4820
			xor 169
				xor 257
					or 430
						or 730
							2474
							2475
							2476
						1794
						1795
					3..3 504
						1962
							4136
								4384 ?
						1963
							4595
						1964
					3..3 1083
						3420
						3421
						3422
					0..3 1238
						3873
							3956
								4055
									4642 ?
						3874
						3875
				or 482
					1915
					1916
					1917
				1..4 1051
					3328
					3329
					3330
						4193 ?
					4285
			xor 493
				1936
				1937
					3918 ?
						4092 ?
						4886
				1938
			mux 495
				or 654
					2293
					2294
						4679 ?
					2295
					4339
				1940
				1941
		1251
		4667
			4733
	or 10 ?
		xor 65
			xor 77
				xor 85
					or 154
						1364
						1365
						1366
					0..1 160
						xor 901
							2917
							2918
							2919
								3949 ?
							4541
						1372
						1373
							4399 ?
					mux 411
						1754
						1755
						1756
					1..3 564
						2091
						2092
						2093
							4474
					1..1 1170
						3672
						3673
						3674
				or 162
					1376
					1377
					1378
						4873 ?
				1276
					4115
				4161
			or 86
				0..0 300
					1565
					1566
					1567
					4729
				1280
				1281
			or 702
				2399
				2400
				2401
		0..3 744
			2508
			2509
			2510
		1252
	xor 89 ?
		2..3 116
			or 586
				2138
				2139
				2140
			1313
			1314
		1..2 224
			mux 295
				xor 305
					2..2 1217
						3811
						3812
						3813
					1574
					1575
				xor 357
					xor 517
						xor 785
							2612
								4997 ?
							2613
							2614
								4045 ?
						1989
							3938
							4594
						1990
					mux 543
						or 698
							2389
							2390
							2391
								4266 ?
									4371
								4696 ?
						or 714
							2430
							2431
							2432
						2..3 1113
							1..1 1221
								1..1 1246
									3897
									3898
									3899
								3823
								3824
							3509
							3510
								4363 ?
									4898
							4706
						4365
					xor 641
						0..1 1199
							3757
								4224 ?
							3758
								4117 ?
							3759
						2260
						2261
					mux 675
						2342
						2343
							4260
						2344
				1558
					4088 ?
					4230
			3..3 1014
				3226
				3227
					3997
				3228
			1461
		0..2 340
			1642
			1643
			1644
			4920
		1..2 344
			xor 429
				1791
					4477 ?
				1792
					4244 ?
				1793
			xor 581
				xor 685
					mux 971
						0..1 1068
							3378
								3934 ?
									4854 ?
							3379
							3380
						3109
							4163
							4626
						3110
						4491
					1..2 1090
						3441
						3442
						3443
					0..3 1116
						3517
						3518
						3519
				0..3 1243
					3888
					3889
					3890
				2131
			1650
		2..3 360
			0..1 592
				xor 657
					or 762
						2554
						2555
						2556
							4259 ?
								4606
					2302
					2303
						4938 ?
				2150
				2151
			xor 957
				3068
				3069
				3070
			1672
				4865 ?
	xor 381
		0..4 1214
			3802
			3803
			3804
			4542
		1702
		1703
	mux 435
		mux 899
			2912
			2913
			2914
			4217
		1808
		1809
	1..1 940
		0..3 1072
			3..3 1088
				3435
				3436
				3437
			3390
			3391
			4021
				4433
				4496 ?
		3022
		3023
		4447
	4703 ?
config: 0