abstract 0
	mux 1
		mux 19
			0..0 32
				mux 301
					2..2 962
						mux 1161
							3716
							3717
							3718
						3191
						3192
					1791
					1792
				0..3 460
					mux 1355
						4259
						4260
						4261
					2055
					2056
						4836 ?
				1507
				4899
			mux 37
				3..3 42
					0..2 78
						0..1 130
							0..1 136
								mux 349
									mux 489
										2120
										2121
										2122
									mux 1063
										3446
										3447
											4931
										3448
									1858
								1..1 592
									mux 973
										mux 1079
											3488
											3489
											3490
										3216
										3217
									mux 1128
										3623
										3624
										3625
									mux 1147
										3675
										3676
										3677
								0..2 944
									3147
									3148
									3149
								mux 1237
									mux 1244
										3943
										3944
										3945
									3924
									3925
							1568
							1569
						3..3 210
							mux 267
								mux 859
									1..3 938
										mux 1344
											mux 1475
												4614
												4615
												4616
											4229
											4230
										3132
										3133
									2937
									2938
								mux 1272
									4023
									4024
									4025
										4952
								1736
								4749
							1651
							1652
						2..5 238
							mux 433
								0..1 440
									mux 543
										mux 1127
											mux 1301
												4105
												4106
												4107
													4789 ?
														4803 ?
											3621
											3622
										mux 1158
											3707
											3708
											3709
										2225
										4696
									1..2 546
										mux 861
											mux 965
												3198
												3199
												3200
											2942
											2943
										mux 1365
											4289
											4290
											4291
										2230
									mux 1164
										3724
										3725
										3726
								0..1 698
									2566
									2567
									2568
								2..3 802
									1..3 930
										3112
										3113
										3114
									2807
									2808
								mux 1340
									4217
									4218
									4219
							0..2 492
								2128
								2129
								2130
							0..2 708
								2..3 778
									1..2 808
										mux 879
											mux 1189
												3791
												3792
												3793
											2981
											2982
										2819
										2820
									2751
										4994
									2752
								2591
								2592
							0..1 784
								2764
								2765
								2766
							1..3 900
								mux 1115
									3587
									3588
									3589
								3034
									4958
								3035
							mux 1409
								4417
								4418
								4419
							mux 1434
								4491
								4492
								4493
					0..4 114
						mux 125
							1..1 232
								mux 279
									1751
									1752
									1753
								mux 711
									2598
									2599
									2600
								mux 813
									2831
									2832
									2833
							1560
							1561
								4719 ?
						3..3 204
							2..3 760
								2709
								2710
								2711
									4954
							mux 1144
								mux 1469
									4596
									4597
									4598
								3667
								3668
							mux 1451
								4542
								4543
								4544
						mux 917
							3077
							3078
							3079
						mux 1083
							3499
							3500
							3501
					1511
						4845 ?
				1..1 318
					3..3 702
						2574
						2575
						2576
					mux 771
						mux 925
							3098
							3099
							3100
						2736
						2737
					mux 1014
						3319
						3320
							4823 ?
						3321
				1509
			mux 39
				mux 79
					0..3 308
						mux 405
							mux 457
								mux 1086
									3508
									3509
									3510
								2048
								2049
							mux 799
								2798
								2799
								2800
								4780
							1946
						0..2 730
							mux 789
								mux 1398
									4384
									4385
									4386
								2775
								2776
							2640
							2641
						mux 849
							mux 1007
								mux 1064
									3449
										4943
									3450
									3451
								mux 1284
									4057
									4058
									4059
								3300
							mux 1276
								4035
								4036
								4037
							mux 1388
								4355
								4356
								4357
						1..1 892
							mux 1186
								3783
									4883 ?
								3784
								3785
							3015
							3016
					3..3 328
						0..2 882
							2989
							2990
							2991
						mux 1486
							4646
							4647
							4648
						1825
					mux 437
						2010
						2011
						2012
					mux 531
						1..3 860
							2939
								4858
							2940
							2941
								4693 ?
						2200
						2201
				mux 101
					mux 1168
						3735
						3736
						3737
					1542
					1543
				2..3 134
					3..3 250
						mux 493
							mux 1271
								4020
								4021
								4022
							2131
							2132
						1704
						1705
					mux 439
						mux 517
							1..1 556
								mux 1378
									4325
									4326
									4327
								2250
								2251
							mux 705
								2583
								2584
								2585
							2..3 996
								3273
								3274
									4849 ?
								3275
						mux 1392
							4366
							4367
							4368
						2015
					mux 447
						mux 1017
							mux 1104
								mux 1176
									3756
									3757
									3758
								3556
								3557
							3327
							3328
						2030
						2031
					mux 535
						mux 579
							2296
								4876
							2297
							2298
						1..2 816
							2838
							2839
							2840
								4915 ?
						mux 1444
							4521
							4522
							4523
					mux 1304
						4114
							4838 ?
							4923
						4115
						4116
				3..3 298
					0..1 380
						mux 1313
							4140
							4141
								4816
							4142
						1906
						1907
					mux 475
						2087
						2088
						2089
					mux 1011
						3310
						3311
						3312
				1..2 378
					1..2 522
						0..1 528
							2195
							2196
								4790
							2197
						0..2 880
							2983
							2984
							2985
						mux 1101
							mux 1290
								4075
								4076
								4077
							mux 1332
								4194
								4195
								4196
							3549
					1902
					1903
				mux 929
					3109
					3110
					3111
				mux 1187
					mux 1215
						mux 1283
							4054
							4055
							4056
						3864
						3865
							4694 ?
					3786
					3787
			mux 337
				1837
				1838
				1839
			mux 1129
				3626
				3627
				3628
		1..1 70
			mux 81
				mux 87
					3..4 120
						mux 297
							1785
							1786
							1787
						1..3 466
							2065
							2066
							2067
						1..2 482
							2104
							2105
							2106
						mux 661
							1..2 676
								2512
								2513
								2514
							2473
							2474
							4865
						mux 1027
							3353
								4747 ?
							3354
							3355
					mux 187
						mux 469
							mux 753
								2691
								2692
								2693
							2073
							2074
							4951
						1..4 498
							1..1 886
								3000
								3001
								3002
								4715
							1..2 894
								0..2 952
									3166
									3167
									3168
								3020
								3021
							2139
							4752
						1..3 536
							mux 627
								2402
								2403
								2404
							2208
								4945
							2209
						0..2 616
							2377
							2378
							2379
						2..2 710
							2595
							2596
							2597
								4799
						2..2 948
							3157
							3158
							3159
							4740
						mux 1205
							mux 1257
								3980
								3981
								3982
							3837
							3838
					0..3 300
						mux 655
							mux 787
								2769
								2770
								2771
							2465
							2466
						mux 1039
							3385
							3386
							3387
						1790
					mux 355
						0..2 398
							mux 797
								2792
								2793
								2794
							mux 1043
								mux 1072
									3469
									3470
									3471
								3392
								3393
							1936
						2..2 552
							2..3 574
								2286
								2287
								2288
							mux 791
								mux 999
									mux 1493
										4667
										4668
										4669
									3282
									3283
								2780
								2781
							2242
						1864
						4785
					mux 927
						3103
						3104
						3105
				mux 119
					0..3 184
						0..3 186
							2..4 236
								mux 581
									0..1 718
										1..2 848
											2916
											2917
											2918
												4713
										mux 889
											mux 1188
												3788
												3789
												3790
											3009
											3010
										2616
									0..2 768
										2729
										2730
										2731
									2302
										4692 ?
								1682
								1683
								4974
							1..2 336
								mux 339
									1842
									1843
									1844
										4920
								mux 385
									3..3 434
										mux 637
											3..3 966
												mux 1069
													mux 1315
														4146
														4147
														4148
													3462
													3463
												mux 1097
													3537
													3538
													3539
												3201
											mux 1162
												3719
												3720
												3721
											2426
										2003
										2004
											4926 ?
									mux 603
										3..3 934
											mux 1364
												4286
												4287
												4288
											3123
											3124
										mux 1076
											3479
											3480
											3481
										2350
									1915
								2..3 472
									1..1 606
										2357
										2358
										2359
									2081
									2082
									4804
								2..3 914
									3068
									3069
									3070
							3..3 742
								mux 1389
									4358
									4359
									4360
								2666
								2667
						mux 397
							mux 923
								mux 1120
									3602
									3603
									3604
								3093
								3094
							1934
								4736
							1935
						mux 565
							mux 621
								2387
								2388
								2389
							mux 919
								3083
								3084
								3085
							2268
						4755
					mux 255
						2..2 502
							1..2 706
								2586
								2587
								2588
							mux 1167
								mux 1324
									4171
									4172
									4173
										4805
										4878 ?
								3733
								3734
							2146
						1713
						1714
					0..3 340
						1845
						1846
						1847
					1..2 758
						2704
							4744
						2705
						2706
				mux 145
					0..3 362
						2..2 806
							2815
							2816
							2817
						1873
						1874
					mux 1417
						4441
						4442
						4443
					1578
				1..3 358
					mux 933
						3120
						3121
						3122
						5000
					1866
					1867
				0..1 520
					mux 701
						mux 773
							0..1 922
								mux 1113
									3581
									3582
									3583
								mux 1261
									3992
										4896
									3993
									3994
									4734
								3092
							mux 1236
								3921
								3922
								3923
							2741
						2572
						2573
					2180
					2181
				mux 769
					mux 875
						mux 901
							mux 947
								3154
								3155
								3156
							3036
								4995 ?
							3037
						mux 1060
							3437
							3438
								4759 ?
							3439
								4708
						2973
					mux 1049
						3406
						3407
						3408
						4912
					2732
				2..3 932
					mux 1152
						3689
						3690
						3691
					3118
					3119
				mux 1155
					3698
					3699
					3700
			1..3 158
				mux 257
					mux 325
						1821
						1822
						1823
					2..2 866
						2952
						2953
						2954
					1717
				0..1 262
					mux 513
						1..2 762
							mux 815
								0..3 908
									mux 1209
										3848
										3849
										3850
									3052
									3053
										4850 ?
								2836
								2837
							2714
							2715
						mux 1214
							3861
							3862
							3863
						mux 1269
							4015
							4016
							4017
						mux 1401
							4393
							4394
							4395
					1725
					1726
				mux 275
					1..1 372
						mux 1019
							mux 1175
								3753
								3754
								3755
							3331
							3332
						mux 1057
							3428
							3429
							3430
						1890
					mux 1111
						3575
						3576
						3577
					mux 1126
						mux 1445
							4524
								4825
							4525
							4526
						3619
						3620
				mux 369
					mux 399
						1..1 432
							1..1 834
								mux 1288
									4069
									4070
									4071
								2884
									4840
								2885
							mux 1294
								4086
								4087
								4088
							mux 1342
								4223
								4224
								4225
						mux 441
							2016
							2017
							2018
						mux 521
							2182
							2183
							2184
						mux 679
							2519
							2520
							2521
						mux 1254
							3972
							3973
							3974
					mux 1467
						4590
						4591
						4592
					1884
			mux 209
				mux 277
					1..3 366
						mux 1468
							4593
							4594
							4595
						1878
						1879
					mux 1020
						3333
						3334
						3335
					1749
				1649
				1650
			1..1 244
				3..3 334
					2..2 786
						mux 989
							3253
							3254
							3255
								4809
						1..2 994
							3267
							3268
							3269
						2768
					1834
					1835
				1693
				1694
		1..3 124
			mux 213
				2..2 600
					2341
					2342
					2343
						4988
				mux 795
					2788
					2789
						4737 ?
					2790
				mux 1277
					4038
					4039
					4040
			mux 1260
				3989
				3990
				3991
					4972
			1559
			4918
		mux 331
			mux 359
				2..3 640
					mux 895
						mux 1466
							4587
							4588
							4589
						3022
						3023
					2431
					2432
				1868
				1869
			mux 629
				1..1 912
					3062
					3063
					3064
				2408
				2409
					4859 ?
			mux 819
				mux 1074
					3474
					3475
					3476
				mux 1181
					3769
					3770
					3771
				2846
		3..3 368
			mux 1303
				4111
				4112
				4113
			1882
			1883
	8..8 2
		mux 3
			3..7 6
				mux 9
					mux 15
						1..3 44
							mux 219
								2..4 356
									mux 541
										0..2 910
											3057
											3058
											3059
											4782
										2221
										2222
									mux 1184
										mux 1314
											4143
											4144
											4145
										3778
										3779
									mux 1307
										4123
										4124
										4125
										4908
									4997
								mux 977
									3224
									3225
									3226
								mux 1396
									4378
									4379
									4380
									4965
							mux 503
								mux 1300
									mux 1447
										4530
										4531
										4532
									4103
									4104
								mux 1379
									4328
									4329
									4330
								2147
							mux 617
								mux 935
									3125
									3126
									3127
								2380
								2381
							mux 1114
								3584
								3585
								3586
						0..2 324
							3..3 382
								0..3 656
									mux 1218
										mux 1404
											4402
											4403
											4404
										3870
										3871
									2467
									2468
								1911
								1912
							2..2 494
								mux 739
									mux 1351
										mux 1381
											4334
											4335
											4336
										4248
										4249
									2660
									2661
								mux 763
									2716
									2717
									2718
								2133
							mux 729
								2637
								2638
								2639
						mux 1092
							mux 1390
								4361
								4362
									4937
								4363
							3525
							3526
					mux 29
						0..1 52
							mux 681
								mux 1179
									mux 1458
										4563
										4564
										4565
									3764
									3765
								2525
									4701
										4773
								2526
							3..3 754
								mux 1142
									3661
									3662
									3663
								mux 1463
									4578
									4579
									4580
								2694
							1514
						mux 85
							2..2 280
								mux 445
									mux 539
										mux 843
											2..2 906
												3046
													4935 ?
												3047
												3048
											2905
											2906
										2216
										2217
									2025
									2026
								mux 829
									2870
									2871
									2872
								1754
							mux 1422
								4455
								4456
								4457
							1532
						mux 159
							2..2 560
								0..2 770
									2733
									2734
									2735
								2260
								2261
							1588
							1589
								4990
						mux 373
							1891
							1892
							1893
						0..3 446
							2027
							2028
							2029
								4772 ?
						mux 779
							mux 1061
								3440
								3441
								3442
								4866
							2753
							2754
					mux 115
						mux 285
							mux 415
								1966
								1967
								1968
							1761
							1762
						mux 387
							1918
							1919
							1920
						mux 483
							1..2 744
								mux 755
									2695
									2696
										4848
									2697
								2670
								2671
							2107
							2108
						mux 693
							2554
							2555
							2556
						0..3 752
							0..2 844
								mux 1289
									4072
									4073
									4074
								2907
								2908
							2689
							2690
						mux 1068
							3459
							3460
							3461
						mux 1377
							4322
							4323
								4788
							4324
					1..1 254
						mux 671
							mux 847
								2913
									4933
								2914
								2915
							2498
								4940 ?
							2499
						mux 1108
							3566
							3567
							3568
						mux 1479
							4626
							4627
							4628
				2..5 12
					mux 25
						mux 47
							1..1 544
								mux 1053
									mux 1125
										3616
										3617
										3618
									mux 1238
										3926
										3927
										3928
									3418
								2226
								2227
							1512
							1513
						1..1 896
							3024
							3025
							3026
								4721 ?
									4771 ?
						mux 1480
							4629
								4839
							4630
							4631
					mux 53
						1..1 64
							1..1 220
								0..1 452
									mux 1336
										4206
										4207
										4208
									2040
									2041
								0..1 580
									2299
									2300
									2301
								mux 801
									2804
										4817
									2805
									2806
							0..2 628
								2405
								2406
								2407
							0..2 636
								mux 915
									3071
									3072
									3073
								mux 981
									mux 1054
										3419
										3420
										3421
									3235
									3236
									4914
								2425
						mux 1256
							3977
							3978
							3979
								4819 ?
						1515
					mux 203
						0..3 332
							1831
							1832
							1833
								4791
						mux 1295
							4089
							4090
							4091
						1644
							4724
					1..1 282
						3..3 978
							3227
							3228
							3229
						1756
						1757
					0..1 572
						2281
						2282
						2283
				2..3 22
					mux 27
						0..2 30
							mux 41
								mux 227
									mux 327
										mux 553
											2243
											2244
											2245
										0..3 990
											mux 1495
												4673
												4674
												4675
													4969 ?
														4993 ?
												4975
											3256
											3257
										mux 1487
											4649
											4650
											4651
									mux 335
										mux 465
											0..1 566
												2269
												2270
												2271
											2063
											2064
										0..1 792
											2782
											2783
											2784
											4717
										1836
									mux 449
										mux 1419
											4446
											4447
											4448
										2034
										2035
									mux 893
										3017
										3018
										3019
								1..3 634
									2420
									2421
									2422
								1..1 662
									0..3 810
										2823
										2824
										2825
									2475
									2476
								0..1 812
									2828
									2829
									2830
								mux 1213
									3858
									3859
									3860
								mux 1282
									4051
									4052
									4053
							1..2 190
								mux 409
									mux 1345
										4231
										4232
										4233
									mux 1415
										4435
										4436
										4437
									1953
								1628
								1629
							1504
							4814
						mux 135
							mux 155
								2..4 206
									mux 223
										1..1 354
											mux 527
												2192
												2193
												2194
											1..1 682
												2527
												2528
												2529
											3..3 842
												2902
												2903
												2904
										1663
										1664
									mux 333
										mux 365
											mux 623
												mux 1354
													4256
													4257
													4258
												2393
												2394
											mux 1456
												4557
												4558
												4559
											mux 1476
												4617
												4618
												4619
										mux 733
											mux 987
												mux 1259
													3986
													3987
													3988
												3250
												3251
											2646
											2647
										mux 851
											mux 853
												mux 945
													mux 1016
														3324
														3325
														3326
													mux 1216
														mux 1347
															mux 1454
																4551
																4552
																4553
															4237
															4238
														mux 1384
															4343
															4344
															4345
														3866
													3150
												mux 1012
													3313
													3314
														4916 ?
													3315
												2926
											2921
											2922
										mux 1278
											4041
											4042
											4043
												4906 ?
											4946
										mux 1322
											4165
											4166
											4167
												4962
											4963
									3..3 608
										2362
										2363
										2364
									mux 725
										2628
										2629
										2630
								1584
								1585
							0..2 264
								mux 443
									2020
									2021
									2022
								1730
								1731
							0..2 374
								1894
								1895
								1896
						mux 151
							mux 239
								1..1 618
									mux 1055
										3422
										3423
										3424
										4768
									2382
									2383
								1685
									4868
								1686
							0..3 454
								mux 783
									2761
									2762
									2763
								mux 1219
									3872
									3873
									3874
										4769 ?
								mux 1279
									mux 1496
										4676
										4677
										4678
									4044
									4045
								mux 1328
									4182
									4183
									4184
								mux 1421
									4452
									4453
									4454
							mux 1274
								4029
								4030
								4031
						mux 573
							mux 1339
								mux 1383
									4340
									4341
										4860 ?
									4342
								4215
								4216
							2284
							2285
					mux 45
						mux 93
							mux 107
								0..2 140
									1..1 584
										2307
										2308
										2309
									1573
									1574
								mux 971
									3210
									3211
									3212
								1551
							mux 699
								2..2 974
									mux 1265
										4003
										4004
										4005
									3218
									3219
								mux 1045
									3396
									3397
									3398
								2569
							mux 1230
								3904
									4792 ?
								3905
								3906
						1..3 116
							mux 215
								mux 217
									1654
									1655
									1656
								mux 265
									0..1 732
										mux 1002
											3287
											3288
											3289
										mux 1326
											4177
											4178
											4179
										2645
									1732
									1733
								mux 319
									1..1 396
										3..3 426
											1988
											1989
											1990
										mux 1029
											3359
											3360
											3361
										1933
									0..3 404
										mux 713
											2603
											2604
											2605
											4735
										mux 963
											mux 1116
												3590
												3591
												3592
											3193
											3194
										1945
									mux 1246
										3949
											4729
										3950
										3951
									mux 1431
										4482
										4483
										4484
								mux 1096
									mux 1202
										3829
										3830
										3831
									mux 1233
										3913
										3914
										3915
									3536
							mux 1078
								3485
								3486
								3487
							1555
						1..3 138
							2..3 152
								mux 205
									1..1 234
										mux 389
											mux 877
												2975
												2976
													4738 ?
													4902 ?
												2977
													4762
											1923
											1924
										1677
										1678
									0..3 316
										0..2 888
											3006
											3007
											3008
										mux 1046
											3399
											3400
											3401
										mux 1172
											mux 1338
												4212
													4992
												4213
												4214
											3746
											3747
									0..2 408
										1950
										1951
										1952
								mux 1198
									3817
									3818
									3819
								mux 1442
									4515
									4516
									4517
							1..1 176
								mux 1491
									4661
									4662
									4663
										4767 ?
								1611
								1612
							2..3 954
								3171
								3172
								3173
						mux 177
							mux 657
								mux 1492
									4664
									4665
									4666
								2469
								2470
							1613
							1614
					mux 57
						4..5 92
							mux 169
								0..3 172
									1605
										4934 ?
									1606
									1607
								3..3 918
									3080
									3081
									3082
								1600
							mux 221
								2..3 326
									mux 435
										mux 883
											2992
											2993
											2994
										2005
										2006
									mux 1248
										3954
										3955
										3956
									1824
								1659
								1660
							mux 401
								1939
								1940
								1941
							0..3 532
								mux 673
									2503
									2504
									2505
								2202
								2203
							mux 597
								mux 1146
									3672
									3673
									3674
								2336
								2337
						mux 147
							mux 317
								1812
								1813
								1814
							1..2 448
								0..2 694
									mux 1153
										3692
										3693
										3694
									mux 1302
										4108
										4109
										4110
									2557
								2032
								2033
							mux 805
								mux 1353
									4253
										4984
									4254
									4255
								2813
								2814
							mux 1145
								3669
								3670
								3671
								4885
						1517
					mux 69
						1..2 110
							mux 127
								0..2 750
									1..3 826
										mux 1306
											4120
											4121
											4122
										2863
										2864
									2684
									2685
										4904
								0..1 796
									mux 1318
										mux 1477
											4620
											4621
											4622
										4155
										4156
									mux 1402
										4396
										4397
										4398
									2791
								mux 1439
									4506
									4507
									4508
							1553
							1554
						mux 141
							mux 363
								2..2 578
									mux 697
										2563
										2564
										2565
									2294
										4837
									2295
								mux 827
									mux 1094
										3530
										3531
										3532
									2865
									2866
								1875
							1..3 412
								1959
								1960
								1961
								4807
							1575
						4..4 174
							1..1 430
								1997
								1998
								1999
							0..1 788
								2772
								2773
								2774
							mux 1093
								3527
								3528
								3529
							mux 1204
								mux 1399
									4387
									4388
									4389
								3835
								3836
						2..3 246
							mux 471
								2078
								2079
								2080
							1695
							1696
						3..3 296
							mux 825
								2860
								2861
								2862
							mux 1242
								mux 1372
									4308
									4309
									4310
								3938
								3939
							mux 1394
								4372
								4373
								4374
						mux 403
							1..2 772
								2738
								2739
								2740
							1943
							1944
							4723
						2..3 504
							2148
							2149
							2150
					mux 117
						mux 137
							2..2 166
								mux 173
									mux 1056
										3425
										3426
										3427
									1608
									1609
								mux 625
									2396
									2397
									2398
								1597
							mux 237
								mux 307
									0..2 392
										mux 669
											2492
											2493
											2494
										1927
										1928
									mux 1203
										3832
										3833
										3834
									1797
								mux 497
									mux 645
										2443
										2444
										2445
										4874
									0..2 926
										mux 1223
											3884
											3885
											3886
										3101
										3102
									2138
								1684
							mux 1425
								4464
									4855
								4465
									4824 ?
								4466
						mux 245
							mux 379
								mux 1089
									3516
									3517
									3518
								1904
								1905
								4733
									4770 ?
							mux 499
								1..2 870
									0..1 904
										3041
										3042
										3043
									2961
									2962
								2140
								2141
							mux 955
								mux 1240
									3932
									3933
									3934
										4742
										4942 ?
								3174
								3175
						0..1 462
							mux 1131
								3632
								3633
								3634
								4691
							2059
							2060
						mux 709
							mux 1087
								3511
								3512
								3513
							2593
							2594
						mux 961
							3188
							3189
							3190
					2..3 216
						mux 1052
							3415
							3416
							3417
						mux 1317
							4152
							4153
							4154
						mux 1346
							4234
							4235
							4236
					3..3 240
						1..3 418
							1973
							1974
							1975
						3..3 438
							mux 589
								mux 749
									2681
									2682
									2683
								2318
								2319
							2013
							2014
						mux 1024
							mux 1154
								3695
								3696
									4998
								3697
							3345
							3346
					mux 871
						2963
						2964
						2965
				mux 31
					mux 207
						0..2 402
							mux 551
								2239
								2240
								2241
							mux 1380
								4331
								4332
								4333
							1942
						1645
						1646
					1505
					1506
				mux 51
					mux 67
						mux 91
							0..3 104
								mux 343
									1851
									1852
									1853
									4932
								1546
								1547
							mux 113
								2..3 126
									0..2 242
										0..1 290
											2..3 622
												2390
													4944 ?
												2391
												2392
											1774
											1775
										mux 303
											0..1 476
												1..2 728
													0..1 856
														2932
														2933
														2934
													2635
													2636
												mux 751
													2686
													2687
													2688
												1..3 766
													2725
													2726
													2727
											mux 611
												mux 1123
													mux 1132
														mux 1228
															3899
															3900
															3901
														3635
														3636
													3611
													3612
												mux 1310
													4131
														4888
													4132
													4133
												mux 1393
													4369
													4370
													4371
											0..2 740
												mux 907
													3049
													3050
													3051
												2662
												2663
											4973
										1690
											4911
									2..3 252
										1709
										1710
										1711
									mux 431
										2000
										2001
										2002
										4835
									mux 1001
										mux 1150
											3683
											3684
											3685
										mux 1232
											3910
											3911
											3912
										3286
								mux 167
									mux 719
										1..1 722
											mux 1075
												mux 1182
													3772
													3773
													3774
												3477
												3478
											2623
											2624
										mux 1426
											4467
											4468
												4821
											4469
										2617
									0..1 902
										mux 1040
											mux 1267
												4009
												4010
												4011
											3388
											3389
										3038
										3039
									1598
								0..3 428
									1993
									1994
									1995
								mux 1100
									3546
										4811 ?
									3547
									3548
							mux 321
								2..2 862
									2944
									2945
									2946
								mux 1148
									mux 1334
										4200
										4201
										4202
									3678
									3679
								mux 1455
									4554
									4555
									4556
							mux 459
								2052
								2053
								2054
						0..1 344
							mux 1004
								mux 1021
									3336
									3337
										4834
									3338
								3293
									4726 ?
								3294
							mux 1320
								4159
								4160
								4161
							1854
						1..1 586
							2310
								4976
							2311
							2312
					1..1 224
						mux 549
							1..1 798
								2795
								2796
								2797
							mux 817
								2841
								2842
								2843
							2235
						1665
						1666
					mux 731
						2642
						2643
						2644
				2..3 112
					0..2 442
						1..1 550
							2236
							2237
							2238
						mux 593
							2324
								4812
							2325
							2326
						2019
					1..3 548
						3..3 602
							2347
							2348
							2349
						2233
							4981 ?
						2234
					mux 665
						mux 1133
							3637
							3638
								4763
							3639
						2481
						2482
					1..3 928
						3106
						3107
						3108
				2..2 342
					mux 983
						3239
						3240
						3241
					1849
					1850
				mux 903
					mux 1067
						mux 1327
							mux 1488
								4652
								4653
								4654
							4180
							4181
						mux 1343
							4226
							4227
							4228
						3458
					mux 1118
						3596
						3597
						3598
					3040
				3..3 980
					3232
					3233
					3234
						4775
				mux 1013
					3316
					3317
					3318
			mux 7
				mux 17
					mux 61
						mux 1249
							3957
							3958
							3959
						1519
						1520
						4987
					mux 201
						mux 235
							1679
							1680
							1681
							4794
						1641
						1642
					mux 563
						mux 613
							2370
							2371
							2372
						2264
						2265
					mux 635
						mux 715
							mux 1349
								4242
								4243
								4244
							2609
							2610
							4731
						2423
						2424
				mux 59
					0..3 102
						0..1 270
							1..3 692
								2551
								2552
								2553
							0..2 822
								2853
									4697
								2854
								2855
							mux 953
								2..2 968
									mux 1119
										3599
										3600
										3601
									mux 1173
										mux 1221
											3878
											3879
											3880
										3748
										3749
									3204
								3169
								3170
							4830
						mux 1141
							mux 1239
								3929
								3930
								3931
							3659
							3660
						1544
							4897 ?
					1..3 276
						mux 367
							mux 1102
								3550
								3551
								3552
							1880
							1881
						1747
						1748
					3..3 346
						mux 1134
							mux 1499
								4685
								4686
								4687
							3640
								4930 ?
							3641
						mux 1382
							4337
							4338
							4339
						1855
							4919
				mux 73
					1524
					1525
					1526
				mux 75
					0..3 88
						3..3 146
							mux 353
								1..3 444
									3..3 480
										2098
										2099
										2100
									2023
										4714
									2024
								1862
								1863
							1579
							1580
						0..1 156
							1..2 416
								mux 1305
									4117
									4118
									4119
									4950
								1969
								1970
							mux 461
								mux 867
									mux 1157
										3704
										3705
										3706
									mux 1453
										4548
										4549
										4550
										4787
									2955
								2057
								2058
							mux 767
								0..1 852
									2923
									2924
									2925
								1..1 972
									3213
									3214
									3215
								2728
							mux 1098
								3540
								3541
								3542
								4847
							mux 1117
								3593
								3594
								3595
								4929
						mux 181
							mux 1366
								4292
								4293
								4294
							1620
							1621
						2..2 266
							mux 1441
								4512
								4513
								4514
							1734
							1735
					mux 293
						mux 479
							2095
							2096
							2097
						mux 567
							mux 1099
								3543
									4751
								3544
								3545
							mux 1459
								4566
								4567
								4568
							2272
						1781
					0..2 330
						1828
						1829
						1830
				0..1 98
					1539
					1540
					1541
				mux 189
					1..2 274
						1744
						1745
						1746
					mux 375
						mux 1106
							mux 1190
								mux 1285
									4060
									4061
									4062
								3794
								3795
							3561
							3562
						1897
						1898
					mux 695
						2558
						2559
						2560
					mux 735
						mux 1080
							mux 1250
								3960
								3961
								3962
							3491
							3492
						2651
						2652
				4..4 474
					2084
					2085
					2086
					4743
				mux 643
					2438
					2439
					2440
				1..2 836
					2886
					2887
					2888
				mux 951
					mux 1077
						3482
							4863 ?
							4983 ?
						3483
						3484
					mux 1406
						4408
						4409
						4410
					3165
			mux 49
				mux 129
					1565
					1566
					1567
				mux 821
					2850
					2851
					2852
				mux 1195
					3808
					3809
					3810
			mux 329
				mux 413
					1962
					1963
					1964
				1826
				1827
			2..3 422
				1979
				1980
				1981
			mux 423
				1..3 510
					mux 659
						mux 1159
							3710
							3711
							3712
								4861
						2471
						2472
					2163
					2164
				mux 605
					2354
					2355
					2356
				1982
		3..4 8
			1..3 10
				0..1 36
					mux 43
						1..2 68
							3..3 80
								0..3 258
									mux 1139
										3653
										3654
										3655
											4732
									1718
									1719
								mux 571
									mux 607
										mux 1395
											4375
											4376
											4377
											4959
										2360
										2361
									2279
									2280
								mux 1018
									mux 1023
										3342
										3343
										3344
									3329
									3330
							mux 89
								mux 291
									1776
									1777
									1778
								1533
								1534
									4757
								4712
							2..2 286
								1763
								1764
								1765
							mux 1464
								4581
								4582
								4583
						mux 105
							0..2 464
								1..3 468
									mux 691
										mux 835
											2..3 864
												mux 1006
													mux 1387
														4352
														4353
														4354
													3298
													3299
												2949
												2950
											mux 1312
												4137
												4138
													4748
												4139
											mux 1410
												4420
												4421
												4422
										2549
										2550
									2071
									2072
								mux 743
									1..3 790
										2777
										2778
										2779
									2668
									2669
								2062
							mux 1178
								mux 1424
									4461
									4462
									4463
								3762
								3763
							1548
						0..1 384
							2..2 516
								mux 561
									1..3 840
										2897
										2898
										2899
									mux 1270
										mux 1472
											4605
											4606
											4607
										4018
										4019
									2262
								0..3 714
									2606
									2607
									2608
										4851 ?
								mux 1036
									3377
									3378
									3379
							mux 1210
								3851
								3852
								3853
							1914
						mux 419
							3..3 824
								2857
								2858
								2859
							mux 975
								mux 1183
									3775
									3776
									3777
								3220
								3221
									4695 ?
							1976
						3..3 638
							0..3 712
								mux 727
									mux 1308
										mux 1418
											mux 1433
												4488
													4709 ?
												4489
												4490
											4444
											4445
										4126
										4127
											4779 ?
										4800
									2633
									2634
									4797
								2601
								2602
							mux 1273
								4026
								4027
								4028
									4977
							2427
					3..4 72
						mux 95
							1..2 142
								2..2 540
									2218
									2219
									2220
								1576
								1577
							2..2 192
								mux 1031
									mux 1058
										3431
										3432
										3433
									mux 1105
										3558
										3559
										3560
									3365
								mux 1197
									3814
										4725 ?
									3815
									3816
								mux 1245
									3946
										4986
									3947
									3948
							1537
						2..5 96
							mux 149
								mux 161
									mux 315
										mux 765
											2722
											2723
											2724
										1810
										1811
									3..3 868
										2956
										2957
										2958
									1590
								2..3 196
									1..3 884
										mux 1015
											mux 1192
												3799
												3800
												3801
											3322
											3323
										2995
										2996
											4901 ?
									mux 1169
										mux 1174
											3750
											3751
											3752
										3738
										3739
									1636
								1..2 420
									mux 481
										2101
										2102
											4970
										2103
									mux 653
										mux 1229
											mux 1423
												4458
												4459
												4460
											3902
											3903
										2460
										2461
									mux 1360
										4274
										4275
										4276
								mux 943
									3144
										4764 ?
									3145
									3146
							2..2 260
								mux 619
									mux 1070
										3464
										3465
										3466
									2384
									2385
								1722
								1723
							1..3 348
								mux 631
									2..2 992
										3261
										3262
										3263
									2413
									2414
								mux 1048
									mux 1085
										3505
										3506
										3507
									mux 1494
										4670
										4671
										4672
									3405
								mux 1385
									4346
									4347
									4348
								mux 1470
									4599
									4600
									4601
							mux 351
								0..3 456
									0..1 588
										mux 649
											1..3 814
												mux 1109
													3569
													3570
													3571
												2834
												2835
											mux 1003
												3290
												3291
												3292
													4949 ?
											2451
										2316
										2317
									mux 1028
										3356
										3357
										3358
									2047
								mux 505
									2151
									2152
									2153
									4854
								2..3 804
									3..3 854
										mux 1293
											mux 1428
												4473
												4474
												4475
											4084
											4085
										2927
										2928
									mux 1374
										4314
										4315
										4316
									2812
							0..1 678
								2..2 850
									mux 1217
										3867
										3868
										3869
									2919
									2920
								mux 1191
									3796
									3797
									3798
								2518
						0..3 198
							mux 511
								mux 737
									mux 1412
										4426
										4427
										4428
									2656
									2657
								2165
								2166
							1637
							1638
						mux 1022
							3339
							3340
							3341
					mux 909
						3054
						3055
						3056
				0..2 272
					2..3 726
						mux 1095
							3533
							3534
							3535
						2631
						2632
							4892 ?
					1..2 920
						3086
						3087
						3088
					1742
				mux 287
					1766
					1767
					1768
						4710 ?
				mux 323
					0..2 1000
						mux 1370
							mux 1460
								4569
								4570
								4571
							4304
							4305
						3284
						3285
					1819
					1820
				2..2 338
					2..3 386
						2..3 748
							mux 1121
								3605
								3606
								3607
							mux 1243
								3940
								3941
								3942
									4698
							2680
						1916
						1917
					1840
					1841
			mux 35
				mux 123
					mux 185
						mux 233
							1674
							1675
							1676
								4722 ?
						mux 519
							2177
							2178
							2179
						0..1 800
							2801
							2802
							2803
						mux 1411
							4423
								4939
							4424
							4425
					1..2 400
						1..2 488
							mux 647
								2447
								2448
								2449
							2118
							2119
						1937
						1938
					1558
				mux 143
					1..3 182
						1622
						1623
						1624
					0..3 222
						mux 1435
							4494
							4495
							4496
						1661
						1662
					mux 427
						0..2 612
							mux 1163
								mux 1208
									3845
									3846
									3847
								3722
								3723
							mux 1471
								4602
								4603
								4604
							2369
						1991
						1992
				0..2 154
					2..2 644
						mux 1035
							3374
							3375
							3376
						2441
						2442
					mux 759
						mux 1138
							3650
							3651
							3652
						2707
						2708
						4903
					1583
				2..3 194
					mux 1140
						3656
						3657
						3658
					1634
					1635
						4699 ?
				mux 1436
					4497
					4498
					4499
				4822
			1..2 48
				1..1 54
					1..3 106
						mux 225
							mux 263
								1727
								1728
								1729
									4786 ?
									4881 ?
							mux 455
								2044
								2045
									4879
								2046
							1..3 538
								2213
								2214
									4750 ?
								2215
							mux 1311
								4134
								4135
									4961
								4136
						1549
						1550
					0..3 160
						mux 381
							1908
							1909
							1910
						1..3 654
							2462
							2463
							2464
						mux 667
							2486
							2487
							2488
					0..2 410
						2..2 680
							2522
							2523
							2524
						1954
						1955
					mux 1005
						3295
							4815
						3296
						3297
							4781
					mux 1151
						3686
						3687
						3688
				0..0 66
					2..3 94
						1..1 180
							0..2 658
								mux 823
									2..3 964
										3195
										3196
										3197
									mux 1253
										3969
										3970
										3971
									2856
								mux 1033
									mux 1407
										4411
										4412
										4413
											4703 ?
									3369
									3370
								mux 1038
									mux 1050
										3409
										3410
										3411
									3383
									3384
								mux 1084
									3502
									3503
									3504
							1618
							1619
						1535
						1536
					0..3 218
						3..3 534
							0..2 832
								mux 1437
									4500
									4501
									4502
								2879
								2880
							2206
								4867
							2207
						1657
						1658
					mux 229
						mux 253
							3..3 458
								mux 897
									3027
									3028
									3029
								2050
								2051
							mux 911
								mux 1350
									4245
									4246
									4247
								3060
								3061
							1712
						mux 1185
							3780
							3781
							3782
						1671
						4900
					1..3 268
						mux 425
							2..2 484
								2109
								2110
								2111
								4905
							1986
							1987
						0..3 478
							mux 863
								mux 905
									mux 1333
										4197
										4198
										4199
									3044
									3045
								2947
									4741
								2948
							2093
							2094
						1737
				mux 157
					mux 251
						1706
						1707
						1708
					1586
						4880 ?
					1587
				mux 197
					mux 313
						1..1 558
							2255
							2256
							2257
						0..3 624
							mux 937
								mux 1391
									mux 1449
										4536
										4537
										4538
									4364
									4365
								3130
								3131
							1..1 946
								3151
								3152
								3153
							2395
								4730
							4927
						mux 663
							mux 1200
								3823
								3824
								3825
							2477
							2478
						1..2 688
							mux 1413
								4429
								4430
								4431
							2544
							2545
						mux 1143
							3664
							3665
							3666
					0..3 490
						2123
						2124
						2125
					mux 1430
						4479
						4480
						4481
					mux 1440
						4509
						4510
						4511
				0..3 562
					mux 683
						2530
						2531
							4753 ?
							4808
						2532
					mux 833
						2881
						2882
						2883
					2263
						4793
			mux 1107
				3563
				3564
					4760
				3565
					4957 ?
		mux 11
			3..4 14
				1..3 108
					1..1 122
						mux 411
							1956
							1957
							1958
								4948
						mux 857
							mux 957
								3178
									4877
								3179
								3180
							mux 1130
								3629
								3630
								3631
							mux 1263
								mux 1298
									mux 1489
										4655
										4656
										4657
									4098
									4099
								3998
								3999
							mux 1483
								mux 1485
									4643
									4644
									4645
								4638
								4639
						mux 985
							mux 1122
								3608
								3609
								3610
							3245
							3246
						4966
					2..3 162
						1591
						1592
						1593
					mux 299
						0..3 436
							2007
							2008
							2009
						1788
						1789
				1..2 148
					mux 165
						mux 211
							2..2 360
								3..3 982
									mux 1247
										mux 1498
											4682
											4683
											4684
										3952
											4716
										3953
									3237
									3238
								1870
								1871
							mux 959
								mux 1047
									3402
									3403
									3404
								3184
									4758 ?
								3185
							mux 1443
								4518
								4519
								4520
						1..2 314
							mux 421
								1..1 940
									3137
									3138
									3139
								1977
								1978
							1808
							1809
								4810 ?
						mux 361
							mux 557
								2252
								2253
								2254
							mux 1321
								4162
								4163
								4164
							1872
					0..2 604
						2351
						2352
						2353
							4886 ?
					2..2 976
						mux 1363
							4283
							4284
							4285
						3222
						3223
				mux 547
					mux 559
						mux 633
							2417
							2418
							2419
						2258
						2259
					2231
						4765 ?
					2232
				2..2 568
					2273
					2274
					2275
				mux 1091
					3522
					3523
					3524
				mux 1180
					3766
					3767
					3768
			0..3 18
				1..2 24
					3..3 38
						1..1 62
							mux 595
								2330
								2331
								2332
							mux 609
								2365
								2366
								2367
							1521
						2..2 128
							1562
							1563
							1564
						mux 515
							mux 685
								2536
								2537
								2538
							2172
							2173
						2..2 670
							2495
							2496
							2497
						2..3 700
							mux 741
								mux 1065
									3452
									3453
										4913 ?
									3454
								2664
								2665
							2570
							2571
					0..3 76
						mux 99
							mux 247
								1697
								1698
								1699
								4862
							1..1 388
								mux 793
									mux 1231
										3907
											4756 ?
										3908
										3909
									2785
									2786
								1921
								1922
							mux 1335
								4203
								4204
								4205
						mux 121
							2..2 898
								mux 1207
									3842
									3843
									3844
								mux 1420
									4449
									4450
									4451
								3030
							1556
								4820 ?
							1557
								4720 ?
									4846
						mux 803
							2809
							2810
							2811
						4844
					mux 171
						1602
						1603
						1604
					mux 347
						mux 507
							2156
							2157
							2158
						1856
						1857
							4909
					2..2 542
						1..2 632
							mux 1041
								mux 1258
									3983
									3984
									3985
								mux 1325
									4174
									4175
									4176
										4875
								mux 1478
									4623
									4624
									4625
							2415
							2416
						2223
						2224
				1..7 26
					mux 97
						mux 131
							3..3 774
								2742
								2743
								2744
							1570
							1571
						mux 271
							mux 1291
								4078
									4941
								4079
								4080
							1740
							1741
						1538
					mux 153
						2..3 202
							mux 249
								2..3 524
									mux 533
										mux 1416
											4438
											4439
											4440
										2204
										2205
									2185
									2186
								1702
								1703
							1..2 664
								mux 1211
									mux 1356
										4262
										4263
										4264
									mux 1452
										4545
										4546
										4547
									3854
								2479
								2480
							1643
						2..3 594
							2327
							2328
							2329
						mux 899
							3031
							3032
							3033
					mux 259
						mux 1438
							4503
							4504
							4505
								4996
						1720
						1721
					3..3 288
						1769
						1770
							4869 ?
						1771
					1..2 312
						1805
						1806
						1807
					mux 491
						mux 1299
							4100
							4101
							4102
						2126
						2127
					4887
				2..2 226
					mux 487
						1..3 650
							2452
								4890 ?
							2453
							2454
						2116
						2117
					1667
					1668
				0..2 228
					mux 283
						1758
						1759
						1760
					1669
					1670
					4826
				mux 1241
					3935
					3936
					3937
			4..4 28
				1..1 84
					mux 109
						mux 615
							2374
								4707
							2375
							2376
						mux 1199
							3820
							3821
							3822
						1552
					1..2 200
						mux 745
							2672
							2673
							2674
						mux 809
							mux 1319
								mux 1497
									4679
									4680
									4681
								4157
								4158
							2821
							2822
						1640
					mux 289
						0..2 858
							mux 991
								3258
									4832 ?
								3259
								3260
							2935
							2936
						1772
						1773
				mux 193
					mux 261
						mux 785
							mux 811
								mux 969
									mux 993
										3264
										3265
										3266
									3205
									3206
								2826
								2827
							mux 1171
								3743
								3744
								3745
							2767
						mux 1073
							mux 1337
								4209
								4210
								4211
							3472
							3473
						1724
					1632
					1633
				3..3 526
					mux 583
						mux 939
							3134
							3135
							3136
						2305
						2306
					2190
					2191
						4964
				mux 689
					0..3 794
						3..3 942
							mux 1371
								mux 1500
									4688
										4894
									4689
									4690
								4306
								4307
							3142
							3143
						mux 1481
							4632
							4633
							4634
						2787
					mux 1358
						4268
						4269
						4270
					2546
				0..2 736
					2653
					2654
					2655
			3..3 304
				mux 687
					mux 941
						mux 1225
							3890
							3891
							3892
						3140
						3141
					2542
					2543
				2..2 820
					2847
					2848
						4746
					2849
				1794
		0..0 58
			1..2 82
				2..2 100
					mux 103
						mux 537
							2210
							2211
							2212
							4991
						3..3 684
							2533
							2534
							2535
						1545
					0..1 256
						2..2 614
							mux 707
								1..3 984
									3242
										4766 ?
									3243
									3244
								2589
								2590
							mux 1266
								4006
								4007
								4008
							2373
						1715
						1716
					mux 1287
						4066
						4067
						4068
				1..3 970
					3207
					3208
					3209
				1529
			3..3 188
				1..3 668
					2489
					2490
					2491
						4968 ?
				1626
				1627
			mux 199
				0..3 292
					mux 495
						mux 1066
							3455
							3456
								4921
							3457
						2134
						2135
					1779
					1780
				mux 407
					mux 1034
						3371
						3372
						3373
					mux 1051
						3412
						3413
						3414
					1949
						4960
				1639
					4938
			mux 651
				mux 1450
					4539
					4540
					4541
						4895 ?
				2455
					4925
				2456
		0..1 86
			1..4 118
				2..2 322
					mux 807
						1..3 878
							2978
							2979
							2980
						mux 1037
							3380
								4795
							3381
							3382
						2818
					mux 885
						2997
						2998
							4829 ?
						2999
					1818
				0..2 390
					mux 781
						2757
						2758
							4843
						2759
					1925
					1926
				1..1 486
					0..2 890
						3..3 988
							mux 1090
								3519
								3520
								3521
							mux 1386
								4349
								4350
								4351
							3252
						3011
						3012
					2114
					2115
				mux 523
					1..3 554
						2246
						2247
						2248
					mux 555
						0..2 620
							2..2 642
								2435
								2436
								2437
							mux 1367
								4295
								4296
								4297
							2386
						mux 1227
							3896
								4893 ?
							3897
								4980
							3898
							4873
						2249
					0..3 704
						2580
						2581
						2582
					4999
				1..2 776
					2..3 958
						3181
						3182
						3183
					2747
					2748
			3..4 212
				1..3 278
					mux 393
						mux 1166
							3730
							3731
							3732
								4700 ?
						1929
						1930
							4979
					mux 1103
						3553
						3554
						3555
					1750
				mux 305
					0..1 450
						mux 1400
							4390
							4391
							4392
						2036
						2037
					mux 717
						2..3 830
							2873
							2874
							2875
						2614
							4776
						2615
					mux 1331
						4191
						4192
						4193
				1653
					4745 ?
				4907
			mux 509
				mux 529
					1..1 764
						2719
						2720
						2721
							4898
					2198
					2199
				0..1 672
					2500
					2501
					2502
				2162
			mux 1252
				3966
				3967
				3968
		2..6 284
			1..3 570
				mux 599
					mux 839
						mux 1296
							4092
							4093
							4094
						2895
						2896
					mux 1427
						4470
						4471
						4472
					2340
				2277
				2278
			1..1 626
				2399
				2400
				2401
			mux 747
				2677
				2678
					4967
				2679
			3..3 998
				3279
				3280
				3281
			mux 1156
				3701
				3702
				3703
			mux 1281
				mux 1357
					4265
					4266
					4267
				4049
				4050
		mux 395
			1..1 818
				mux 1010
					3307
					3308
					3309
				2844
				2845
			1931
			1932
		mux 1465
			4584
			4585
			4586
	4..4 4 ?
		mux 5
			3..3 34
				2..6 46
					mux 55
						1..3 582
							mux 931
								3115
								3116
								3117
							2303
							2304
						mux 1081
							3493
							3494
							3495
						1516
						4917
					mux 83
						mux 473
							0..2 872
								mux 1341
									4220
									4221
									4222
								2966
								2967
							mux 921
								3089
								3090
								3091
							2083
						1530
						1531
					mux 133
						mux 1009
							3304
								4853
							3305
							3306
						mux 1376
							mux 1482
								4635
								4636
								4637
							4320
							4321
								4761 ?
						mux 1457
							4560
							4561
							4562
					0..3 310
						mux 1414
							4432
							4433
							4434
						1801
						1802
					1..3 500
						1..1 598
							mux 995
								3270
								3271
								3272
							2338
							2339
						mux 1062
							3443
							3444
							3445
							4704
						2142
					1..2 734
						2648
						2649
						2650
				mux 241
					1687
					1688
					1689
				mux 309
					1798
					1799
					1800
				0..2 350
					mux 377
						1899
						1900
						1901
					mux 585
						mux 703
							2577
							2578
								4778 ?
							2579
						mux 845
							2909
							2910
							2911
						mux 1373
							4311
							4312
							4313
							4833
					1859
						4706 ?
			1501
			1502
				4777
		mux 13
			3..3 20
				mux 21
					mux 33
						mux 163
							mux 295
								1..1 724
									mux 1212
										3855
										3856
										3857
									2626
									2627
								0..2 782
									mux 1177
										3759
										3760
										3761
											4711
									mux 1484
										4640
										4641
										4642
									2760
								1784
							1..2 564
								mux 1044
									mux 1088
										mux 1362
											4280
											4281
											4282
										3514
										3515
									3394
									3395
									4852
								2266
								2267
							1594
						0..2 652
							2457
							2458
							2459
						1508
						4728
					3..3 40
						mux 1220
							3875
							3876
							3877
						mux 1235
							3918
							3919
							3920
						1510
							4796 ?
					1503
				mux 23
					1..5 50
						mux 65
							mux 111
								2..2 496
									1..2 508
										2159
										2160
										2161
									2136
									2137
								2..2 696
									mux 1368
										4298
										4299
										4300
									2561
									2562
								mux 865
									0..1 874
										mux 1071
											mux 1251
												3963
												3964
												3965
											3467
											3468
												4910 ?
										2971
										2972
									mux 1375
										4317
										4318
										4319
									2951
							0..2 208
								0..3 406
									mux 477
										2090
											4884 ?
										2091
										2092
									1947
									1948
								1647
									4802 ?
								1648
							1..1 424
								1983
								1984
								1985
							mux 855
								2929
								2930
								2931
									4705 ?
						mux 71
							mux 195
								0..3 306
									mux 545
										mux 1042
											mux 1135
												3642
												3643
												3644
											3390
											3391
										2228
										2229
									1795
									1796
								mux 341
									2..2 838
										2892
										2893
										2894
											4702
									mux 1170
										3740
											4922 ?
										3741
										3742
										4784
									1848
								1..2 376
									mux 967
										mux 1201
											3826
											3827
											3828
										3202
										3203
									mux 1194
										3805
										3806
										3807
									mux 1361
										4277
										4278
										4279
								mux 1292
									4081
									4082
									4083
							1522
							1523
						0..2 214
							0..2 294
								2..2 370
									1885
									1886
									1887
								1782
								1783
									4924
							mux 677
								2515
								2516
								2517
							mux 831
								2876
								2877
								2878
							mux 1473
								4608
								4609
								4610
						mux 575
							mux 1025
								3347
								3348
								3349
							mux 1137
								mux 1397
									4381
									4382
									4383
								3648
								3649
							2289
						mux 837
							2889
							2890
							2891
					0..3 56
						mux 311
							mux 587
								2313
								2314
								2315
							1803
							1804
						mux 467
							2068
							2069
								4828 ?
							2070
						mux 1297
							4095
							4096
							4097
					0..6 90
						1..2 132
							mux 175
								1..1 302
									mux 1196
										3811
										3812
										3813
									mux 1255
										mux 1403
											4399
											4400
											4401
										3975
										3976
									1793
								2..2 646
									1..1 660
										2..3 924
											3095
											3096
											3097
										0..2 956
											mux 1193
												3802
												3803
												3804
											3176
											3177
										mux 1030
											3362
											3363
											3364
										mux 1448
											4533
											4534
											4535
									mux 1316
										4149
										4150
										4151
									2446
								1610
								4841
									4955
							mux 191
								mux 1262
									3995
									3996
									3997
								1630
								1631
							1572
						3..3 164
							mux 243
								mux 569
									1..2 916
										3074
										3075
										3076
									mux 1082
										3496
										3497
										3498
									2276
								1691
								1692
							1595
							1596
						mux 357
							1..3 610
								mux 775
									mux 841
										mux 1286
											4063
											4064
											4065
										2900
										2901
									2745
									2746
								mux 1026
									3350
									3351
									3352
								2368
							0..3 846
								0..2 876
									mux 887
										3003
										3004
										3005
									mux 949
										mux 1446
											4527
											4528
											4529
												4801 ?
										3160
										3161
									2974
								mux 1264
									4000
									4001
									4002
								2912
							1865
						mux 417
							mux 1309
								4128
									4871 ?
								4129
								4130
								4798
							1971
							1972
						mux 881
							2986
							2987
							2988
						mux 1032
							3366
							3367
							3368
					1..2 394
						3..3 576
							mux 891
								mux 1008
									3301
									3302
									3303
								3013
								3014
								4882
							mux 1110
								3572
								3573
								3574
							2290
						2..2 738
							mux 1275
								4032
								4033
								4034
							2658
							2659
						mux 1234
							mux 1369
								4301
								4302
								4303
								4953
							3916
							3917
					mux 451
						mux 525
							2187
							2188
							2189
						2038
						2039
					mux 1226
						3893
						3894
						3895
				2..3 506
					mux 777
						mux 1432
							4485
								4783
							4486
							4487
						2749
						2750
					2154
					2155
			mux 391
				1..3 414
					mux 639
						2428
						2429
						2430
					mux 1429
						4476
						4477
						4478
					1965
				mux 485
					0..3 648
						2..3 674
							2506
							2507
							2508
						3..3 716
							2611
								4956 ?
							2612
								4947
							2613
						2450
					2112
					2113
					4982
				1..1 514
					2169
					2170
					2171
				1..2 590
					mux 873
						2968
						2969
						2970
						4870
					mux 1359
						4271
						4272
							4971 ?
						4273
							4891 ?
					2320
						4739
				2..2 720
					0..1 756
						2698
						2699
						2700
					2618
					2619
			mux 1329
				4185
				4186
				4187
		4..5 16
			1..1 60
				1..2 178
					0..3 630
						2410
						2411
						2412
					1615
					1616
				mux 997
					3276
					3277
					3278
				1518
			0..2 74
				mux 77
					mux 231
						0..1 248
							mux 1206
								3839
								3840
								3841
							1700
								4928 ?
							1701
						mux 345
							mux 453
								mux 501
									2143
									2144
									2145
								2042
								2043
							mux 577
								2291
									4864
								2292
								2293
							mux 761
								mux 1124
									3613
									3614
									3615
								2712
									4831
								2713
							0..1 950
								3162
								3163
								3164
							mux 1059
								3434
									4813 ?
								3435
								3436
						1673
					1527
					1528
				3..3 170
					0..4 470
						2075
						2076
						2077
						4989
					0..3 530
						mux 601
							2344
							2345
								4936 ?
							2346
						1..3 780
							mux 1461
								4572
								4573
								4574
							2755
							2756
						0..3 986
							3247
							3248
							3249
					1601
				mux 179
					2..2 230
						mux 273
							0..1 320
								1815
								1816
								1817
							mux 979
								mux 1330
									4188
									4189
									4190
								3230
								3231
							1743
						mux 591
							2321
							2322
							2323
						1672
						4754
					1..2 686
						2539
							4978
						2540
						2541
					1617
				mux 383
					mux 641
						0..3 960
							mux 1405
								4405
								4406
								4407
							3186
							3187
						2433
						2434
						4806
					mux 757
						2701
						2702
						2703
					1913
			1..2 144
				2..2 352
					mux 371
						mux 869
							3..3 936
								mux 1462
									4575
									4576
									4577
								3128
								3129
							2959
							2960
						1888
						1889
					1860
					1861
				3..3 364
					mux 675
						2509
						2510
						2511
					1876
					1877
				0..3 596
					2333
					2334
					2335
					4727
						4856
			mux 183
				mux 1149
					3680
					3681
					3682
						4985
				mux 1408
					4414
					4415
					4416
				1625
			0..2 666
				2483
				2484
				2485
			mux 913
				3065
				3066
				3067
			mux 1112
				3578
				3579
				3580
		mux 63
			2..2 150
				mux 723
					mux 1268
						4012
						4013
						4014
						4827
					mux 1280
						4046
						4047
						4048
					2625
				1581
				1582
				4718
			0..3 168
				0..3 512
					mux 1323
						4168
						4169
						4170
					2167
					2168
				0..1 518
					2174
						4857
					2175
					2176
				1599
			mux 269
				mux 721
					2620
					2621
					2622
				1738
				1739
			mux 429
				2..3 746
					mux 1348
						4239
						4240
						4241
					2675
					2676
				mux 1222
					3881
					3882
					3883
				1996
		mux 139
			0..1 690
				mux 1490
					4658
					4659
						4889
					4660
				2547
					4872 ?
				2548
					4842 ?
			mux 1136
				3645
				3646
				3647
			mux 1224
				3887
				3888
				3889
		mux 281
			mux 1160
				3713
				3714
				3715
			mux 1352
				4250
				4251
					4818
				4252
			1755
	mux 463
		0..1 828
			2867
			2868
			2869
				4774
		mux 1474
			4611
			4612
			4613
		2061
	mux 1165 ?
		3727
		3728
		3729
config: 0