abstract 0
	mux 1
		3..7 2
			mux 3
				mux 5
					4..4 6
						mux 7
							1..3 96
								mux 245
									1730
									1731
									1732
								mux 251
									1..3 844
										0..2 1296
											4105
												4777
											4106
											4107
										2903
										2904
									1739
									1740
								2..2 1106
									3587
									3588
									3589
									4941
							mux 149
								1599
								1600
								1601
								4729
							mux 473
								2..3 1499
									4694
									4695
									4696
								2090
								2091
							mux 539
								2218
								2219
								2220
							0..2 798
								2..3 1068
									3485
									3486
									3487
								2789
								2790
						mux 31
							mux 297
								1..3 404
									1..1 660
										2480
										2481
										2482
									mux 735
										2645
										2646
										2647
									1972
								2..2 1340
									4231
									4232
									4233
								1795
							1..3 848
								2911
								2912
								2913
							1506
								4906
						3..3 282
							3..3 1008
								3323
								3324
								3325
							1776
							1777
							4706
						0..3 322
							2..2 540
								mux 543
									2..4 1108
										3591
											4738
										3592
										3593
										4881
									2224
									2225
								0..1 990
									3273
									3274
									3275
								2221
							0..1 662
								0..2 1304
									4128
									4129
									4130
								2486
								2487
							1..2 1457
								4570
								4571
								4572
						mux 357
							1..1 744
								2..3 1390
									4375
									4376
									4377
								2665
								2666
								4979
							1882
							1883
					0..6 24
						1..5 34
							mux 39
								2..2 82
									mux 285
										1..1 1436
											4509
											4510
											4511
										1779
										1780
									mux 745
										1..1 1171
											2..2 1415
												4447
												4448
												4449
											3762
											3763
										2667
										2668
									1536
								mux 133
									5..5 258
										0..1 314
											2..2 704
												mux 937
													3136
														4922 ?
													3137
													3138
												2578
												2579
											1816
											1817
										2..3 396
											1957
											1958
											1959
										mux 621
											2397
											2398
											2399
										1..3 700
											2568
											2569
											2570
										1..1 1242
											1..3 1350
												4260
												4261
												4262
											3955
											3956
												4976
									mux 275
										mux 915
											3078
											3079
												4855 ?
											3080
										0..2 1342
											4237
											4238
											4239
										1770
									mux 343
										mux 379
											mux 501
												0..3 746
													2..3 912
														3069
														3070
														3071
															4795
													2669
													2670
												2..3 1118
													3619
													3620
													3621
												2146
											mux 587
												2321
												2322
												2323
												4891
											1..3 1161
												3737
												3738
												3739
													4811
										1..3 468
											3..3 868
												1..1 1181
													3789
													3790
													3791
												0..3 1470
													4608
													4609
													4610
												2960
											0..2 910
												3064
												3065
												3066
											2080
										2..2 732
											2..3 1110
												3597
													4951
												3598
												3599
											2640
											2641
											4714
									mux 615
										1..1 1186
											1..1 1486
												4655
												4656
												4657
											3804
											3805
										2385
										2386
									mux 739
										1..2 1055
											3447
											3448
											3449
										2656
										2657
								mux 223
									1..3 398
										mux 647
											2451
											2452
											2453
										1961
										1962
									1..1 892
										3015
										3016
										3017
									1..1 906
										1..3 1218
											3889
											3890
											3891
										2..2 1224
											3904
											3905
											3906
										3055
								mux 393
									1950
										4819 ?
									1951
									1952
							0..2 294
								1791
								1792
								1793
							1..3 296
								1..3 602
									2352
									2353
									2354
								1..3 1411
									4436
									4437
									4438
								1..3 1446
									4537
									4538
									4539
							0..3 376
								mux 853
									2926
									2927
									2928
										4912 ?
								1918
								1919
									4787
							mux 755
								0..2 1176
									3775
									3776
									3777
									4708
								2688
								2689
							2..2 922
								3098
								3099
								3100
						mux 53
							mux 113
								mux 731
									mux 819
										2840
										2841
										2842
									2638
									2639
								1562
								1563
							1511
							1512
						0..3 114
							2..2 440
								0..2 590
									2327
									2328
									2329
								0..1 712
									mux 901
										3041
										3042
										3043
									2598
									2599
								mux 723
									2..3 1405
										4420
										4421
										4422
									2622
									2623
							1..3 1191
								3816
								3817
								3818
							1564
						0..2 124
							mux 157
								mux 341
									mux 373
										1..2 694
											1..3 1480
												4638
												4639
												4640
											2555
											2556
										3..3 796
											mux 829
												2864
												2865
												2866
													4740
											2784
											2785
										1914
									mux 411
										mux 435
											2..3 446
												2039
												2040
												2041
											mux 613
												4..4 770
													0..2 1414
														1..1 1466
															4596
															4597
															4598
														4445
														4446
													2724
													2725
													4701
												2380
												2381
											mux 671
												2..2 802
													0..1 958
														3185
														3186
														3187
													mux 973
														3226
														3227
														3228
													2798
												2501
												2502
											mux 795
												2781
												2782
													4988 ?
												2783
										1982
										1983
										4871
									mux 727
										2628
											4967 ?
										2629
											4899 ?
												4919 ?
										2630
									3..3 904
										2..3 1061
											3464
											3465
											3466
										3050
										3051
									0..2 1146
										3697
										3698
										3699
								0..2 364
									mux 589
										0..2 1114
											1..3 1403
												4414
												4415
												4416
											3608
											3609
										2325
										2326
									1896
									1897
								1607
							0..3 924
								3104
								3105
								3106
							1575
								4990 ?
						mux 143
							1..1 198
								3..3 220
									0..1 240
										mux 743
											2..2 1291
												4091
												4092
													4856
												4093
											2663
											2664
										2..3 876
											1..2 916
												3081
													4812
												3082
												3083
											2978
											2979
										1..3 1327
											4193
											4194
											4195
									1694
									1695
								3..3 1090
									3543
									3544
									3545
								2..2 1164
									1..2 1183
										3795
										3796
										3797
									3745
									3746
							0..2 372
								1911
								1912
								1913
							0..1 1265
								4017
								4018
								4019
						0..3 1417
							4453
							4454
							4455
					mux 45
						0..2 452
							2053
							2054
							2055
						0..1 716
							2606
							2607
							2608
								4927
						1..3 1023
							3364
							3365
							3366
					mux 57
						3..3 92
							mux 791
								0..1 996
									3289
									3290
									3291
								2771
								2772
							1545
							1546
						mux 259
							mux 709
								2591
								2592
								2593
							1745
							1746
						1..3 368
							1901
							1902
							1903
								4784 ?
						0..2 422
							2004
							2005
							2006
					3..3 58
						mux 203
							mux 237
								1719
								1720
								1721
							0..2 244
								1..1 642
									3..3 872
										2968
										2969
										2970
									mux 881
										2..2 1281
											4064
											4065
											4066
										2990
										2991
									2442
								1728
									4902 ?
								1729
							1678
						mux 243
							1..1 530
								0..3 630
									mux 661
										2483
										2484
										2485
									mux 905
										3052
										3053
											4895 ?
										3054
									2416
								2204
								2205
							1726
							1727
								4913 ?
						mux 387
							2..2 506
								1..1 552
									2242
									2243
									2244
								2154
								2155
							1..1 1463
								4588
								4589
								4590
							1939
						mux 945
							0..1 1096
								3559
								3560
									4726 ?
										4983 ?
								3561
							3152
							3153
						0..1 1013
							3338
							3339
							3340
					4..4 106
						mux 329
							1..3 408
								1..3 474
									2092
									2093
									2094
								1..1 604
									2358
									2359
									2360
								1977
							1..3 1233
								3929
								3930
								3931
							1842
						mux 391
							mux 875
								2975
								2976
								2977
							mux 907
								0..3 1458
									4573
									4574
										4710 ?
										4791
										4981
									4575
								3056
								3057
								4896
							1946
						1553
						4720
							4999
					0..1 144
						mux 533
							0..1 1177
								3778
								3779
								3780
							2209
							2210
							4970
						1594
						1595
					mux 277
						mux 511
							0..2 1413
								4442
								4443
								4444
							2163
							2164
						1..2 1148
							3702
							3703
							3704
						1772
					1..3 330
						mux 375
							0..1 1309
								4142
								4143
								4144
							1916
							1917
						3..3 766
							2713
							2714
							2715
						mux 833
							2874
							2875
							2876
					1..4 828
						mux 887
							3004
							3005
							3006
						2862
						2863
						4960
					mux 977
						3237
						3238
						3239
				1..2 18
					mux 151
						mux 161
							mux 213
								0..1 216
									2..2 946
										3154
										3155
										3156
									1690
									1691
								mux 419
									1998
									1999
									2000
								2..3 632
									mux 651
										0..3 740
											3..3 836
												mux 931
													0..1 1456
														4567
														4568
														4569
													3121
													3122
													4815
												2882
												2883
											0..3 926
												mux 955
													2..3 1383
														4355
														4356
														4357
														4762
													3178
													3179
												3109
												3110
											2..2 1130
												3652
												3653
												3654
										2..3 1016
											3345
											3346
											3347
										2459
									2420
									2421
								mux 717
									2609
									2610
									2611
								0..1 882
									2992
									2993
									2994
								2..2 940
									0..2 1392
										4381
										4382
										4383
									3143
									3144
								0..3 1402
									4411
									4412
									4413
							1608
							1609
						1..3 1198
							3836
							3837
							3838
						1602
					mux 847
						2908
						2909
						2910
					1..3 1066
						3479
						3480
						3481
				2..2 26
					mux 41
						mux 91
							mux 195
								1..1 248
									mux 577
										2300
										2301
										2302
									mux 813
										2825
										2826
											4730
										2827
									1736
								1664
								1665
							mux 197
								mux 239
									mux 545
										3..3 894
											3021
											3022
											3023
										2..2 1295
											4102
											4103
											4104
										2229
									1..1 564
										mux 747
											2671
											2672
											2673
										2271
											4799 ?
										2272
									mux 741
										2658
										2659
										2660
								3..3 976
									0..2 1461
										4582
											4796
										4583
										4584
									3235
									3236
								1668
							mux 199
								1..1 316
									1820
									1821
									1822
								1669
								1670
							0..2 522
								0..1 858
									2936
									2937
									2938
								2187
								2188
							3..3 838
								2887
								2888
									4705
								2889
							1..2 1050
								3434
								3435
								3436
							1..2 1328
								4196
								4197
								4198
						mux 221
							1..3 754
								1..3 762
									1..1 1057
										3453
										3454
											4851 ?
										3455
									2704
									2705
								1..3 1051
									3437
									3438
										4713 ?
									3439
								2687
							1..2 1009
								3326
								3327
								3328
									4953
							1696
						1..3 812
							2822
							2823
							2824
					0..3 86
						mux 385
							0..1 1042
								1..2 1374
									4328
									4329
									4330
								3416
								3417
							1934
							1935
						1539
						1540
					0..3 752
						0..1 1378
							4340
							4341
							4342
								4731
						2684
						2685
				5..7 36
					mux 121
						1571
						1572
						1573
					mux 155
						3..4 158
							0..1 230
								1706
									4716
								1707
								1708
							mux 269
								2..3 862
									2946
									2947
									2948
								0..1 1313
									4153
									4154
									4155
								1760
							2..2 472
								2087
								2088
								2089
							1..3 594
								2..2 652
									2460
									2461
									2462
								0..2 1310
									4145
									4146
									4147
								2337
						2..2 270
							2..3 346
								1..3 1087
									3..3 1292
										4094
										4095
										4096
									3535
										4935
									3536
								3..4 1216
									2..3 1300
										4116
										4117
										4118
									0..3 1448
										4543
										4544
										4545
									3886
									4868
								1863
									4702 ?
							1761
							1762
						0..3 606
							2364
							2365
							2366
					mux 231
						mux 737
							0..3 1082
								3521
								3522
								3523
							2651
							2652
						mux 943
							3..3 1443
								4528
								4529
									4813 ?
								4530
									4818
							3150
							3151
						0..1 1093
							3551
							3552
							3553
					mux 579
						2303
						2304
						2305
					mux 619
						0..2 1358
							4282
							4283
							4284
						2393
						2394
					mux 639
						2434
						2435
						2436
					mux 659
						2477
						2478
						2479
					2..3 1419
						3..3 1487
							4658
							4659
							4660
						4459
						4460
				1..2 46
					2..3 558
						2256
						2257
							4837
						2258
					mux 641
						0..2 1258
							3998
								4938 ?
							3999
							4000
							4959
						2440
						2441
					mux 821
						2846
						2847
						2848
				mux 79
					2..2 818
						2837
						2838
						2839
					1533
					1534
				2..3 504
					2150
					2151
					2152
				3..3 980
					3246
					3247
					3248
			5..6 8
				2..3 10
					mux 19
						2..4 54
							mux 209
								1687
								1688
								1689
								4842
							1..1 232
								3..3 416
									1..3 456
										mux 869
											0..3 914
												3075
													4757
												3076
												3077
											2961
											2962
										2061
										2062
									1991
									1992
								mux 531
									1..1 1217
										0..2 1368
											4311
											4312
											4313
										3887
										3888
									2206
									2207
										4725
								1709
							mux 323
								mux 645
									mux 679
										mux 969
											3215
											3216
											3217
										1..3 1336
											4220
											4221
											4222
										2518
									2447
									2448
								1830
								1831
							mux 397
								1..1 1064
									3473
									3474
										4806 ?
									3475
								2..2 1125
									3639
									3640
									3641
										4711 ?
								1960
							mux 475
								2095
								2096
								2097
						2..3 164
							3..3 1054
								2..2 1322
									4180
									4181
									4182
								3445
									4904 ?
								3446
							1614
							1615
						2..3 170
							2..3 1286
								0..3 1293
									4097
									4098
									4099
								3..3 1323
									4183
									4184
										4860
									4185
								4078
							1623
							1624
						mux 305
							0..1 534
								3..3 684
									1..1 800
										2792
										2793
										2794
									2531
									2532
								0..3 822
									2849
									2850
									2851
									4760
								2..3 950
									3164
									3165
									3166
							2..2 648
								2454
								2455
								2456
							1804
					0..6 68
						1..1 112
							mux 135
								0..1 146
									mux 311
										mux 369
											mux 711
												mux 849
													2914
														4840
													2915
													2916
														4735 ?
												2596
												2597
											1904
											1905
											4879
										1810
										1811
									1596
										4783
									1597
								mux 247
									mux 469
										3..3 944
											0..4 968
												3212
												3213
												3214
												4749
											1..1 1337
												4223
												4224
												4225
													4978
											2..2 1440
												4521
												4522
												4523
												4980
										2081
										2082
									mux 673
										0..2 1088
											3537
											3538
											3539
										1..4 1455
											4564
											4565
											4566
											4838
										2506
									mux 975
										3232
										3233
										3234
								2..3 278
									mux 805
										2805
										2806
										2807
									1773
									1774
							1..2 332
								1..1 336
									2..3 658
										2..3 1435
											4506
											4507
											4508
										2475
										2476
									1..1 988
										3268
										3269
											4937
										3270
									0..1 1489
										4664
										4665
										4666
								3..3 664
									3..3 1069
										3..3 1072
											0..2 1472
												4614
												4615
												4616
											3494
											3495
										0..1 1129
											0..3 1190
												3813
												3814
												3815
											3650
											3651
										1..3 1153
											2..2 1219
												3892
												3893
												3894
											0..1 1343
												0..3 1493
													4676
													4677
													4678
												4240
												4241
											3716
											4890
									2..3 1273
										4041
										4042
										4043
									2490
								1843
							1561
						1..2 166
							1..3 200
								1671
								1672
								1673
							mux 273
								mux 445
									mux 479
										mux 751
											2681
											2682
											2683
										mux 891
											1..1 1184
												3798
												3799
													4766
												3800
											3013
											3014
										1..2 1444
											4531
											4532
											4533
											4892
										4845
									0..1 542
										1..1 1002
											3306
											3307
											3308
										1..2 1115
											3610
											3611
												4874
											3612
												4873 ?
										2223
									0..1 854
										2..3 1294
											1..1 1423
												4470
												4471
												4472
											4100
												4724 ?
												4950 ?
											4101
										2929
										2930
									0..1 1312
										0..1 1381
											4349
											4350
											4351
										4151
										4152
								mux 765
									2710
									2711
									2712
								0..3 1268
									4026
									4027
									4028
							mux 689
								0..2 1208
									3866
									3867
									3868
								2544
								2545
						mux 265
							mux 911
								3..3 1460
									4579
									4580
									4581
								3067
								3068
							1757
							1758
						mux 823
							3..3 1071
								3491
								3492
								3493
									4946
							2852
							2853
						mux 843
							3..3 1116
								3613
								3614
								3615
							1..2 1167
								1..1 1475
									4623
									4624
									4625
								3753
								3754
							2902
						1..2 920
							3092
							3093
							3094
					1..2 274
						mux 583
							2312
							2313
							2314
						1768
							4727 ?
							4900
						1769
					0..1 1073
						3496
							4843
						3497
						3498
				mux 11
					1..1 22
						1503
						1504
						1505
					1..1 256
						0..1 286
							mux 439
								2031
								2032
								2033
							1781
							1782
						1..2 1325
							0..2 1377
								4337
								4338
								4339
							4188
							4189
						1742
					0..1 390
						1943
						1944
						1945
				2..6 12
					mux 17
						2..2 32
							mux 35
								mux 73
									2..3 126
										1..1 680
											2519
											2520
											2521
										1..3 1245
											3963
											3964
											3965
										1577
									mux 389
										1940
										1941
										1942
										4964
									3..3 984
										3257
										3258
										3259
								0..1 224
									1699
									1700
									1701
									4973
								2..2 670
									mux 837
										2884
										2885
										2886
									2..3 1305
										1..2 1484
											4649
											4650
											4651
										4131
										4132
									1..2 1393
										4384
										4385
										4386
								0..2 1045
									0..3 1329
										4199
										4200
										4201
									3422
									3423
							1..2 50
								mux 131
									1..3 154
										1..3 348
											1..3 820
												2843
													4853 ?
												2844
												2845
											0..2 1464
												1..1 1465
													4593
													4594
													4595
												4591
												4592
											1866
										1604
										1605
									mux 453
										3..3 1442
											4..4 1451
												4552
												4553
												4554
												4908
											4526
											4527
										2056
										2057
									1..3 592
										2332
										2333
										2334
								1509
								1510
							1..1 64
								mux 83
									mux 165
										1..2 510
											0..4 692
												2550
												2551
												2552
												4971
											2161
											2162
										1616
										1617
									1537
									1538
								0..3 116
									mux 207
										mux 267
											mux 753
												mux 757
													2..3 790
														2768
														2769
														2770
													2692
													2693
												3..3 1019
													3354
													3355
													3356
												2686
											1..3 758
												0..1 964
													3201
													3202
													3203
														4963
												1..2 1005
													3315
													3316
													3317
												2694
													4733 ?
											2..3 1492
												4673
												4674
												4675
										mux 609
											1..1 1272
												4038
												4039
												4040
											2371
											2372
										1684
									0..2 214
										mux 289
											0..3 324
												1832
												1833
												1834
													4814
											1786
											1787
											4957
										mux 629
											2413
											2414
											2415
										1..2 852
											2923
											2924
											2925
									1566
								mux 381
									2..3 1119
										3622
										3623
										3624
									1927
									1928
								3..3 410
									1..3 1113
										3605
										3606
										3607
									1980
									1981
								3..3 480
									1..3 936
										1..3 1033
											3..3 1356
												4277
												4278
												4279
											3390
											3391
										3134
										3135
									2106
									2107
								mux 607
									1..3 1357
										1..2 1406
											4423
											4424
											4425
										4280
										4281
											4763 ?
									2367
									2368
						mux 59
							mux 71
								1..2 138
									mux 263
										1752
										1753
										1754
									2..3 1004
										3312
										3313
										3314
									1587
								1523
								1524
							mux 447
								mux 687
									2..4 1025
										3369
											4864
										3370
										3371
										4949
									2539
									2540
								0..2 1334
									4214
									4215
									4216
								2042
							1513
						1..3 122
							1..3 298
								1796
									4839
								1797
								1798
							2..2 300
								1799
								1800
								1801
							1574
						1..3 208
							mux 233
								mux 235
									1714
									1715
									1716
								2..2 1174
									3769
									3770
									3771
								1710
							1685
							1686
							4893
						1..1 226
							mux 493
								0..2 498
									0..3 550
										mux 793
											2776
											2777
											2778
										2239
										2240
									2139
									2140
									4846
								2129
								2130
							2..3 650
								mux 653
									2463
									2464
									2465
								2457
								2458
							mux 809
								1..2 1133
									3661
									3662
									3663
								2815
								2816
							2..4 1067
								3482
								3483
								3484
								4998
						0..1 470
							0..1 608
								mux 719
									1..2 1297
										4108
										4109
										4110
									2613
									2614
								2369
								2370
							3..3 1422
								4467
								4468
								4469
							2083
						3..3 738
							2653
							2654
							2655
						mux 773
							2732
							2733
							2734
							4736
					2..3 20
						mux 27
							0..3 40
								mux 139
									0..3 1467
										4599
										4600
										4601
									1588
									1589
										4764
										4848 ?
								0..1 176
									mux 383
										0..2 1102
											0..0 1498
												4691
												4692
													4878 ?
												4693
												4743
											3576
											3577
										1931
										1932
									1632
									1633
								1507
							1..2 44
								mux 77
									mux 193
										1659
										1660
										1661
									0..1 618
										1..1 678
											2515
											2516
											2517
										1..4 794
											0..1 1202
												3848
												3849
												3850
											2779
											2780
											4854
										0..3 1028
											3376
											3377
											3378
									mux 637
										1..3 722
											2619
											2620
											2621
										3..3 748
											2674
											2675
											2676
										2432
									2..2 1084
										3527
										3528
										3529
								mux 541
									3..4 736
										2648
										2649
										2650
										4756
									1..3 1424
										4473
										4474
										4475
									2222
								1..3 742
									mux 815
										2830
										2831
										2832
									2661
									2662
									4872
								0..3 1041
									3413
									3414
									3415
							0..0 66
								mux 217
									1..2 1416
										4450
										4451
										4452
									1692
									1693
										4929 ?
								0..2 280
									2..2 340
										1856
										1857
										1858
									mux 431
										0..1 672
											2503
											2504
											2505
										3..3 1396
											4393
												4737
											4394
											4395
										2020
									1..1 1059
										0..1 1398
											4399
											4400
											4401
										3459
										3460
								0..2 520
									2181
									2182
									2183
								2..3 554
									1..1 1307
										4136
										4137
										4138
									2247
									2248
							3..4 98
								0..3 202
									mux 873
										2..2 1276
											4050
											4051
											4052
										0..3 1426
											4479
											4480
											4481
										2971
									1676
									1677
								0..1 262
									1749
									1750
									1751
								mux 681
									2522
									2523
									2524
								4785
							2..4 392
								1947
								1948
								1949
								4707
							0..1 1149
								3705
								3706
								3707
						1..2 28
							2..2 482
								mux 909
									3061
									3062
									3063
										4793
										4826 ?
								2109
								2110
								4779
							1..1 596
								0..1 634
									2425
									2426
									2427
								2340
								2341
							0..3 626
								1..1 1159
									3732
									3733
									3734
								2406
								2407
							mux 825
								2855
								2856
								2857
								4771
							0..2 832
								0..2 1086
									1..2 1494
										4679
										4680
										4681
									3533
									3534
								2872
								2873
							3..3 1155
								3720
								3721
								3722
						mux 153
							mux 335
								mux 663
									0..3 1429
										4488
										4489
										4490
									2488
									2489
										4798
								1849
								1850
							mux 337
								mux 351
									1868
									1869
									1870
								2..3 352
									0..3 840
										2893
										2894
										2895
									1871
									1872
										4715
								1851
									4876
							0..3 366
								0..2 394
									1953
									1954
									1955
								3..3 750
									2678
									2679
									2680
								1899
							mux 417
								1993
								1994
								1995
							mux 437
								4..4 1200
									3842
									3843
									3844
									4718
								2026
								2027
								4797
						mux 413
							2..2 688
								2541
								2542
								2543
							0..2 1012
								3335
								3336
								3337
							1..2 1264
								3..3 1387
									4367
									4368
									4369
									4887
								4015
								4016
					mux 33
						mux 85
							mux 115
								mux 649
									1..3 890
										1..3 1194
											3825
											3826
											3827
										1..2 1437
											4512
											4513
											4514
										3012
									mux 923
										3101
											4781
										3102
										3103
									0..4 1189
										3810
										3811
										3812
										4758
								2..2 1430
									4491
									4492
									4493
								1565
							mux 119
								mux 291
									0..3 312
										mux 677
											0..3 888
												2..3 1138
													1..2 1166
														3750
														3751
														3752
													3676
													3677
												3007
												3008
											3..3 1092
												0..1 1284
													2..2 1477
														4629
														4630
														4631
													4073
													4074
												3549
												3550
											1..1 1156
												3723
												3724
												3725
										1812
										1813
									2..2 334
										1846
										1847
										1848
									3..3 1210
										3871
										3872
										3873
								2..2 1081
									3518
									3519
									3520
								1569
									4847
										4985 ?
									4939 ?
							0..3 190
								mux 789
									0..1 978
										3240
										3241
										3242
									3..3 1047
										3427
										3428
										3429
									2..3 1432
										4497
										4498
										4499
								1654
								1655
							mux 333
								0..3 1379
									4343
									4344
									4345
								1844
								1845
							1..3 948
								0..3 1335
									4217
									4218
									4219
								1..3 1478
									4632
									4633
									4634
								3160
									4770
						2..3 328
							1839
							1840
							1841
						mux 377
							1920
							1921
							1922
						1..2 562
							2265
							2266
							2267
						mux 771
							2726
							2727
							2728
					1..4 48
						0..1 74
							1525
							1526
							1527
						2..2 162
							1..1 222
								0..2 1234
									3932
									3933
									3934
										4955
								1697
								1698
							1610
							1611
						0..4 266
							0..2 780
								2744
								2745
								2746
									4948
							0..1 810
								2817
								2818
								2819
							mux 999
								3298
								3299
								3300
							0..2 1112
								1..1 1117
									3616
									3617
									3618
								3603
								3604
							1..2 1365
								4302
								4303
								4304
						1..3 1080
							0..2 1203
								3851
								3852
								3853
							3516
							3517
					0..2 60
						mux 87
							mux 443
								2..3 478
									2103
									2104
									2105
								2..2 932
									3123
									3124
									3125
								2..3 1056
									3450
									3451
									3452
							1541
							1542
						1514
						1515
					3..5 134
						0..2 356
							1879
							1880
							1881
						0..3 484
							1..3 1306
								4133
								4134
								4135
							2113
							2114
						3..3 992
							3278
							3279
							3280
								4905 ?
						1..3 1237
							3940
							3941
							3942
						2..2 1462
							4585
							4586
							4587
					2..3 172
						0..1 210
							1..1 638
								1..1 768
									2719
									2720
									2721
								0..2 1255
									3989
									3990
									3991
								2433
							mux 883
								0..3 1144
									3691
									3692
									3693
								2995
								2996
									4886
							3..4 1491
								4670
								4671
									4943 ?
								4672
									4866
								4882
						1..2 448
							mux 841
								2896
									4958
								2897
								2898
							2043
							2044
						1..2 720
							2615
							2616
							2617
						mux 981
							3249
							3250
							3251
					mux 211
						mux 281
							1..2 628
								0..1 1152
									3713
									3714
									3715
								2411
									4804
								2412
							mux 933
								3126
								3127
								3128
							1..2 962
								3195
								3196
								3197
						0..2 788
							2765
							2766
							2767
						mux 861
							2943
							2944
							2945
						1..2 1020
							1..1 1158
								3729
								3730
								3731
							2..3 1279
								4058
								4059
								4060
							3357
							4934
					0..1 292
						3..3 400
							0..1 624
								mux 865
									2..3 952
										3169
											4944
										3170
										3171
									2953
									2954
								2403
								2404
							0..1 1135
								3667
								3668
								3669
							1965
						mux 409
							1..1 826
								2858
								2859
								2860
							1978
							1979
						1788
				mux 13
					mux 21
						mux 23
							mux 25
								mux 47
									mux 51
										6..6 110
											0..3 118
												1..1 130
													mux 627
														2408
														2409
														2410
													2..2 1485
														4652
														4653
														4654
													1583
												2..3 290
													mux 299
														3..3 320
															1826
															1827
															1828
														mux 339
															2..3 526
																mux 721
																	1..3 1049
																		3431
																		3432
																		3433
																	0..1 1175
																		3772
																			4703
																			4782
																		3773
																		3774
																	2618
																2196
																2197
															1854
															1855
														mux 517
															2175
															2176
															2177
														3..3 620
															mux 785
																2758
																2759
																2760
																	4924 ?
															2395
															2396
														0..3 1269
															4029
															4030
															4031
													mux 557
														2253
														2254
														2255
													mux 565
														2273
														2274
														2275
												1568
											mux 147
												mux 171
													mux 185
														mux 253
															0..3 424
																mux 857
																	1..1 1228
																		3916
																			4833 ?
																		3917
																		3918
																	2934
																	2935
																2..2 1024
																	0..3 1452
																		4555
																		4556
																		4557
																	3367
																	3368
																2009
															mux 783
																2752
																2753
																2754
															1741
														mux 315
															mux 355
																mux 367
																	1..2 724
																		0..2 908
																			3058
																			3059
																			3060
																			4755
																		2624
																		2625
																	1..3 1482
																		4644
																		4645
																		4646
																	1900
																0..2 428
																	mux 929
																		3115
																		3116
																		3117
																	2013
																	2014
																	4742
																1878
															1818
															1819
														1..3 570
															2..3 734
																0..1 1454
																	4561
																	4562
																	4563
																2643
																2644
															mux 893
																3018
																3019
																3020
															2283
														0..3 756
															1..3 1438
																4515
																4516
																4517
															2690
															2691
																4744 ?
													1625
													1626
												1..3 1145
													3694
													3695
													3696
												1598
											3..3 174
												1629
												1630
												1631
											0..3 196
												mux 359
													1887
													1888
													1889
												1666
												1667
											2..2 718
												mux 807
													1..1 942
														3147
														3148
														3149
													3..3 1063
														3470
														3471
														3472
													2811
												mux 817
													2834
													2835
													2836
												2612
											0..3 1123
												3633
												3634
												3635
										0..3 120
											mux 327
												mux 913
													3072
													3073
													3074
												2..2 1147
													0..3 1250
														1..2 1376
															4334
															4335
																4835
															4336
														3977
														3978
															4884
													3700
													3701
												1838
											mux 459
												0..2 1015
													0..1 1196
														3830
														3831
														3832
													3343
													3344
												2066
												2067
											1570
										mux 169
											mux 519
												0..2 698
													2565
													2566
													2567
												2179
												2180
											1621
											1622
										0..2 430
											mux 591
												0..2 1000
													3301
													3302
													3303
												2330
												2331
											2018
											2019
										mux 941
											0..2 1220
												3895
												3896
												3897
													4805
											3145
											3146
										1..3 1162
											3740
											3741
											3742
												4828
									0..2 140
										1..1 1253
											3983
											3984
											3985
										1590
										1591
									1508
								mux 65
									3..3 88
										mux 349
											mux 499
												2141
												2142
												2143
											0..2 524
												1..1 1126
													3642
													3643
													3644
												1..2 1355
													4274
													4275
													4276
												2192
											1867
											4870
										1543
										1544
									0..2 132
										mux 301
											mux 401
												1966
												1967
												1968
											mux 515
												3..3 974
													3229
													3230
													3231
												2171
												2172
											1802
										2..3 514
											2..3 616
												2387
												2388
												2389
											2169
											2170
										1..1 1431
											4494
											4495
												4800 ?
											4496
									1518
								0..3 94
									mux 125
										3..3 204
											mux 495
												0..3 702
													mux 827
														1..1 878
															mux 993
																3281
																3282
																3283
																	4961 ?
															3..3 1262
																4010
																4011
																4012
																	4865 ?
															2983
														1..3 1214
															2..3 1260
																4004
																4005
																4006
															0..4 1375
																4331
																4332
																4333
																4734
															3883
														2861
													2574
													2575
												2134
												2135
											1..1 568
												2..3 898
													3033
														4947 ?
													3034
													3035
												1..3 902
													3044
													3045
													3046
												2..2 1229
													3919
													3920
													3921
											2..2 830
												2867
												2868
												2869
										mux 283
											mux 489
												2123
												2124
												2125
											1..2 1274
												4044
												4045
												4046
													4850 ?
											1778
										1576
										4788
									2..2 260
										0..3 706
											1..2 1098
												0..3 1101
													3573
													3574
													3575
												3565
												3566
											2583
												4825 ?
											2584
										1747
										1748
									1547
								mux 163
									mux 801
										2795
										2796
										2797
									1612
									1613
								0..3 384
									mux 971
										3220
										3221
										3222
											4880
									1..3 1077
										3507
										3508
										3509
									1933
								0..1 956
									2..3 1449
										4546
										4547
										4548
									3180
									3181
								4712
							mux 29
								3..5 38
									mux 61
										mux 405
											2..2 1111
												3600
												3601
												3602
											1973
											1974
										0..1 682
											2525
											2526
											2527
												4827
										1516
									0..3 90
										0..3 1052
											3440
											3441
											3442
										0..3 1326
											4190
											4191
											4192
										0..3 1361
											4290
											4291
											4292
									mux 95
										mux 111
											1..1 434
												0..3 1170
													0..1 1373
														4325
														4326
														4327
													3760
													3761
												2023
												2024
											mux 961
												3192
												3193
												3194
											1560
										mux 187
											1647
											1648
											1649
										mux 189
											0..1 466
												0..3 572
													1..2 588
														mux 593
															0..2 1232
																0..2 1270
																	4032
																	4033
																	4034
																	4995
																3927
																3928
															2335
															2336
														mux 781
															mux 979
																3243
																3244
																3245
															2747
															2748
														2324
													2287
													2288
												2077
												2078
											1..3 1469
												4605
												4606
												4607
											1653
										mux 845
											0..1 1179
												3784
												3785
												3786
											2905
											2906
									1..1 184
										2..2 574
											mux 691
												2..2 1495
													4682
													4683
													4684
												2548
												2549
											2292
											2293
										1643
										1644
									1..3 494
										2131
										2132
										2133
											4852
									2..4 1371
										4320
										4321
										4322
										4984
								3..4 70
									1..1 84
										0..2 142
											1..3 388
												mux 403
													mux 463
														0..1 1070
															3488
															3489
															3490
														2074
															4750
														2075
													1..3 1099
														3567
														3568
														3569
													1971
												0..3 644
													2444
													2445
													2446
												0..1 1271
													4035
													4036
													4037
														4889
												2..2 1285
													4075
													4076
													4077
												1..3 1290
													4088
													4089
													4090
											mux 537
												2213
												2214
												2215
											1593
										0..2 302
											0..1 548
												2..2 1001
													0..1 1315
														4159
														4160
														4161
													3304
													3305
												2235
												2236
											2..3 1382
												4352
												4353
												4354
											1803
										mux 571
											2284
											2285
											2286
										mux 951
											0..3 1225
												3907
												3908
												3909
											3167
											3168
												4836
									0..3 100
										mux 101
											mux 107
												1..4 254
													mux 507
														mux 879
															2984
															2985
															2986
														1..1 1235
															3935
															3936
															3937
														2156
													2..2 884
														1..3 1412
															4439
																4767 ?
															4440
															4441
														2997
														2998
														4780
													2..3 982
														1..2 1257
															3995
															3996
															3997
														3252
														3253
														4928
													2..3 1014
														1..1 1074
															3499
															3500
															3501
														3341
														3342
												mux 449
													2045
													2046
														4883 ?
													2047
												1554
												4932
											mux 371
												1908
												1909
												1910
											0..2 490
												mux 559
													mux 601
														0..3 1046
															3424
															3425
															3426
														2350
														2351
													1..1 1127
														3645
														3646
														3647
													2259
												1..1 1192
													3819
													3820
													3821
												1..2 1277
													2..2 1409
														2..2 1427
															4482
															4483
															4484
														4431
														4432
													4053
													4054
											mux 957
												3182
												3183
												3184
										2..2 264
											2..3 696
												0..4 1338
													4226
													4227
													4228
													4778
												2560
												2561
											1755
											1756
										0..2 686
											2536
											2537
											2538
										mux 863
											1..2 1121
												1..1 1236
													2..2 1244
														3960
														3961
														3962
													3938
													3939
												3628
												3629
													4968 ?
											2..4 1182
												3792
												3793
												3794
												4824
											2949
										1..4 1038
											3404
											3405
											3406
											4954
									mux 105
										mux 175
											mux 191
												0..3 338
													mux 599
														2344
														2345
														2346
													1852
													1853
												1..3 508
													3..3 576
														2297
														2298
														2299
													2157
													2158
												3..3 1209
													1..1 1263
														1..1 1441
															2..3 1488
																4661
																4662
																4663
															4524
															4525
														4013
														4014
													3869
													3870
											2..2 242
												1..1 578
													mux 597
														2..2 1039
															3407
															3408
															3409
														2342
														2343
													mux 725
														0..3 1103
															3578
															3579
															3580
														1..1 1122
															3630
															3631
															3632
														2626
													2..2 764
														1..2 1370
															4317
															4318
															4319
														2..3 1397
															4396
															4397
															4398
														2709
												1724
												1725
											1..3 426
												mux 553
													0..3 1259
														4001
														4002
														4003
													2245
													2246
												2011
												2012
													4989 ?
											mux 775
												2735
												2736
												2737
											mux 983
												3254
												3255
												3256
												4907
										2..2 374
											2..3 610
												2373
												2374
												2375
											0..3 1352
												4265
												4266
												4267
											1915
										1552
									mux 183
										mux 227
											1702
											1703
											1704
										1..1 536
											mux 885
												1..2 1178
													3781
													3782
													3783
												2999
												3000
												4829
											1..2 1142
												3685
												3686
												3687
											2212
										1..2 1180
											1..2 1282
												4067
												4068
												4069
											3787
											3788
								mux 225
									mux 271
										1763
											4923
										1764
										1765
									2..3 870
										2963
										2964
										2965
									2..2 1011
										3332
										3333
										3334
										4808
								0..4 406
									mux 423
										0..1 496
											2136
											2137
											2138
										2007
										2008
									1..3 1223
										3901
											4867 ?
										3902
										3903
									1..1 1249
										3974
											4722 ?
										3975
										3976
									0..1 1298
										4111
										4112
										4113
								0..3 546
									2230
									2231
									2232
								0..3 1395
									4390
									4391
									4392
							mux 81
								3..3 318
									1..3 1311
										4148
										4149
										4150
									1824
									1825
									4863
								mux 767
									2716
									2717
									2718
									4723
								1535
						1..3 52
							2..3 56
								mux 129
									1580
									1581
									1582
								0..1 160
									mux 261
										mux 631
											2417
											2418
											2419
										mux 759
											2695
											2696
											2697
										3..3 928
											2..3 1100
												3570
												3571
												3572
											3113
											3114
									mux 309
										mux 509
											mux 675
												2509
												2510
												2511
											2159
											2160
										mux 733
											mux 959
												2..3 1085
													3530
													3531
													3532
												0..1 1266
													4020
													4021
													4022
												3188
											2..3 1058
												3456
												3457
												3458
													4910 ?
											2642
										1808
									mux 871
										0..3 1083
											3524
											3525
											3526
										2966
										2967
								mux 177
									1634
									1635
									1636
										4936 ?
								2..2 1128
									2..2 1163
										3..3 1248
											3971
											3972
											3973
										3743
										3744
									3648
									3649
							mux 97
								1..2 598
									3..3 808
										2812
											4768
										2813
										2814
									mux 939
										0..2 1301
											4119
											4120
											4121
										3141
										3142
										4918
									0..3 1199
										3839
										3840
										3841
											4704
												4745
								0..3 1256
									3992
									3993
									3994
									4975
								1548
							0..3 136
								1584
								1585
								1586
							mux 241
								mux 293
									0..1 1212
										3877
										3878
										3879
									1789
									1790
								1..1 308
									0..1 1036
										3398
										3399
											4792 ?
										3400
									3..3 1095
										0..1 1410
											4433
												4996
											4434
												4857
											4435
										3557
										3558
									1807
								mux 561
									2262
									2263
										4721
									2264
									4993
							0..3 358
								1884
								1885
								1886
							0..2 900
								3038
								3039
								3040
						3..3 78
							1..4 556
								2250
								2251
								2252
								4773
									4916
							1531
							1532
						0..1 206
							mux 487
								2..2 1018
									3351
									3352
									3353
								2119
								2120
							1682
							1683
						1..3 276
							0..3 486
								2..2 538
									0..3 1029
										3379
										3380
										3381
									2216
									2217
								2117
								2118
							1..3 874
								2972
								2973
								2974
							1771
						mux 303
							mux 483
								0..1 1173
									3766
									3767
									3768
								2111
								2112
							2..2 582
								0..1 960
									3189
									3190
									3191
								3..3 1037
									3401
									3402
									3403
								2311
							2..2 1185
								3801
								3802
								3803
							4875
						mux 625
							1..1 1104
								3581
								3582
								3583
							0..3 1139
								1..2 1347
									4251
									4252
									4253
								3678
								3679
							2405
								4774
						mux 835
							mux 935
								1..3 1367
									4308
									4309
									4310
								3132
								3133
							2880
							2881
							4933
					1501
					1502
				2..5 14
					mux 205
						1679
						1680
						1681
					mux 421
						0..3 464
							mux 707
								2585
								2586
								2587
							mux 851
								2920
								2921
								2922
							2076
						2002
						2003
					mux 697
						2562
						2563
						2564
					mux 895
						3024
						3025
						3026
					1..1 1408
						4428
						4429
						4430
				3..3 62
					mux 141
						mux 547
							mux 985
								3260
								3261
								3262
							2233
								4915 ?
							2234
						0..2 1384
							4358
							4359
							4360
						1592
					mux 181
						mux 287
							0..1 502
								0..1 560
									mux 569
										2280
										2281
										2282
									2260
									2261
								3..3 1089
									3540
										4807 ?
									3541
									3542
								2147
							1..2 776
								mux 919
									2..3 1204
										3854
										3855
										3856
									3090
									3091
								2738
								2739
							2..3 1481
								4641
								4642
								4643
							4820
						mux 325
							1835
							1836
							1837
						mux 523
							2189
							2190
							2191
						0..3 584
							1..1 690
								mux 787
									2762
									2763
									2764
								2546
								2547
							0..3 1076
								3504
								3505
								3506
							2315
					1517
				mux 69
					1520
					1521
					1522
				2..3 1109
					3594
					3595
					3596
						4739 ?
						4920 ?
			mux 15
				2..3 30
					0..2 108
						1555
						1556
						1557
							4966 ?
					1..3 186
						2..3 246
							1733
							1734
							1735
						1645
							4775 ?
								4982 ?
						1646
					mux 427
						1..4 462
							0..2 782
								2749
								2750
								2751
							2072
							2073
							4962
						mux 799
							1..3 1091
								3546
								3547
								3548
							2..3 1288
								4082
								4083
								4084
							2791
						2..3 1479
							4635
								4717
							4636
							4637
					2..2 1132
						3658
						3659
						3660
				mux 37
					mux 63
						mux 167
							2..3 272
								1..3 378
									1..3 636
										0..1 710
											1..2 886
												3001
												3002
												3003
											2594
											2595
										2..2 1496
											4685
											4686
											4687
										2431
									1..2 1346
										4248
											4974 ?
										4249
										4250
									1923
								1766
								1767
								4822
							1618
							1619
						mux 215
							mux 455
								mux 695
									2557
									2558
									2559
								mux 703
									2..2 966
										3207
										3208
										3209
									2576
									2577
									4823
								2060
							mux 549
								1..2 1407
									1..1 1490
										4667
										4668
										4669
									4426
									4427
								2237
								2238
							0..2 1026
								1..3 1040
									3410
									3411
									3412
								1..1 1385
									4361
										4909 ?
										4917
									4362
									4363
								3372
						2..3 784
							2755
							2756
							2757
							4802
					mux 395
						mux 657
							mux 777
								3..3 1240
									3949
									3950
									3951
								2740
								2741
							1..2 1006
								0..3 1239
									3946
									3947
									3948
								3318
								3319
							2474
						2..2 1246
							3966
							3967
								4769 ?
							3968
						1956
					1..3 500
						mux 655
							2..2 930
								3118
								3119
								3120
							2469
							2470
						2144
							4747 ?
						2145
				0..4 42
					mux 43
						mux 123
							3..3 168
								2..3 418
									1..3 1120
										3625
										3626
										3627
									1996
									1997
								2..3 1048
									0..3 1154
										3717
										3718
										3719
									0..2 1205
										3857
										3858
										3859
									3430
								1620
							0..3 180
								0..3 646
									1..1 1243
										3957
										3958
										3959
									2449
									2450
								1641
								1642
							2..3 182
								0..1 228
									mux 317
										mux 441
											2..2 614
												2382
												2383
												2384
											2034
											2035
										1..3 492
											0..3 778
												0..3 786
													1..1 1321
														4177
														4178
														4179
													1..3 1483
														0..3 1500
															4697
															4698
															4699
																4898 ?
														4647
														4648
													2761
												mux 855
													1..2 1160
														3..3 1433
															4500
															4501
															4502
																4810
														3735
														3736
													2931
													2932
												2742
											2127
											2128
										1823
									0..2 476
										3..3 1389
											3..3 1420
												4461
												4462
												4463
											4373
											4374
										2098
										2099
									2..3 708
										2588
										2589
										2590
								0..3 284
									mux 319
										1..2 354
											1875
											1876
											1877
										1..3 866
											mux 927
												1..3 1428
													4485
													4486
													4487
														4885 ?
												3111
												3112
											2955
											2956
										1..3 994
											3284
											3285
											3286
										2..2 1287
											4079
												4991 ?
											4080
											4081
									mux 321
										mux 361
											3..3 1207
												3863
												3864
												3865
											1891
											1892
										0..2 450
											3..3 668
												mux 949
													3161
													3162
													3163
												mux 967
													2..2 1247
														0..3 1330
															4202
															4203
															4204
														3969
														3970
													3210
													3211
												mux 997
													3292
														4888 ?
													3293
													3294
											2048
											2049
										1829
									mux 525
										2193
										2194
										2195
								2..3 566
									2276
									2277
									2278
								mux 769
									2..2 880
										2987
										2988
										2989
									2722
									2723
							mux 313
								2..3 1022
									3361
									3362
										4831
									3363
								1814
								1815
						1..2 128
							mux 491
								2..2 612
									2..2 1034
										3392
										3393
										3394
									0..2 1043
										3418
										3419
										3420
									2379
								1..1 1324
									0..2 1332
										4208
										4209
										4210
											4728 ?
									4186
									4187
								2126
							mux 643
								mux 797
									2786
									2787
									2788
								2..3 1386
									4364
									4365
									4366
								2443
								4897
							mux 665
								1..1 1193
									3822
									3823
									3824
								1..3 1394
									4387
									4388
									4389
								2491
							mux 669
								2498
								2499
								2500
							0..1 1261
								4007
								4008
								4009
						2..2 188
							1650
							1651
							1652
						1..3 350
							1..1 362
								0..3 414
									0..1 1320
										4174
										4175
										4176
									2..3 1418
										4456
										4457
										4458
									1987
								1..1 938
									1..3 1222
										1..2 1289
											4085
											4086
											4087
											4834
										3899
										3900
									3139
									3140
								1893
							mux 617
								2390
									4801 ?
								2391
								2392
							mux 921
								3095
								3096
								3097
						0..1 1211
							3874
								4844
							3875
							3876
					0..2 1124
						3636
						3637
							4926
						3638
					3..3 1134
						3664
						3665
						3666
					2..2 1151
						3..3 1359
							1..2 1497
								4688
								4689
								4690
							4285
							4286
								4992 ?
						3711
						3712
			mux 67
				3..3 518
					1..2 1017
						3348
						3349
						3350
						4830
					2..3 1354
						4271
						4272
						4273
					2178
				2..2 544
					2226
					2227
					2228
				1519
			0..4 72
				2..2 76
					mux 859
						1..1 918
							3087
							3088
							3089
						1..2 1010
							3329
							3330
								4986 ?
							3331
						2939
					1..1 1447
						4540
						4541
						4542
					1530
				2..3 178
					0..3 436
						mux 481
							0..3 488
								3..3 622
									2..2 1391
										4378
										4379
										4380
									2400
									2401
								2121
								2122
							mux 779
								0..1 986
									3263
									3264
									3265
								1..2 1032
									3387
									3388
									3389
								2743
							2108
						0..1 860
							2940
							2941
								4841 ?
							2942
						2025
					1637
					1638
				0..1 236
					1..2 1439
						4518
						4519
						4520
					1717
					1718
				mux 331
					mux 415
						1988
						1989
							4952
						1990
					0..2 528
						2..3 1062
							3467
							3468
							3469
						2200
						2201
							4709
					0..2 1003
						3309
						3310
						3311
			mux 127
				mux 137
					1..3 516
						3..3 846
							1..1 1035
								3395
								3396
								3397
							1..4 1078
								3510
								3511
								3512
								4858
							2907
						2173
						2174
					0..1 730
						2..3 934
							3129
							3130
							3131
						2636
						2637
					1..1 1021
						3358
						3359
						3360
					0..1 1075
						0..2 1137
							3673
							3674
							3675
						3502
						3503
					2..3 1267
						4023
						4024
						4025
				1578
				1579
			2..3 218
				0..1 306
					1..1 460
						0..1 774
							mux 897
								3030
								3031
								3032
								4817
							0..2 1215
								2..3 1302
									4122
									4123
									4124
								3884
								3885
							1..2 1341
								4234
								4235
								4236
						2068
						2069
					0..3 654
						2466
						2467
						2468
					1805
				0..3 586
					2318
					2319
					2320
					4719
				2..3 772
					2729
					2730
					2731
					4832
				3..3 1060
					3461
					3462
					3463
				0..3 1421
					4464
					4465
					4466
			mux 249
				2..2 310
					0..2 412
						1984
						1985
						1986
					mux 953
						3172
						3173
						3174
					1809
				0..1 380
					1924
					1925
					1926
				3..3 1241
					3952
					3953
					3954
			0..1 444
				0..3 1364
					4299
					4300
					4301
				2037
					5000
				2038
			2..3 1136
				3670
				3671
				3672
		0..3 4
			mux 49
				mux 89
					0..2 148
						mux 159
							mux 219
								mux 551
									1..1 666
										2492
										2493
										2494
									0..1 760
										2698
										2699
										2700
										4942
									2241
								0..2 842
									2899
									2900
										4752 ?
									2901
								mux 899
									2..3 1401
										4408
										4409
										4410
									3036
										4809 ?
									3037
							mux 307
								mux 991
									1..2 1141
										2..2 1473
											4617
												4914
											4618
											4619
										3683
										3684
									3276
									3277
								1..2 1317
									4165
									4166
									4167
								1806
							mux 497
								2..2 512
									2165
									2166
									2167
								mux 729
									2633
									2634
									2635
								mux 917
									3084
									3085
									3086
								0..3 1345
									4245
									4246
									4247
							0..3 1027
								3373
								3374
								3375
							2..3 1252
								0..2 1303
									4125
									4126
									4127
								1..1 1369
									4314
									4315
									4316
								3982
						3..3 850
							2917
							2918
							2919
						mux 889
							3009
							3010
							3011
					0..3 344
						3..3 432
							mux 749
								0..1 806
									2808
									2809
									2810
								3..3 1131
									3655
									3656
									3657
								2677
								4869
							2021
							2022
								4903
						1860
						1861
					1..3 360
						mux 573
							2289
							2290
							2291
						mux 763
							2706
							2707
							2708
						1890
				0..3 342
					mux 585
						3..3 856
							2..2 1030
								0..2 1333
									4211
									4212
										4849 ?
									4213
								3382
								3383
							0..4 1079
								3513
								3514
								3515
								4776
							2933
						2316
						2317
					1..1 1476
						4626
						4627
							4945 ?
						4628
					1859
				mux 399
					mux 527
						1..2 1230
							3922
							3923
							3924
								4765
						2198
						2199
					1963
					1964
				mux 429
					2015
					2016
					2017
				mux 513
					mux 839
						2890
						2891
						2892
					2..2 1445
						4534
						4535
						4536
					2168
				3..3 824
					0..1 1339
						0..2 1348
							4254
							4255
							4256
						4229
						4230
					0..1 1453
						4558
						4559
						4560
					2854
			3..3 80
				mux 93
					mux 117
						mux 503
							mux 635
								2428
								2429
								2430
							2148
							2149
						1..2 792
							2773
							2774
							2775
						1567
					2..2 152
						2..2 250
							mux 713
								1..2 834
									2877
									2878
									2879
								2600
								2601
							1737
							1738
						mux 353
							1..2 640
								2437
								2438
								2439
							1873
							1874
						1603
					1..2 212
						mux 425
							mux 529
								mux 963
									3198
									3199
									3200
								2202
								2203
								4940
							mux 987
								3..3 1053
									1..2 1283
										4070
										4071
										4072
									3443
									3444
								3266
								3267
							2010
						mux 877
							2980
							2981
							2982
						3..3 972
							3223
							3224
							3225
				mux 103
					mux 363
						mux 701
							2571
							2572
							2573
							4931
						1894
							4748 ?
						1895
					1549
					1550
				0..3 804
					2802
						4965
					2803
						4969 ?
					2804
			mux 99
				mux 145
					2..2 420
						1..1 532
							mux 575
								2294
								2295
								2296
								4794
							mux 699
								0..2 1107
									1..2 1188
										2..2 1425
											4476
											4477
											4478
										3808
										3809
									0..1 1331
										4205
											4751
										4206
										4207
									3590
								1..2 1157
									3726
									3727
									3728
								0..2 1278
									4055
									4056
									4057
										4700
								4732
							2208
						0..0 1380
							4346
							4347
							4348
							4786
						2001
					0..1 998
						3295
						3296
						3297
					1..2 1140
						3680
						3681
						3682
				3..3 194
					2..2 864
						2950
						2951
						2952
					1662
					1663
				1..2 252
					mux 255
						mux 477
							2100
							2101
							2102
						mux 705
							2580
							2581
							2582
						2..2 726
							1..3 1007
								3320
								3321
								3322
							3..3 1388
								4370
								4371
								4372
							2627
						2..3 1094
							3554
							3555
							3556
						0..3 1238
							3943
							3944
							3945
					1..4 304
						mux 683
							2528
							2529
							2530
						2..3 1143
							3688
							3689
							3690
						1..1 1280
							4061
							4062
							4063
						4790
					2..3 402
						mux 433
							0..3 442
								0..3 1097
									3562
									3563
									3564
								0..3 1187
									0..2 1227
										3913
										3914
										3915
									3806
									3807
								2036
							mux 623
								2..3 816
									mux 831
										mux 989
											1..1 1366
												4305
												4306
												4307
											3271
											3272
												4754 ?
													4789
														4877 ?
										2870
										2871
											4972
									mux 925
										0..2 1197
											3833
											3834
											3835
										3107
										3108
									2833
								1..3 1221
									0..3 1450
										4549
										4550
										4551
									0..3 1459
										4576
										4577
										4578
									3898
								2402
							2..3 1363
								4296
								4297
								4298
						1969
						1970
				1..1 382
					mux 457
						mux 581
							2308
							2309
							2310
						0..2 1172
							1..2 1400
								4405
								4406
								4407
							3764
							3765
						2063
					1929
					1930
				mux 407
					mux 555
						1..1 1150
							3708
							3709
							3710
						1..3 1206
							3860
							3861
							3862
						2249
					1975
						4862
					1976
				0..3 1044
					1..2 1344
						4242
						4243
						4244
					2..2 1474
						4620
						4621
						4622
					3421
			2..3 1169
				3757
				3758
				3759
			1..1 1468
				4602
				4603
				4604
		1..1 16
			mux 257
				mux 451
					2050
					2051
					2052
				1743
				1744
			mux 633
				2422
				2423
					4772 ?
				2424
			mux 685
				2533
				2534
				2535
			0..2 1201
				3845
				3846
				3847
		mux 173
			1..2 326
				1..2 458
					2..2 728
						0..1 1213
							3880
							3881
							3882
						2631
						2632
					2064
					2065
					4997
				mux 521
					2184
					2185
					2186
				mux 535
					3..3 580
						mux 761
							2701
							2702
								4994 ?
							2703
								4803 ?
						2306
						2307
					mux 995
						3..3 1231
							2..3 1434
								4503
								4504
								4505
									4894 ?
							3925
							3926
						3287
						3288
					2211
				1..1 1362
					4293
					4294
					4295
			1627
				4821
			1628
		0..3 268
			mux 365
				mux 803
					2799
					2800
					2801
				3..3 1168
					0..1 1308
						4139
						4140
						4141
					3755
					3756
				1898
			1..3 674
				0..3 1318
					4168
					4169
					4170
						4759 ?
						4925 ?
				2507
				2508
			1759
				4956 ?
		2..2 386
			1936
			1937
			1938
		mux 605
			2361
			2362
			2363
		2..2 1195
			1..2 1360
				4287
				4288
				4289
			3828
			3829
	mux 9 ?
		3..3 104
			0..1 238
				0..3 896
					3027
					3028
					3029
				1722
				1723
			3..3 1254
				3986
				3987
				3988
			1551
		mux 179
			mux 467
				3..3 1226
					3910
					3911
					3912
				0..2 1314
					4156
					4157
					4158
				2079
			1639
			1640
		mux 295
			mux 603
				2355
				2356
				2357
			mux 947
				3157
				3158
				3159
			1794
		mux 485
			mux 667
				2495
				2496
				2497
			2115
			2116
		1..3 656
			2471
			2472
			2473
		mux 693
			1..3 1299
				3..3 1351
					2..2 1404
						4417
							4987
						4418
						4419
					4263
						4741
					4264
				4114
				4115
			2553
			2554
		1..3 1105
			3584
				4977 ?
			3585
			3586
	mux 55
		mux 75
			mux 595
				1..2 1399
					4402
					4403
					4404
				2338
				2339
			1528
			1529
				4746 ?
		2..3 102
			mux 279
				mux 345
					mux 903
						3047
						3048
						3049
					1..3 970
						0..3 1065
							3476
							3477
							3478
						3218
						3219
					1862
				mux 471
					2084
					2085
					2086
				1775
			0..2 1251
				3979
				3980
				3981
					4761
			0..3 1372
				1..1 1471
					4611
					4612
					4613
				4323
				4324
		1..2 150
			3..3 370
				mux 715
					mux 965
						3204
							4901
						3205
						3206
					2604
					2605
				1906
				1907
			0..3 676
				2512
				2513
				2514
			1..1 1165
				3747
				3748
				3749
		1..2 156
			3..3 454
				mux 505
					mux 567
						mux 611
							2376
							2377
							2378
						0..1 1031
							3384
							3385
								4861
							3386
						2279
					1..1 814
						mux 867
							2957
								4911
							2958
							2959
						2828
						2829
					2153
				2058
				2059
			2..3 714
				1..1 1275
					4047
					4048
					4049
				2602
				2603
			1606
		mux 201
			mux 465
				mux 563
					2268
					2269
					2270
				mux 811
					1..1 1316
						4162
						4163
						4164
					2820
					2821
				0..2 1349
					4257
					4258
					4259
			1674
				4816 ?
			1675
		mux 347
			1..2 1319
				4171
				4172
				4173
			1864
			1865
		mux 461
			0..3 954
				3175
				3176
				3177
			2070
			2071
	mux 109 ?
		mux 229
			0..3 438
				2028
				2029
				2030
			1..2 1353
				4268
				4269
				4270
			1705
		1558
		1559
		4930
	0..3 192 ?
		1656
			4753
		1657
		1658
	0..2 234 ?
		1711
		1712
			4859
		1713
	0..2 288 ?
		1783
		1784
		1785
	1..3 600 ?
		2347
		2348
		2349
			4921
config: 0