abstract 0
	1..3 1 ?
		6..12 3
			6..14 4
				3..9 5
					1..3 36
						12..20 66
							1407
							1408
								4232
							1409
							1410
								3705 ?
								4884
							1411
							1412
							1413
							1414
								3333
									3813 ?
								3450
							1415
							1416
							1417
							1418
								3569 ?
							1419
								3259
							1420
							1421
								4328 ?
							1422
								4088
									4270 ?
								4203 ?
							1423
								3355
							1424
							1425
								4028
							1426
								4753
							1427
						806
							3769
								4292 ?
						807
						808
							4075
						809
						810
						811
						812
						813
						814
						815
							3395 ?
						816
							3497
						817
						818
						819
							4102
						820
						821
							4582
							4622
						822
						823
							3376 ?
								3523 ?
							3722
						824
						825
					12..12 123
						2570
							4698
						2571
						2572
						2573
							4016
						2574
						2575
						2576
						2577
							3538
							4071
						2578
						2579
						2580
						2581
						2582
						2583
							4269
						2584
						2585
						2586
						2587
						2588
							4179 ?
							4435
						2589
							3604
						2590
					216
					217
					218
					219
					220
						3849 ?
							4191 ?
						4048 ?
					221
					222
						3464 ?
					223
					224
						3729 ?
							3756
					225
						4198 ?
						4456
					226
					227
						3246 ?
						3836 ?
							4756
					228
					229
						4541
					230
					231
						3786
						3956 ?
					232
					233
					234
				15..20 7
					12..23 16
						4..18 20
							14..14 90
								1894
								1895
									4420
								1896
									4718
								1897
								1898
									3226
								1899
								1900
								1901
								1902
								1903
								1904
								1905
								1906
								1907
								1908
								1909
									4640 ?
								1910
									4277 ?
								1911
									4126 ?
								1912
									3819
								1913
								1914
								3322
									3526
							8..16 134
								2801
									3186
									4630
								2802
									4503 ?
								2803
									3607 ?
										3860 ?
											4639 ?
								2804
								2805
									4881
								2806
								2807
									4981 ?
								2808
								2809
									4979
								2810
									3196 ?
									4448 ?
								2811
									4774 ?
								2812
									3406 ?
								2813
									3900 ?
									4415 ?
								2814
								2815
								2816
									4587
								2817
								2818
									4011
								2819
								2820
								2821
									4461
								4836
							489
							490
								3430
							491
								3282
							492
							493
								3966 ?
							494
								4866
							495
							496
							497
							498
							499
							500
							501
							502
								3596
							503
							504
								4809 ?
							505
							506
							507
								3707
						5..14 34
							768
							769
								3993 ?
							770
							771
								3567 ?
									4419 ?
								3797 ?
							772
							773
								3329 ?
							774
								3180
							775
								3284
							776
							777
							778
								4569 ?
							779
								3286
								4116 ?
							780
							781
								3752 ?
									3767
									4005 ?
										4190 ?
											4216 ?
							782
							783
							784
								4860
							785
								3690 ?
							786
								3283 ?
							787
							788
						10..11 43
							14..16 47
								11..17 53
									1141
										4295
											4669 ?
									1142
									1143
									1144
									1145
									1146
									1147
										3215
										4681
									1148
									1149
									1150
									1151
									1152
										3820 ?
									1153
										3204
											3728
										4914
									1154
									1155
									1156
									1157
									1158
									1159
									1160
									1161
								14..14 56
									7..8 133
										2780
											3311
											4690
										2781
										2782
										2783
										2784
										2785
										2786
										2787
										2788
										2789
										2790
										2791
											3174 ?
											3935
												4815
										2792
										2793
										2794
										2795
										2796
											3734 ?
										2797
										2798
										2799
											4446
										2800
									1203
									1204
									1205
									1206
									1207
										4755 ?
									1208
										3297 ?
											4537 ?
										4178 ?
										4806 ?
										4841 ?
									1209
									1210
									1211
										3879
										3986 ?
											4675
									1212
									1213
										3600 ?
											4849 ?
									1214
										3631 ?
										4509
											4749 ?
										4715
									1215
									1216
									1217
									1218
										4873
									1219
									1220
									1221
										3177
									1222
										3844 ?
								1029
									3615
									4259
								1030
								1031
									3219
									3868 ?
								1032
									3232 ?
										4391
								1033
								1034
								1035
									4288
										4603 ?
								1036
								1037
									4467
								1038
								1039
								1040
								1041
								1042
								1043
									4132
								1044
								1045
								1046
								1047
								4173
							948
							949
								3176
									4379
							950
								4814 ?
							951
								4856 ?
							952
								4818
							953
							954
							955
								3775
							956
								3321
							957
							958
							959
							960
							961
								3953
							962
							963
							964
								4344 ?
									4481 ?
								4393
							965
								4885
							966
							967
						410
						411
						412
						413
							4023 ?
								4559
						414
						415
						416
						417
						418
						419
						420
							3488 ?
							4637
						421
						422
							3915
							4433
						423
						424
						425
							4924 ?
						426
							4496
						427
						3807
						4794
					4..19 19
						1..18 76
							1608
								3409
							1609
							1610
							1611
								3673
							1612
							1613
							1614
							1615
								4152 ?
							1616
								3892
							1617
							1618
							1619
								3552 ?
									3930 ?
										4997
									4655 ?
							1620
							1621
							1622
							1623
							1624
							1625
								3387
								3514
							1626
							1627
							1628
							4282
						469
						470
							3806
						471
							3817 ?
						472
							3238 ?
								4551
						473
							3207 ?
								4971 ?
						474
						475
						476
						477
							4174
						478
							3471 ?
						479
						480
						481
							3191
								4594
							4963 ?
						482
						483
							3636
							4597
						484
						485
						486
						487
						488
					4..8 63
						5..5 140
							2927
								3470
							2928
								3534
								3988
							2929
							2930
								3685
								3891 ?
									4397
							2931
							2932
							2933
								4332
									4399
							2934
							2935
							2936
							2937
								3160 ?
									3421
									4320 ?
									4817
								4708 ?
							2938
							2939
							2940
							2941
								3384
							2942
								4309 ?
							2943
								3794 ?
								4168
							2944
							2945
							2946
							2947
							4368
						1348
							3854 ?
								4374
						1349
						1350
							4324 ?
						1351
							3170
							3230
							4765
						1352
							4706 ?
						1353
						1354
							3285
								4234 ?
									4649 ?
						1355
							4828
						1356
						1357
						1358
							3324
						1359
							3572
						1360
						1361
							3401 ?
						1362
						1363
							4529 ?
						1364
							4378
						1365
						1366
							3274 ?
							4417
						1367
							3301 ?
							4485
						3391
					7..18 69
						1467
						1468
						1469
							3381
						1470
						1471
						1472
						1473
						1474
						1475
						1476
						1477
						1478
						1479
						1480
						1481
							3468 ?
								3616 ?
								3657 ?
									4872 ?
								4076
						1482
						1483
						1484
							3411
								4952 ?
						1485
							3749
						1486
							3976 ?
						1487
							3338
								3776
									4574 ?
								4996 ?
						3213
					9..18 94
						1973
						1974
						1975
							4054 ?
						1976
						1977
						1978
						1979
						1980
						1981
						1982
						1983
							3916
						1984
							3343 ?
						1985
						1986
						1987
							4862 ?
						1988
							3782 ?
							4070 ?
						1989
						1990
						1991
						1992
						1993
						3386
					251
						3342
					252
						3931
					253
					254
						4366
					255
					256
						4530 ?
					257
					258
					259
					260
						4638 ?
					261
					262
					263
						4453
						4983
					264
						4067
					265
						4241 ?
					266
				8..20 25
					591
					592
					593
					594
						4187 ?
							4922 ?
					595
					596
					597
					598
					599
					600
					601
						4057
							4516
					602
					603
					604
						4416 ?
					605
					606
					607
					608
						4782
					609
					610
						4567
					611
						4103 ?
				6..15 29
					9..21 60
						1286
							3291 ?
								4697
							3593 ?
							4769 ?
						1287
						1288
							3741
							4779 ?
						1289
							4276 ?
						1290
						1291
						1292
						1293
						1294
						1295
							3266 ?
							3805
						1296
							4290 ?
						1297
						1298
						1299
						1300
						1301
						1302
						1303
							4195
						1304
						1305
							3173 ?
							3627 ?
								4390 ?
						1306
					12..21 92
						1935
						1936
							3461 ?
						1937
						1938
						1939
						1940
						1941
							3924
						1942
							4253
							4620
						1943
							4651
						1944
						1945
							3247
						1946
						1947
						1948
							4111 ?
						1949
							3253 ?
								3299
						1950
							4211
								4739
						1951
							3866 ?
							4080
						1952
						1953
							4219
								4735 ?
							4951
						1954
						1955
						3472
							3654
					672
					673
					674
						3679
					675
					676
						3244 ?
					677
					678
					679
					680
					681
						4842 ?
					682
						4593 ?
					683
					684
					685
						4388 ?
					686
					687
					688
					689
						4120 ?
					690
					3357
					4523
				21..21 41
					5..16 83
						5..17 96
							2012
								4233
								4274
									4729 ?
										4762 ?
							2013
								3490
								3540
									4356 ?
							2014
								3816
							2015
								4022 ?
							2016
							2017
							2018
							2019
							2020
								4451 ?
							2021
							2022
							2023
							2024
							2025
							2026
								4359
							2027
								3370 ?
							2028
							2029
							2030
							2031
							2032
						1750
							3632 ?
						1751
						1752
							3909 ?
							4141
						1753
						1754
						1755
							3842 ?
						1756
						1757
						1758
						1759
							3815 ?
								3938 ?
									4882 ?
						1760
						1761
						1762
						1763
						1764
						1765
							4619 ?
						1766
						1767
							3650
						1768
							3225
							3682
							4901 ?
						1769
							3897
					6..8 142
						2969
						2970
						2971
						2972
						2973
							3670 ?
						2974
						2975
						2976
							4275
						2977
							4940
						2978
						2979
							4015 ?
						2980
							4999 ?
						2981
							3869
							4221 ?
						2982
						2983
							3873
							4245
						2984
						2985
							4278 ?
						2986
						2987
							3787 ?
						2988
						2989
						4186
					909
					910
						4341 ?
					911
						3214 ?
							4042 ?
					912
						3969
					913
					914
						4577
					915
						3635
							3687 ?
					916
					917
					918
					919
					920
						4319
					921
						3200 ?
					922
					923
					924
					925
					926
					927
				1..3 87
					0..20 88
						19..21 145
							3032
							3033
							3034
							3035
							3036
							3037
								3774
									4197
										4987 ?
								4454 ?
							3038
								3404
							3039
							3040
							3041
							3042
							3043
								3974
							3044
							3045
							3046
								4898
							3047
							3048
							3049
							3050
							3051
								4784
							3052
						1853
						1854
						1855
						1856
						1857
							3509
							3702
								4736
							4052
						1858
						1859
							4056 ?
						1860
						1861
						1862
						1863
						1864
						1865
							3840 ?
								4180 ?
						1866
						1867
						1868
							4566
						1869
							4073 ?
						1870
						1871
						1872
						3443
					1833
					1834
					1835
					1836
						4840
					1837
						4880 ?
					1838
						4626 ?
					1839
					1840
					1841
					1842
					1843
					1844
						4240
					1845
					1846
					1847
					1848
					1849
						3416 ?
					1850
					1851
					1852
						3373 ?
					3320
				201
				202
					4030
				203
				204
				205
				206
				207
					3803 ?
						4474
				208
					3339 ?
						4427 ?
					3491 ?
				209
					3394
				210
				211
				212
					3506
				213
					3665
					3831 ?
					4317
				214
				215
			5..17 6
				3..23 22
					13..17 45
						1..4 70
							7..8 106
								2..20 144
									3011
									3012
									3013
									3014
										3203 ?
										3288
											3542 ?
											4701
												4760 ?
									3015
										4362 ?
									3016
										3510
									3017
									3018
									3019
									3020
										3217 ?
									3021
									3022
									3023
									3024
										3535 ?
											4883 ?
									3025
										3361 ?
									3026
									3027
									3028
									3029
										3960 ?
										4314
									3030
									3031
										3521
								2218
								2219
									3777
								2220
								2221
									3281
								2222
								2223
								2224
								2225
								2226
									4595
										4658
								2227
									3882
										4012 ?
								2228
								2229
								2230
									3590 ?
								2231
									3359 ?
								2232
								2233
									4061 ?
									4377 ?
								2234
								2235
									4521
								2236
									4053 ?
									4154 ?
								2237
								3241
							4..17 107
								9..19 124
									2591
									2592
									2593
										3925
											4239
									2594
										4209
											4988
									2595
									2596
										4518 ?
									2597
									2598
										4021
									2599
										4167
									2600
										4482 ?
									2601
									2602
									2603
									2604
									2605
										3258
											4407 ?
											4772 ?
										3262
									2606
										4445
									2607
									2608
										3374
									2609
										3264
											4757 ?
										3811
									2610
										4507
									2611
								2238
								2239
									3928 ?
								2240
								2241
								2242
									3824 ?
								2243
								2244
									3511 ?
										4431
								2245
								2246
									3447 ?
									3606
									4312
								2247
								2248
								2249
									4683
										4877
										4926 ?
								2250
									4325
									4464 ?
								2251
									4046
									4086
									4514 ?
									4925
								2252
								2253
								2254
								2255
								2256
								2257
							1488
							1489
								3551
								4811 ?
							1490
								3475
							1491
							1492
								3305
							1493
								3732
							1494
								4538 ?
							1495
							1496
							1497
								3571
							1498
							1499
							1500
							1501
								3802
							1502
							1503
							1504
							1505
							1506
						989
						990
						991
						992
						993
							3715
							4123
						994
						995
						996
						997
						998
						999
						1000
						1001
						1002
							3906
						1003
						1004
							3429
						1005
							4892 ?
						1006
							3553
								4738 ?
						1007
						1008
					529
					530
					531
						4949
					532
					533
					534
						4610
						4692 ?
					535
						4261
					536
					537
					538
					539
					540
					541
						4965 ?
					542
						4430
					543
					544
						3251
					545
					546
					547
					548
						3388
					3877
					4040
				3..20 74
					7..10 136
						2843
							3278 ?
								4805
							4147 ?
						2844
						2845
						2846
						2847
						2848
							4835
						2849
							3770 ?
							4235 ?
						2850
						2851
						2852
						2853
							3720 ?
						2854
						2855
						2856
							4628 ?
						2857
							4308 ?
						2858
						2859
						2860
						2861
						2862
						2863
						3582
						4291
					1569
						4770
					1570
					1571
					1572
						4693 ?
					1573
					1574
					1575
					1576
						4719 ?
					1577
						4601 ?
					1578
					1579
					1580
						3902
						4189
						4915 ?
					1581
						4136 ?
							4961
					1582
						4825 ?
					1583
					1584
					1585
					1586
						4139
					1587
					1588
				8..20 77
					2..7 148
						3095
						3096
							3372
								3630
									3991
						3097
						3098
						3099
							3744 ?
							3851 ?
								4992 ?
						3100
							4192 ?
						3101
							3691 ?
							3843
						3102
							4164
						3103
						3104
							3485
								4441
							4764
							4812
						3105
							3353
							3726 ?
						3106
						3107
							3328
						3108
						3109
							4946
						3110
						3111
							3859 ?
						3112
							4575 ?
						3113
							4713
						3114
							3999 ?
							4824
						3115
					1629
					1630
						3578 ?
					1631
					1632
						3446 ?
					1633
					1634
					1635
					1636
					1637
					1638
					1639
					1640
					1641
					1642
						4562 ?
					1643
						4299 ?
					1644
					1645
						4283 ?
							4957
					1646
						3222
						3884 ?
					1647
					1648
				10..18 105
					4..7 125
						2612
							3826
						2613
						2614
						2615
						2616
							4392 ?
						2617
							4511
						2618
						2619
						2620
						2621
						2622
							3758
								4017
							4564
						2623
						2624
						2625
						2626
						2627
						2628
						2629
							3435
							3483 ?
						2630
						2631
						2632
					2198
					2199
					2200
					2201
					2202
						3771 ?
					2203
						4271
							4400
						4335
						4871
					2204
					2205
					2206
					2207
						4066 ?
					2208
						3298
					2209
					2210
					2211
						3556
							4750 ?
					2212
						4700
					2213
					2214
					2215
					2216
					2217
				12..16 130
					2717
					2718
					2719
					2720
					2721
						3779
					2722
					2723
					2724
					2725
					2726
					2727
					2728
						4542
					2729
					2730
					2731
					2732
						3880
					2733
						3763
						3827 ?
						4062
							4923 ?
					2734
					2735
					2736
					2737
				235
				236
					4227
				237
				238
				239
				240
				241
					4267 ?
					4865
				242
					3612 ?
				243
				244
					4921 ?
				245
				246
				247
				248
				249
				250
				4248
			2..22 10
				8..13 24
					570
					571
						3390
							4985
					572
					573
					574
					575
						4236
					576
						4212
							4436
							4800 ?
					577
						3740
					578
					579
						3719
					580
					581
						3917 ?
					582
						3839
						4004
					583
					584
					585
						3168 ?
							4447
						3633 ?
					586
					587
					588
					589
						3684 ?
					590
				16..18 38
					847
					848
						3710 ?
							4442 ?
						4188
					849
					850
						3169 ?
							4337 ?
					851
						3941
							4661
					852
						4087
					853
					854
					855
						3513 ?
					856
					857
					858
					859
					860
					861
					862
					863
						4500
					864
					865
					866
						3209
					867
					3559
				14..14 51
					4..8 80
						3..10 99
							2074
							2075
							2076
							2077
								4257 ?
							2078
							2079
								3268 ?
									3608 ?
								3591
									4346 ?
										4861 ?
								4846 ?
							2080
							2081
							2082
								3295 ?
							2083
							2084
								3265 ?
							2085
								3730 ?
									4161 ?
							2086
							2087
							2088
							2089
							2090
							2091
							2092
							2093
							2094
								3642
									3648
									4129 ?
							4041
						1691
						1692
						1693
							4748 ?
						1694
						1695
						1696
						1697
						1698
						1699
							3638
						1700
						1701
							3712
						1702
						1703
						1704
						1705
						1706
						1707
							4025 ?
						1708
						1709
						1710
						3765
					13..22 81
						10..16 91
							13..17 108
								2258
									3289 ?
										3718
									4263
								2259
								2260
									4838 ?
								2261
									3611
									4642
								2262
									3303 ?
									3975
								2263
								2264
									3943 ?
								2265
								2266
								2267
									4110 ?
								2268
									3985 ?
								2269
									3557
										4688 ?
											4787
									4501 ?
								2270
									3647 ?
										3683 ?
											4093
									4423 ?
								2271
								2272
								2273
								2274
									4363
								2275
									3585
										3921
											4751 ?
										4425 ?
									3964
										4007 ?
								2276
									3536 ?
										3598
								2277
								2278
							1915
								3747
							1916
							1917
							1918
								3432
							1919
							1920
								4747 ?
							1921
							1922
								3933
							1923
							1924
							1925
							1926
								4583
							1927
							1928
								4020 ?
								4852
							1929
								4962 ?
									4986
							1930
							1931
							1932
							1933
							1934
						1711
							3194
							4573
							4785
						1712
							3313
							3808 ?
						1713
							3402 ?
						1714
						1715
							3420
						1716
							3167 ?
						1717
						1718
						1719
						1720
						1721
						1722
						1723
						1724
						1725
						1726
							4117
						1727
							4412
						1728
							4517
							4889
						1729
							4434
						1730
						3382
						4243
					8..15 117
						2445
							3624 ?
						2446
						2447
							4707 ?
						2448
						2449
						2450
						2451
						2452
						2453
							3586
								3800
						2454
							3366
						2455
							4035 ?
						2456
							4813 ?
								4864 ?
						2457
							3828 ?
							3940
						2458
							3255 ?
								4553 ?
						2459
						2460
						2461
						2462
							4382 ?
								4778
						2463
						2464
							3477 ?
						2465
					1103
					1104
					1105
					1106
					1107
					1108
					1109
					1110
					1111
					1112
					1113
					1114
					1115
						3504 ?
					1116
					1117
						3952 ?
					1118
					1119
						4548 ?
					1120
						4641 ?
				5..12 64
					0..7 79
						1670
						1671
						1672
						1673
						1674
						1675
						1676
							3474 ?
						1677
						1678
						1679
							3660
								4878 ?
						1680
							3876 ?
						1681
						1682
							3508
						1683
							4664 ?
						1684
							4301
						1685
							3905 ?
						1686
							3950 ?
						1687
						1688
							4072 ?
						1689
						1690
					9..22 114
						2382
						2383
						2384
							4428
						2385
						2386
						2387
							3967 ?
						2388
							3541
								4340 ?
						2389
							3192 ?
							3875 ?
						2390
						2391
						2392
						2393
						2394
						2395
						2396
						2397
						2398
						2399
							4304
						2400
							3576 ?
						2401
							4372
						2402
						3939
					1368
					1369
						3327
						4353
						4554
					1370
					1371
					1372
						4906
					1373
						3218
							3688 ?
							3929 ?
					1374
					1375
						4788
						4928 ?
					1376
					1377
						3694 ?
					1378
					1379
					1380
						3907 ?
					1381
						3242 ?
							3628 ?
						3799 ?
					1382
						3271 ?
					1383
						4696
					1384
					1385
					1386
						3410
							4010
								4176 ?
					4006
				7..15 73
					9..13 75
						10..20 82
							14..17 95
								5..8 116
									2424
										4875
									2425
									2426
									2427
									2428
										4487 ?
									2429
									2430
									2431
									2432
										3785 ?
										4766
									2433
									2434
										3462 ?
											4616 ?
									2435
										3995
									2436
										3845 ?
											5000
									2437
										3350
									2438
									2439
									2440
									2441
									2442
										3609
											4959
									2443
									2444
								12..17 127
									2654
										3766
											4955 ?
									2655
									2656
										4793 ?
									2657
										3701
											4863 ?
									2658
										4225
									2659
										3492
									2660
										3460
											4744
										4104 ?
									2661
										3335
										3561 ?
											4165
												4330 ?
													4411
									2662
									2663
									2664
									2665
									2666
										4252 ?
									2667
										3672
									2668
									2669
									2670
									2671
										3733
											4631 ?
									2672
									2673
									2674
								6..15 138
									2885
									2886
									2887
									2888
									2889
										3426
									2890
										4895 ?
									2891
										4699
									2892
									2893
									2894
									2895
									2896
									2897
									2898
									2899
									2900
									2901
									2902
										3625 ?
										3937 ?
									2903
										3834
									2904
									2905
								1994
								1995
								1996
									3292
										4457
									3493 ?
										4556 ?
								1997
									4657 ?
								1998
									3478 ?
									3721 ?
									4449 ?
								1999
								2000
									3548 ?
										4404
								2001
								2002
								2003
								2004
									3911
								2005
								2006
									4170
								2007
									4520
								2008
								2009
								2010
								2011
									3566 ?
										4984 ?
									4307 ?
								3190
							0..6 109
								2279
								2280
									4347 ?
								2281
									3584
										3886
								2282
									3302 ?
								2283
								2284
									3640
									3772
								2285
								2286
									4975
								2287
									3480
								2288
								2289
									4546 ?
								2290
								2291
									4590
								2292
								2293
									4459
								2294
								2295
								2296
								2297
								2298
								2299
								4991
							1731
								4995 ?
							1732
							1733
							1734
							1735
							1736
							1737
							1738
							1739
								4395
									4555
							1740
								3751 ?
							1741
								4826
							1742
							1743
							1744
							1745
								4311
									4352
							1746
							1747
								3754
							1748
							1749
						9..10 86
							1812
							1813
							1814
							1815
							1816
								3330 ?
							1817
								3473
									3580 ?
									3858
							1818
								4224 ?
							1819
								3198 ?
								4439
									4737
							1820
							1821
							1822
							1823
								3424
							1824
							1825
								4163 ?
							1826
							1827
								3789
								3809
									4262 ?
							1828
								3235
							1829
							1830
								3895
									4389 ?
									4671
							1831
							1832
						1589
						1590
						1591
						1592
						1593
						1594
							3743 ?
						1595
							4068
						1596
						1597
							4440
						1598
						1599
							3318
							3621 ?
								3885
						1600
						1601
							3750 ?
						1602
							4281 ?
						1603
							3570 ?
								4273
							4085 ?
						1604
							4146 ?
						1605
						1606
							3379 ?
							3581
								3644
									4550
								4214
								4611 ?
						1607
					1549
					1550
					1551
					1552
					1553
						3307 ?
						3978
					1554
						4376 ?
					1555
					1556
					1557
					1558
						3465 ?
							4505 ?
							4716
					1559
					1560
						4450
					1561
						4665 ?
							4859
					1562
					1563
					1564
						4408 ?
					1565
					1566
					1567
					1568
				305
				306
					3942 ?
						4183
				307
					3234
					4266 ?
				308
				309
				310
				311
					4950
				312
				313
				314
				315
				316
				317
				318
					3498
						4799
				319
					4305 ?
				320
					4929
				4968
			1..17 31
				11..14 55
					1182
						3201
						3716 ?
					1183
						3276 ?
							3958 ?
					1184
						3417
							4047
						4218
					1185
					1186
					1187
					1188
					1189
					1190
					1191
					1192
					1193
						4833
					1194
					1195
					1196
						3228 ?
							4613
					1197
					1198
						3165
						3761
					1199
					1200
					1201
					1202
				2..12 132
					2759
						4832
					2760
						3524 ?
					2761
					2762
						3162 ?
					2763
						3403
					2764
						4938 ?
					2765
					2766
					2767
					2768
					2769
					2770
						3968 ?
					2771
						3739
							4615
					2772
					2773
					2774
					2775
					2776
					2777
					2778
					2779
						3970 ?
					4510
				711
				712
					3664 ?
						4418
				713
					4823 ?
				714
					3762 ?
				715
					4532 ?
				716
				717
					4465 ?
				718
				719
					3846 ?
				720
				721
					3229 ?
				722
					4602 ?
					4704 ?
				723
				724
				725
				726
				727
					4009
					4208 ?
				728
					4935 ?
				729
			7..17 49
				13..13 85
					1791
						3237 ?
					1792
						4486
						4703 ?
					1793
					1794
					1795
					1796
						4466
					1797
					1798
					1799
					1800
						3334 ?
							4515 ?
								4888
					1801
						4767
						4910 ?
					1802
					1803
					1804
						3757
						4107 ?
					1805
						3385 ?
							4629
					1806
					1807
					1808
						4150
						4572
					1809
					1810
					1811
						4003
						4544
							4624
				15..16 102
					2137
					2138
					2139
					2140
						4475 ?
					2141
					2142
					2143
						3965
							4545 ?
					2144
					2145
					2146
						4157 ?
					2147
						3532 ?
						3861
					2148
					2149
					2150
						3583
						4592
					2151
					2152
					2153
						3389
					2154
					2155
						3171 ?
							4156 ?
							4816 ?
					2156
					2157
				9..13 104
					1..1 131
						2738
						2739
							3356
								4904 ?
						2740
						2741
						2742
							3365
						2743
							3212
							4801
						2744
							4494 ?
						2745
						2746
							3486
								3620 ?
									3645 ?
									4990
						2747
						2748
						2749
						2750
							4339 ?
						2751
						2752
						2753
						2754
							4329 ?
						2755
							3439 ?
						2756
						2757
							4349 ?
						2758
							4182 ?
					2178
						4970
					2179
						3257
							4246 ?
							4724 ?
					2180
					2181
						3537
						4648 ?
							4650
					2182
					2183
						3555
					2184
					2185
						4969 ?
					2186
					2187
					2188
					2189
					2190
						4790 ?
					2191
					2192
						3872 ?
						4513
					2193
					2194
					2195
						3544 ?
					2196
					2197
				1066
					3323
						4549 ?
				1067
				1068
				1069
				1070
				1071
					4565
				1072
				1073
				1074
				1075
					4322
				1076
				1077
					4098 ?
					4670
				1078
					4394 ?
				1079
					4045
				1080
					3936
				1081
					3708 ?
					4019
				1082
				1083
				3344
				4357
			185
			186
			187
				3240
					3400
			188
			189
				4488
			190
				3669 ?
				4589
			191
				4726 ?
			192
				3448 ?
					4244
					4463 ?
			193
			194
				3977
					4293 ?
						4730
			195
				4462
				4581 ?
			196
			197
				4810 ?
			198
				3589
			199
			200
				4847
			3364
				4034 ?
		1..21 8
			1..20 12
				22..23 23
					549
					550
					551
						3185
							3651 ?
					552
						3290 ?
					553
						3287 ?
							3738
					554
					555
					556
					557
						3768
					558
					559
						3254
						4039 ?
					560
						3358 ?
						4220 ?
					561
						4215 ?
					562
						4031 ?
					563
					564
					565
					566
					567
					568
					569
					3469
					4079
				4..6 33
					16..20 42
						1..7 122
							2549
							2550
							2551
							2552
							2553
							2554
								3564 ?
									3675
							2555
							2556
								3487 ?
								4954 ?
							2557
								3216
							2558
							2559
								4941 ?
							2560
								4222 ?
							2561
							2562
								3662 ?
							2563
								3362
									4181
							2564
								4694 ?
							2565
								4608
							2566
							2567
							2568
							2569
							3992
						928
							3643 ?
							3863 ?
							4297 ?
							4409 ?
						929
							3516
						930
						931
							4584 ?
								4808
						932
						933
							4268
						934
						935
						936
						937
						938
							4432
						939
						940
						941
						942
							3383
						943
						944
						945
							3634
								4383 ?
						946
						947
							3987 ?
						4740
					18..19 44
						968
						969
						970
							3853
						971
						972
						973
							3833 ?
							3923 ?
								4667
						974
							3371 ?
							4084
						975
						976
						977
							3656
						978
						979
							4874
						980
							4414 ?
						981
						982
						983
							3425 ?
						984
						985
						986
							3545
								4761
						987
							3697
							4422
							4890
						988
						4121
					21..21 61
						1307
						1308
						1309
						1310
						1311
						1312
							3637
						1313
							4375 ?
						1314
						1315
						1316
						1317
						1318
						1319
							4185
						1320
						1321
							4396 ?
						1322
						1323
							3245
							3658
						1324
							4508
						1325
						1326
							3714
						1327
					8..10 84
						1770
						1771
							4725
						1772
						1773
							3699
							4272
						1774
						1775
						1776
							4138
							4242 ?
						1777
						1778
							3337 ?
						1779
							3166 ?
							4506
								4839
						1780
							4055
							4978 ?
						1781
							4635
							4891
						1782
						1783
						1784
						1785
						1786
						1787
						1788
							4119
								4200 ?
						1789
						1790
							4732 ?
					751
						3862 ?
					752
					753
						4894 ?
					754
					755
					756
						3674
					757
						3326
					758
					759
					760
						3515
							4437 ?
							4956
					761
						3347
					762
					763
						4920 ?
					764
						4795
					765
						4091
							4733
					766
						3709 ?
							4369 ?
								4646 ?
					767
				338
					3183
						3503 ?
				339
				340
					3588
						4155 ?
				341
				342
				343
					4490
				344
				345
				346
				347
					3341
						4491 ?
				348
				349
				350
				351
					3413 ?
					4804
				352
					4162 ?
					4468
					4933 ?
				353
				354
				355
					4576 ?
				356
			1..1 18
				448
					3224
						3595
						3796
						4695
					3352
					4936
				449
				450
				451
				452
				453
					3972
				454
					4684 ?
				455
					3518
					3533 ?
					3810 ?
				456
				457
					3724 ?
					4355
				458
					3227
				459
				460
				461
					3903
				462
				463
				464
				465
					4135
						4528 ?
					4484
						4966
				466
				467
				468
			7..14 35
				5..15 46
					0..3 57
						1223
							3502 ?
								4900
						1224
							4543 ?
						1225
						1226
							3248 ?
						1227
						1228
						1229
						1230
							3272 ?
								3312 ?
								4945 ?
							3280
						1231
						1232
							3315 ?
								3700
								3867
								4614
						1233
						1234
						1235
						1236
						1237
							4231
						1238
							4306 ?
								4402
						1239
						1240
						1241
						1242
						1243
					1009
						3309 ?
							4140 ?
						4821 ?
					1010
						3449 ?
					1011
						3574 ?
						3979 ?
							4604 ?
					1012
					1013
					1014
					1015
					1016
					1017
					1018
					1019
					1020
						3781
					1021
					1022
						3434
					1023
						4149 ?
					1024
					1025
					1026
					1027
						3428
					1028
				8..21 54
					1..13 115
						2403
							3641
							4908 ?
						2404
						2405
						2406
						2407
						2408
						2409
						2410
							3293 ?
						2411
						2412
						2413
						2414
						2415
						2416
							3887
								4526
						2417
						2418
						2419
							3458
								4829
						2420
						2421
						2422
							3764 ?
						2423
						3466
					1162
					1163
						4803
					1164
					1165
					1166
					1167
					1168
						4172 ?
					1169
					1170
					1171
						3666
							4406
					1172
						4578 ?
					1173
						4471 ?
					1174
					1175
						3459
					1176
					1177
						4943 ?
					1178
					1179
					1180
					1181
				16..20 65
					4..21 141
						2948
						2949
						2950
						2951
						2952
						2953
						2954
						2955
						2956
						2957
							3626
							4318
						2958
						2959
							3652 ?
						2960
						2961
							4199
						2962
							4100
						2963
						2964
							4089
							4438
						2965
						2966
							3182 ?
								3677 ?
						2967
							3256
								4609 ?
						2968
							4398
					1387
					1388
					1389
					1390
					1391
						4226 ?
						4580 ?
						4607 ?
					1392
					1393
					1394
						4294 ?
					1395
						4175
					1396
					1397
						3414
						3549
							3619 ?
							4504
							4663
						4820
					1398
						3681 ?
							3814 ?
						4063
					1399
					1400
						3725
						4679 ?
					1401
					1402
					1403
					1404
						4145 ?
					1405
					1406
				0..3 67
					0..21 71
						1507
						1508
						1509
						1510
							4127
								4691 ?
						1511
						1512
						1513
						1514
							3205 ?
								4153 ?
						1515
						1516
						1517
							4001
						1518
							4099 ?
						1519
							3351
						1520
						1521
							3197 ?
								4827 ?
						1522
							3649 ?
								4662 ?
								4786 ?
							4678 ?
						1523
						1524
							3159
						1525
						1526
						1527
						3997
					1428
					1429
					1430
					1431
					1432
					1433
					1434
					1435
					1436
					1437
					1438
					1439
					1440
						3603
					1441
					1442
					1443
					1444
						3393
					1445
					1446
						4036
					1447
						3980
					4844
				789
				790
				791
					4169 ?
				792
				793
				794
					3161
				795
				796
				797
					4134
				798
				799
				800
				801
				802
				803
					4524 ?
					4579
				804
				805
				3792
				4367
					4426 ?
				4405
			17..18 48
				6..16 62
					3..15 139
						2906
							4850
						2907
						2908
							4623 ?
								4717
						2909
						2910
						2911
						2912
						2913
							4993 ?
						2914
							3419
								4831
						2915
							4254 ?
						2916
							4960
						2917
						2918
							3522 ?
							3614 ?
								4869 ?
						2919
						2920
						2921
						2922
						2923
						2924
						2925
						2926
							3495 ?
						3172
							4689
						3653
							4563 ?
						3949
					1328
					1329
						3512
						4870
					1330
						3482 ?
					1331
					1332
					1333
					1334
						4680
						4780 ?
						4886 ?
					1335
					1336
					1337
					1338
					1339
						4258 ?
					1340
						4327
							4974 ?
					1341
						3233 ?
							3263 ?
								4413
						3661 ?
					1342
					1343
						3874 ?
							4280 ?
					1344
					1345
					1346
					1347
					3398
				13..19 100
					2095
					2096
					2097
						3220 ?
							4371 ?
					2098
						3901 ?
						4108 ?
							4557 ?
					2099
					2100
					2101
						4204
					2102
					2103
						4238
					2104
					2105
						3440
							4672 ?
					2106
						3306
							3592 ?
					2107
						3442
						3898 ?
					2108
					2109
					2110
						4298
							4677 ?
					2111
					2112
					2113
					2114
					2115
						3623 ?
							3723 ?
						4365 ?
							4902 ?
							4977
				19..21 147
					3074
						3790 ?
							4058 ?
							4287 ?
					3075
					3076
						4074
					3077
						4336
							4792 ?
						4585
						4830 ?
					3078
					3079
					3080
					3081
						3755
					3082
						3188
					3083
					3084
						3476 ?
					3085
					3086
					3087
						4660 ?
						4931
					3088
					3089
					3090
						4907
					3091
					3092
					3093
						3837 ?
							4002 ?
					3094
				1048
				1049
				1050
				1051
					3195 ?
				1052
				1053
					4114 ?
				1054
				1055
					3736 ?
				1056
					3396 ?
						3973 ?
				1057
					3871
					4939 ?
				1058
				1059
				1060
					4125 ?
				1061
				1062
					3193
					4065 ?
				1063
				1064
				1065
			267
			268
				4742
			269
			270
			271
			272
				4643 ?
			273
			274
				3481 ?
					4944
			275
				4237 ?
			276
				3920 ?
			277
			278
				4802
			279
			280
			281
				4571 ?
			282
			283
				4773
			3605
				4207
		14..14 11
			12..12 14
				7..20 28
					6..8 37
						826
						827
						828
						829
						830
						831
						832
						833
							4350
								4424
						834
							3418
						835
						836
							4644
						837
							4964 ?
						838
						839
						840
						841
						842
						843
							3695 ?
								4746 ?
						844
						845
						846
							3696 ?
					1..9 59
						1265
						1266
						1267
						1268
							3622 ?
						1269
						1270
						1271
							4731 ?
								4752 ?
						1272
							3944
							4927
						1273
							3947
								4539 ?
								4552
						1274
						1275
							4480 ?
						1276
						1277
						1278
						1279
						1280
						1281
						1282
						1283
						1284
							4348
						1285
						3601
					653
					654
						3392 ?
					655
					656
					657
					658
						3456 ?
					659
					660
					661
						4791 ?
					662
						4118 ?
					663
					664
						3367
					665
					666
					667
					668
					669
					670
					671
					4560
					4972
				17..18 30
					16..21 58
						1244
						1245
						1246
						1247
						1248
							3971 ?
						1249
							4160
						1250
							4166 ?
						1251
						1252
						1253
						1254
						1255
							3746
								4326
							4876 ?
						1256
						1257
						1258
						1259
							4000
						1260
						1261
							3223
								3759 ?
						1262
						1263
						1264
							4078
					691
						4621 ?
					692
					693
					694
					695
					696
						4316
						4709
					697
					698
					699
					700
					701
						4455
						4458 ?
					702
						4721
					703
					704
						3798 ?
					705
					706
					707
						4887
					708
					709
					710
						4845
				14..20 52
					5..22 128
						2675
							3597
								4668
							4342
						2676
						2677
						2678
						2679
						2680
							4605
						2681
						2682
						2683
							3210
								3727 ?
								3801
						2684
							4519 ?
						2685
						2686
						2687
						2688
						2689
							3646
						2690
						2691
						2692
						2693
						2694
							3812 ?
						2695
						3239
							4064 ?
					1121
						3934 ?
						4008
							4687 ?
							4899 ?
						4472
					1122
						3375 ?
					1123
					1124
					1125
						4723 ?
					1126
					1127
						4148 ?
						4385
					1128
					1129
					1130
					1131
					1132
						4381 ?
					1133
						3178 ?
					1134
					1135
					1136
					1137
					1138
						4843 ?
					1139
						3179
					1140
						4858
				11..16 146
					3053
					3054
					3055
					3056
					3057
					3058
						4096
					3059
					3060
					3061
						3436
					3062
					3063
					3064
					3065
					3066
						4159 ?
					3067
						3158
							3275
								4758
						3663 ?
							4586 ?
					3068
					3069
						3546 ?
					3070
					3071
					3072
						4741
					3073
				376
					3745 ?
				377
				378
				379
				380
				381
				382
					4476
				383
					4097 ?
				384
				385
				386
					3187
						3325 ?
				387
					3249
				388
				389
				390
				391
				392
			0..1 17
				4..6 40
					6..15 98
						18..22 103
							1..18 149
								3116
								3117
									4083 ?
									4289
								3118
								3119
								3120
									4286 ?
										4937
								3121
									4014 ?
										4429
								3122
								3123
								3124
								3125
									3484
								3126
								3127
									4854
								3128
								3129
								3130
								3131
								3132
								3133
								3134
								3135
									3841 ?
								3136
							2158
								3377 ?
								3558
									4094
							2159
							2160
								3380
							2161
							2162
								3618 ?
							2163
								4568
								4948
							2164
							2165
								4705
							2166
							2167
								4018
							2168
							2169
							2170
								4334 ?
							2171
								3850
									4130
								4483 ?
							2172
							2173
							2174
							2175
								3922 ?
							2176
								4851 ?
							2177
							3530
								4743
						2054
							3692 ?
						2055
							3870 ?
						2056
						2057
						2058
						2059
						2060
							3594 ?
							3896 ?
						2061
							4734 ?
						2062
						2063
							4364
						2064
							4479 ?
						2065
							3296 ?
							3520
						2066
							3832 ?
								3955 ?
								4768
						2067
						2068
						2069
						2070
						2071
						2072
						2073
					889
					890
						3562 ?
							4853 ?
					891
						3795 ?
					892
					893
					894
						4798 ?
					895
						4781
					896
					897
						3904 ?
					898
					899
					900
					901
					902
					903
					904
					905
						3175 ?
						4502 ?
						4837 ?
					906
						3791
						4722
					907
						3830
							4879
						4343 ?
					908
				428
					3354 ?
					4674 ?
				429
					4128 ?
				430
				431
					3680 ?
				432
				433
				434
				435
				436
				437
					4421 ?
				438
				439
					3310 ?
				440
				441
					3713
					4911
				442
				443
				444
				445
				446
				447
					3507 ?
				3467
			4..8 97
				2033
				2034
					4106 ?
				2035
					3340
					4497
				2036
					4095 ?
					4177
				2037
				2038
				2039
				2040
					4789
				2041
					3455 ?
				2042
				2043
				2044
					4143
				2045
					4201 ?
					4302
				2046
					4029
				2047
				2048
					3231
				2049
					4300 ?
				2050
					3990 ?
					4982
				2051
					3856 ?
				2052
				2053
			2..16 112
				2..8 120
					0..22 135
						2822
						2823
							4777
						2824
							3773 ?
						2825
							3399 ?
						2826
						2827
						2828
							3163
						2829
						2830
						2831
						2832
						2833
						2834
							3914
						2835
							3912
							3932 ?
						2836
							3331
								3360
								3852
						2837
						2838
							3408 ?
								4848
						2839
						2840
						2841
						2842
							4534
						4260
					2508
					2509
						3560
						3731
					2510
						4632 ?
					2511
					2512
						3332 ?
					2513
					2514
					2515
					2516
						3494 ?
						4387
					2517
					2518
						3671
						4358
					2519
						4217
					2520
					2521
						3668
					2522
						4013 ?
					2523
						4213
					2524
					2525
						3451 ?
					2526
					2527
						4296
					3349
				2341
					3913 ?
					4540 ?
				2342
				2343
					4264 ?
					4598
					4702 ?
				2344
				2345
				2346
					4251 ?
				2347
				2348
				2349
					4980
				2350
					3793 ?
					3994 ?
				2351
				2352
				2353
					3250
					4303 ?
					4492 ?
				2354
				2355
				2356
				2357
				2358
				2359
				2360
				3563
					3847
			321
			322
				3308 ?
			323
			324
				3539 ?
					3910 ?
						3981
						4380
			325
				4223
			326
			327
			328
				3433
					4918 ?
				4917
			329
			330
			331
			332
				4284
					4536 ?
			333
				3822 ?
			334
			335
			336
				3260
				3423
				3748 ?
			337
		151
			3951 ?
		152
		153
		154
		155
			4807
		156
		157
		158
			3823
		159
		160
			4834
		161
		162
		163
			4558
		164
			4384
		165
		166
		167
			4547
		168
			3948 ?
			4947 ?
		3211
	7..10 2 ?
		0..20 13
			4..22 15
				9..12 21
					508
						3294 ?
							3881
								4478
						3317
							4206
						3602 ?
						4338
					509
					510
					511
					512
					513
						4909
					514
						4202
					515
					516
						4037 ?
							4647 ?
					517
					518
					519
						3760 ?
							3908 ?
								4819 ?
					520
					521
					522
						3983 ?
							4403 ?
					523
					524
					525
					526
						4193 ?
							4323
					527
					528
				19..19 32
					730
					731
						3319 ?
						4617
					732
						3519 ?
					733
					734
					735
					736
						4151
					737
					738
						3500 ?
					739
					740
					741
						3438 ?
							4728
					742
					743
						4210 ?
					744
					745
					746
						3742
							4032 ?
						4354 ?
					747
					748
						4250 ?
					749
						3547 ?
					750
				15..18 121
					2528
						4401
					2529
					2530
						3959
					2531
						3655 ?
					2532
					2533
						3407 ?
					2534
					2535
					2536
					2537
						3208 ?
					2538
					2539
					2540
						4171
					2541
					2542
					2543
					2544
					2545
						3269
						4893
					2546
						3206
						4205 ?
					2547
					2548
					3348
				1..17 143
					2990
					2991
					2992
						3946
					2993
						4645
						4776 ?
					2994
						3527 ?
						3865
							4682
							4897
						4228
					2995
					2996
						3252
					2997
						3678 ?
						3821
							3962
					2998
					2999
						3164 ?
						4912
					3000
					3001
						3202
					3002
					3003
					3004
					3005
						3550
						4499
					3006
					3007
					3008
					3009
					3010
				393
				394
				395
					4024
						4673
				396
				397
				398
				399
				400
				401
					4122 ?
				402
					4533
				403
				404
				405
				406
				407
				408
				409
					3919 ?
					4916 ?
				3888
					4953 ?
			0..3 39
				868
				869
					4184
				870
				871
				872
					3717
				873
					4370 ?
				874
				875
					4710 ?
						4783 ?
				876
				877
				878
				879
				880
					3489
						3689
						4606
				881
					4033 ?
				882
					4044
					4092
					4144 ?
						4527 ?
					4932
				883
				884
				885
					4256
				886
					4627 ?
				887
				888
					3711
					4599 ?
			357
			358
				4797 ?
			359
			360
			361
			362
			363
				3496 ?
			364
				4775
				4989 ?
			365
			366
			367
			368
				3368 ?
					4634 ?
					4685 ?
			369
			370
			371
			372
			373
			374
			375
		7..8 27
			13..14 78
				1649
					4522 ?
				1650
				1651
				1652
					4653
				1653
					4469
				1654
					3579
				1655
				1656
				1657
				1658
				1659
				1660
				1661
					3261
				1662
				1663
				1664
				1665
				1666
				1667
				1668
				1669
				3199
				3304
					4027 ?
				4345
			633
			634
			635
			636
			637
				3659 ?
			638
			639
			640
			641
			642
				3346
					4115 ?
			643
			644
			645
			646
			647
			648
			649
			650
			651
				3412 ?
			652
				4525
					4822
			4196
		1..14 72
			1528
			1529
			1530
				4105 ?
				4373 ?
				4512 ?
			1531
			1532
				3780
			1533
			1534
				4930 ?
			1535
			1536
			1537
			1538
			1539
			1540
			1541
			1542
			1543
			1544
				4477 ?
			1545
			1546
			1547
			1548
				4109 ?
		8..13 89
			1873
			1874
				4112 ?
			1875
			1876
			1877
			1878
			1879
				4090 ?
			1880
			1881
			1882
			1883
			1884
			1885
			1886
				3788
			1887
			1888
			1889
				3703 ?
				4591
			1890
			1891
			1892
			1893
			4131
				4194 ?
		0..20 137
			2864
			2865
			2866
			2867
				3531 ?
					4452 ?
			2868
				4666
			2869
				4596
			2870
				3667 ?
					4958
			2871
				3422
			2872
			2873
			2874
			2875
			2876
			2877
			2878
				4913
			2879
			2880
			2881
			2882
				3221
					4158 ?
				4625 ?
			2883
			2884
			3617
		169
		170
			3270 ?
		171
		172
		173
			3989
			4636
		174
		175
		176
		177
		178
		179
		180
			3573 ?
			4313
		181
		182
		183
		184
			3336 ?
			3889
	5..13 9 ?
		284
		285
			3236
				3890 ?
			3704
		286
		287
		288
			4714 ?
		289
			4043 ?
		290
			3804 ?
		291
			3954 ?
			4867
		292
		293
			3444
			4279 ?
				4686
				4868 ?
		294
			4331 ?
		295
		296
		297
		298
			4745 ?
		299
		300
		301
		302
			3316 ?
		303
			3415 ?
				4410
		304
	6..7 26 ?
		612
			4470
		613
			4727
		614
		615
			3345
				3528 ?
					4038 ?
				3698 ?
					3857
				3918
		616
		617
		618
			3454
			4310 ?
		619
		620
		621
		622
			3575
		623
		624
		625
		626
			3893 ?
		627
		628
		629
			3737
			4069 ?
		630
			3463
		631
			4315
		632
			3405 ?
	0..17 50 ?
		11..17 68
			2..15 93
				6..18 101
					2116
					2117
						4994 ?
					2118
						4137 ?
						4771
					2119
					2120
						4720
					2121
					2122
					2123
					2124
					2125
					2126
					2127
						4976
					2128
					2129
					2130
					2131
					2132
						3676
					2133
						3878 ?
					2134
					2135
					2136
				1..19 113
					2361
					2362
					2363
					2364
					2365
						3613
							4051
					2366
					2367
					2368
					2369
					2370
						4711
					2371
						4498
					2372
						4905 ?
					2373
						4101
							4535
						4600
					2374
						3848
						4618 ?
					2375
						3529 ?
					2376
					2377
					2378
					2379
						3783
					2380
						3369
							4531 ?
					2381
						4759 ?
				4..17 118
					2466
					2467
					2468
						4967
					2469
					2470
					2471
					2472
					2473
						3427 ?
							3996 ?
							4934
						3693 ?
							3982 ?
					2474
					2475
					2476
						4659 ?
					2477
					2478
						3818 ?
					2479
					2480
					2481
						4855
					2482
					2483
					2484
					2485
					2486
					4763
				11..17 129
					2696
					2697
						3961
					2698
						3825
							3829 ?
					2699
					2700
					2701
					2702
					2703
					2704
					2705
					2706
					2707
					2708
					2709
					2710
					2711
						4652 ?
					2712
					2713
						3894 ?
							4656 ?
					2714
						4133
					2715
						3753 ?
							4588
					2716
				1956
					3499 ?
						3587
							4754 ?
					3686
					4247 ?
				1957
				1958
					3431
						4942
				1959
					3378 ?
					3998
						4570
				1960
				1961
					3452
				1962
				1963
				1964
				1965
					4081
				1966
					3397
				1967
				1968
					3568 ?
				1969
				1970
				1971
					3543 ?
						3778
							3926
				1972
			8..10 126
				2633
					3181 ?
					3639 ?
						4489
							4612
					4493 ?
				2634
				2635
				2636
				2637
					4285
				2638
					3277
				2639
					4255
				2640
				2641
				2642
				2643
				2644
					3629 ?
				2645
				2646
				2647
					3243
				2648
					3599
				2649
					3864 ?
					4059 ?
				2650
					3838
				2651
				2652
				2653
			1448
			1449
				3453 ?
			1450
			1451
			1452
				3189
			1453
			1454
			1455
			1456
				3957 ?
			1457
				3963
			1458
			1459
			1460
				4229
			1461
				4333 ?
					4919 ?
			1462
			1463
				3984 ?
			1464
				4654 ?
			1465
			1466
		10..17 150
			3137
			3138
				3273
					4998
			3139
			3140
				4460
			3141
				4026
			3142
			3143
			3144
				4249
			3145
				4124
					4351 ?
				4265 ?
			3146
				3735 ?
			3147
				4077
			3148
			3149
			3150
				3279 ?
					3610 ?
					3784 ?
					4049
				3445
			3151
			3152
			3153
			3154
				3314 ?
					3517 ?
				4561
			3155
			3156
			3157
			4060
			4633
			4676
				4712 ?
		1084
		1085
		1086
			3855
			4142 ?
		1087
		1088
		1089
		1090
		1091
		1092
		1093
		1094
		1095
			4082 ?
		1096
		1097
		1098
		1099
		1100
		1101
		1102
	13..19 110 ?
		4..10 119
			2487
			2488
			2489
				3899 ?
			2490
			2491
				3363
				3457
			2492
				4796 ?
			2493
				3184 ?
					3554 ?
				4230
			2494
			2495
			2496
			2497
				3883 ?
				4361 ?
			2498
				4321 ?
					4896 ?
			2499
			2500
				3441
			2501
			2502
			2503
			2504
			2505
			2506
			2507
				3479 ?
				3525
					4473 ?
			3501
		2300
		2301
		2302
		2303
		2304
		2305
			3927
		2306
		2307
			4050
		2308
			4443 ?
		2309
			3706 ?
		2310
			4903 ?
		2311
			4444
		2312
		2313
			4973 ?
		2314
		2315
			4386
		2316
			4360
		2317
			3565 ?
		2318
			3300 ?
		2319
		3835
		4857
	11..12 111 ?
		2320
			3437 ?
		2321
			3945 ?
		2322
		2323
		2324
			4495 ?
		2325
		2326
		2327
		2328
		2329
		2330
			3505
		2331
		2332
		2333
		2334
			4113 ?
		2335
		2336
			3577
		2337
		2338
		2339
		2340
		3267
config: 0