abstract 0
	3..4 1 ?
		1..3 8
			0..1 10
				3..3 1077
					3473
					3474
					3475
				1502
				1503
			1..3 12
				2..2 16
					2..3 56
						1518
							4715 ?
						1519
						1520
					0..3 79
						2..2 189
							0..1 317
								1..1 1277
									1..2 1477
										4609
										4610
										4611
									4030
									4031
								1798
								1799
							1..3 959
								0..3 1464
									4570
									4571
										4701
											4863 ?
									4572
								3166
								3167
							0..2 1104
								3541
								3542
								3543
						2..2 227
							1..3 263
								0..0 276
									0..2 1251
										3953
										3954
										3955
									1742
									1743
									4722
								0..1 334
									1..3 711
										2575
										2576
										2577
									2..2 1269
										4006
										4007
										4008
									1831
								1719
							0..3 1152
								3672
								3673
								3674
							1684
						0..2 541
							3..3 906
								3032
								3033
								3034
							0..2 988
								3237
								3238
								3239
							2209
						3..3 618
							2367
							2368
							2369
						1..1 801
							2777
							2778
							2779
						1..3 1460
							4558
							4559
							4560
								4875 ?
					0..3 85
						2..3 149
							2..3 261
								0..2 337
									1837
									1838
										4970 ?
									1839
								3..3 429
									2..2 1063
										3436
										3437
										3438
									1..1 1186
										3769
										3770
										3771
									1..1 1466
										4576
										4577
										4578
								0..1 505
									2144
									2145
									2146
								4880
							2..3 284
								2..2 319
									3..3 369
										0..3 371
											0..3 1046
												3391
												3392
												3393
											1896
											1897
										2..3 457
											1..2 769
												2..3 942
													3122
													3123
													3124
												2701
												2702
											2049
											2050
										1895
											4767
									2..3 430
										2..3 571
											2270
											2271
											2272
										0..3 1319
											3..3 1331
												4179
												4180
												4181
											4148
											4149
										2003
									1..3 639
										0..2 1254
											3962
											3963
												4867
											3964
										2415
										2416
								0..3 978
									3213
									3214
									3215
								1..1 1137
									1..2 1224
										3876
										3877
										3878
									2..3 1290
										3..3 1300
											4094
											4095
											4096
												4980
											4907
												4920 ?
										2..3 1381
											4326
											4327
											4328
										4067
									0..2 1356
										4253
										4254
										4255
								1..1 1178
									3747
									3748
									3749
							2..3 1451
								4531
								4532
								4533
						0..4 159
							1..1 209
								1..1 513
									2..3 1280
										4038
										4039
										4040
									2159
									2160
								1671
								1672
							2..2 280
								1..1 542
									1..1 696
										0..1 1405
											4395
											4396
											4397
										2543
										2544
										4899
									1..1 764
										0..3 938
											3..4 1480
												4618
												4619
												4620
												4976
											3113
											3114
												4987
										2691
										2692
											4796
									2210
								1746
								1747
							2..2 287
								0..2 891
									2995
									2996
									2997
								1..1 987
									3234
									3235
									3236
								1..3 1022
									3326
									3327
									3328
							0..3 913
								3049
									4727 ?
								3050
								3051
						1538
					1..2 139
						0..3 982
							1..1 1260
								3979
								3980
								3981
							1..4 1498
								4672
								4673
								4674
								4881
							3222
						1..2 1157
							0..1 1163
								3703
								3704
								3705
							3687
							3688
						1590
				3..3 24
					0..2 39
						3..3 233
							2..3 265
								0..3 467
									2..2 624
										2378
										2379
										2380
									2069
									2070
										4817 ?
								0..3 1320
									4150
									4151
									4152
								1722
							2..3 660
								2458
								2459
									4838
										4876
								2460
							1692
						2..3 507
							2..3 833
								2854
								2855
								2856
							2149
							2150
						1..2 828
							2841
							2842
							2843
								4896 ?
					1..1 42
						2..4 46
							1..4 67
								1..2 147
									1..2 163
										5..6 166
											3..3 266
												1723
												1724
												1725
											2..2 514
												0..3 1294
													4077
													4078
													4079
												2161
												2162
													4978
											1..2 720
												0..1 819
													2818
													2819
													2820
												2595
												2596
											0..1 892
												2998
												2999
												3000
											0..4 998
												3266
												3267
												3268
												4999
											0..3 1370
												4294
												4295
												4296
										2..2 168
											2..3 365
												3..4 1085
													3492
													3493
													3494
													4933
												2..2 1107
													3549
													3550
														4716 ?
													3551
												1889
											2..3 592
												2314
												2315
												2316
												4849
													4982 ?
											1617
										1..3 239
											0..3 478
												1..2 699
													2547
													2548
													2549
												1..3 1026
													0..1 1121
														3587
														3588
														3589
													3337
														4775 ?
													3338
												2089
												4773
											0..3 1223
												3873
												3874
												3875
													4815 ?
											1698
										1..1 468
											0..3 552
												1..1 878
													2965
													2966
													2967
												2234
												2235
												4931
											0..3 1450
												4528
												4529
												4530
											2071
										1..1 1120
											1..1 1145
												3654
												3655
												3656
											3585
											3586
									1597
									1598
								0..1 148
									0..1 358
										0..3 391
											1937
											1938
											1939
												4964 ?
										3..3 812
											1..3 881
												1..3 1324
													2..2 1484
														4630
														4631
															4792 ?
														4632
													4161
													4162
														4736
												2972
												2973
											1..1 1150
												1..1 1199
													3807
													3808
													3809
												1..3 1376
													2..3 1402
														4387
														4388
														4389
													4312
													4313
												3668
											2803
										1875
									1599
									1600
								2..2 185
									3..3 203
										0..2 626
											2..3 795
												2759
												2760
												2761
											2383
											2384
										1662
											4885
										1663
									1..2 1289
										4064
										4065
										4066
									1640
								1..2 340
									1846
									1847
									1848
								0..1 1227
									3885
									3886
									3887
							1..2 83
								1535
								1536
								1537
							0..2 165
								1..1 247
									3..3 328
										1819
										1820
											4975
										1821
									0..2 495
										0..3 1112
											3563
											3564
											3565
												4755
										2125
										2126
											4949 ?
									1703
								2..2 742
									3..3 963
										2..2 1266
											3997
											3998
											3999
										3176
										3177
									3..3 1140
										3640
										3641
										3642
									2650
								1616
							0..2 418
								3..3 675
									1..1 689
										2525
										2526
										2527
									0..2 894
										3003
											4926
										3004
										3005
									2495
								3..4 844
									1..3 871
										2948
										2949
										2950
									0..2 980
										2..2 1430
											4468
											4469
											4470
										3217
										3218
									1..1 1434
										4480
										4481
										4482
										4822
									1..2 1456
										4546
										4547
										4548
								1980
							1..1 454
								1..2 1096
									3519
										4776 ?
									3520
									3521
								2043
								2044
								4848
							0..3 561
								2..3 685
									2..2 1180
										3753
										3754
										3755
											4873 ?
									2514
									2515
								2..3 770
									2703
										4966 ?
									2704
									2705
								2..2 1292
									4071
									4072
									4073
							0..3 657
								2451
								2452
								2453
						1510
						1511
					1505
				2..2 31
					2..2 515
						2..3 576
							0..2 763
								2..2 953
									3151
									3152
									3153
								2689
								2690
								4688
							2282
							2283
						0..2 667
							2..3 994
								3254
								3255
								3256
							2476
								4747 ?
							2477
						1..3 1185
							3766
							3767
							3768
					0..3 701
						1..2 976
							3208
							3209
							3210
						1..2 1045
							3388
							3389
								4961 ?
							3390
							4967
						2552
					1506
				2..3 461
					2057
					2058
					2059
				1..2 1219
					3861
					3862
					3863
			1..2 60
				0..1 1083
					3486
					3487
					3488
				1522
				1523
			0..1 167
				1..3 197
					0..2 664
						0..2 1417
							4430
							4431
							4432
						2469
						2470
					0..2 1036
						0..2 1183
							3761
							3762
							3763
						3364
						3365
					1651
				3..3 345
					2..2 462
						2..2 463
							1..2 485
								2..2 1346
									4223
									4224
									4225
								2104
								2105
							2060
							2061
						2..3 1245
							3935
							3936
							3937
						1..2 1273
							4018
							4019
							4020
					0..2 714
						2581
						2582
						2583
					2..2 1194
						3792
						3793
						3794
				1..3 668
					2478
					2479
					2480
				0..1 829
					2844
					2845
					2846
		1..4 19
			2..3 37
				7..7 73
					0..2 90
						2..3 109
							1..2 142
								3..3 152
									2..3 205
										1..1 1019
											3..3 1449
												4525
												4526
												4527
											3321
											3322
										1664
										1665
									0..3 389
										1..3 771
											2706
											2707
											2708
										1..2 814
											0..2 1473
												4597
												4598
													4714 ?
												4599
											2804
											2805
										1933
									1..1 414
										1972
										1973
											4806
										1974
										4700
								0..1 181
									4..4 1079
										1..3 1204
											3820
											3821
											3822
										3477
										3478
										4852
									1635
									1636
								1..3 1007
									3289
									3290
										4748
									3291
							1563
							1564
						3..3 622
							2..3 1255
								3965
								3966
								3967
							0..3 1259
								3976
								3977
								3978
							2374
						1545
					0..2 171
						0..2 226
							1..3 544
								2213
									4884 ?
								2214
								2215
							2..3 1000
								3272
								3273
								3274
							2..3 1144
								3651
								3652
								3653
						1..2 254
							2..3 627
								2385
								2386
									4929 ?
								2387
							1712
							1713
						2..2 417
							0..3 549
								2227
								2228
								2229
							1..3 1459
								4555
								4556
									4704
								4557
							1979
						2..3 500
							0..1 1265
								3994
								3995
								3996
							2..2 1388
								4346
								4347
								4348
							2135
					1..1 207
						1..1 688
							2522
							2523
							2524
						3..3 802
							2780
								4735
							2781
							2782
						1669
					4..4 238
						0..4 298
							0..3 353
								1866
								1867
								1868
							1..2 489
								0..3 690
									2528
									2529
									2530
								0..3 1385
									4338
									4339
									4340
								2111
							0..2 793
								1..1 1153
									3675
									3676
									3677
								2..3 1159
									3692
									3693
									3694
								2757
							3..3 917
								0..3 1313
									0..1 1343
										4214
										4215
										4216
									4132
									4133
								3060
									4733
								3061
						0..2 528
							2..2 628
								3..3 825
									1..2 1003
										0..1 1275
											4024
											4025
											4026
										3281
										3282
									2833
									2834
								0..2 895
									3006
									3007
									3008
								2388
							0..3 692
								0..1 974
									3203
									3204
									3205
								2533
								2534
							1..3 880
								0..2 928
									3089
										4803 ?
									3090
									3091
								1..2 1256
									3968
									3969
									3970
										4686 ?
								2971
						1..1 1316
							2..3 1414
								4421
								4422
								4423
							4140
							4141
						1..3 1339
							4202
							4203
							4204
					2..3 267
						2..3 516
							3..4 870
								2945
								2946
								2947
									4779
								4903
							1..2 889
								2989
								2990
								2991
							2..2 1472
								4594
								4595
								4596
						1726
						1727
					0..1 416
						1976
						1977
						1978
					1..2 432
						1..1 827
							2838
							2839
							2840
						2005
							4797 ?
						2006
							4963 ?
				1..1 131
					0..2 144
						1..3 180
							3..3 200
								0..1 232
									0..2 1499
										4675
										4676
										4677
										4798
									1690
									1691
								1..3 297
									2..2 661
										2461
										2462
										2463
									1769
										4829
									1770
								1..2 318
									2..2 758
										2680
										2681
										2682
									1800
									1801
								1..2 394
									1943
									1944
									1945
							1..3 648
								1..2 697
									1..2 916
										3057
										3058
										3059
									2545
									2546
								0..1 700
									1..3 1020
										4..4 1205
											0..2 1440
												4498
												4499
												4500
											3823
											3824
											4813
										3323
										3324
									2550
									2551
								2..2 729
									2617
									2618
									2619
								1..2 887
									1..3 904
										3026
										3027
										3028
									2986
									2987
							3..3 930
								2..2 1448
									4522
									4523
									4524
								3095
								3096
							1..1 1029
								1..2 1208
									3831
									3832
									3833
								3344
								3345
						0..2 219
							0..1 257
								1..3 342
									1849
									1850
										4856 ?
									1851
								0..1 385
									1923
									1924
									1925
								1715
							0..1 636
								0..2 948
									1..1 1179
										3750
										3751
										3752
									3137
									3138
								2408
								2409
							1..3 845
								2884
								2885
								2886
						3..3 631
							1..1 1236
								3911
								3912
									4997 ?
								3913
							2395
							2396
						1..3 786
							2743
							2744
							2745
					3..3 410
						0..1 423
							2..3 1168
								3718
								3719
								3720
									4948 ?
							1990
							1991
						0..2 1321
							4153
							4154
							4155
						1965
					3..3 412
						1968
						1969
						1970
					0..2 1034
						3358
						3359
						3360
				3..3 1271
					4012
					4013
					4014
			1..2 88
				1..1 127
					0..2 956
						3159
						3160
						3161
					1582
					1583
				1541
				1542
			3..3 126
				0..1 176
					1628
					1629
						4953
					1630
				0..3 300
					0..3 401
						3..3 616
							2361
							2362
							2363
						0..1 946
							3131
							3132
							3133
						1952
					1771
					1772
				2..2 321
					1..2 476
						2084
						2085
						2086
					3..3 494
						2122
						2123
						2124
					2..2 647
						1..2 1072
							3460
							3461
							3462
						2434
						2435
				0..2 546
					0..3 1353
						4244
						4245
						4246
					2219
					2220
			0..1 1002
				3278
				3279
				3280
		0..2 177
			3..3 228
				3..3 1366
					4283
					4284
					4285
				1685
				1686
			1631
			1632
		2..3 1240
			1..2 1315
				4137
				4138
				4139
					4908 ?
			3921
			3922
	0..4 2 ?
		1..2 5
			1..1 18
				1..4 27
					3..4 29
						0..1 34
							0..1 106
								1559
								1560
								1561
									4888 ?
							2..2 124
								0..3 230
									0..2 1282
										4043
										4044
										4045
									2..3 1334
										4188
										4189
										4190
									1689
								2..2 352
									1863
										4772 ?
									1864
									1865
								0..3 545
									2216
									2217
									2218
										4692 ?
										4737 ?
							2..3 308
								1..3 376
									1..3 455
										0..2 534
											1..1 551
												2..3 674
													0..3 931
														3097
														3098
														3099
													0..3 1323
														1..3 1481
															4621
															4622
															4623
														4159
														4160
													2494
												0..1 709
													2570
													2571
													2572
												2233
											2191
											2192
												4765
										1..1 1087
											3497
											3498
											3499
											4758
										2045
									3..3 483
										2098
										2099
										2100
									0..2 1136
										3631
										3632
										3633
								2..2 402
									3..3 572
										2..2 607
											2342
											2343
											2344
										2..3 1052
											0..1 1435
												4483
												4484
												4485
											3406
											3407
										2273
									1953
									1954
								0..3 427
									0..1 615
										0..3 996
											3260
											3261
											3262
										2359
										2360
										4810
									1..2 723
										0..3 1051
											0..2 1496
												4666
												4667
												4668
											3404
											3405
										2602
										2603
									2000
								0..3 633
									2399
									2400
									2401
							1..2 387
								1928
								1929
								1930
						2..3 49
							2..2 128
								1..1 1437
									4489
									4490
									4491
								1584
								1585
							1..2 676
								2496
								2497
								2498
							0..3 1089
								3501
								3502
								3503
						3..4 58
							0..4 96
								0..2 137
									0..3 278
										1..3 450
											0..1 604
												2..2 730
													2620
														4935 ?
													2621
													2622
												0..2 853
													2906
													2907
													2908
												1..2 972
													3197
													3198
													3199
											2036
											2037
										1744
										1745
									0..1 852
										2903
											4921 ?
										2904
										2905
										4989
									1..3 924
										3077
										3078
										3079
									3..3 1358
										4259
											4698
										4260
											4951
										4261
								1..2 331
									3..3 470
										2074
										2075
										2076
									2..2 589
										1..3 637
											0..1 1076
												3470
												3471
												3472
											2410
											2411
										1..2 1053
											3408
											3409
											3410
										2309
									1..2 901
										3017
										3018
										3019
									1..2 1262
										3985
										3986
										3987
								1..4 380
									1..1 458
										2051
											4930
										2052
										2053
									3..3 717
										0..3 1455
											4543
											4544
											4545
										2588
										2589
									1..2 787
										1..3 1363
											4274
											4275
											4276
										2746
										2747
									1..1 1296
										4082
										4083
										4084
								4913
							1..2 121
								0..2 488
									2108
									2109
									2110
								1576
								1577
							1..2 172
								3..3 175
									1625
									1626
									1627
									4889
								1..3 355
									0..1 619
										0..2 1032
											3352
											3353
											3354
										2370
										2371
									2..2 1489
										4645
										4646
											4784 ?
											4793 ?
										4647
									1870
								0..2 566
									2261
									2262
									2263
								1..2 724
									1..1 1123
										3593
										3594
										3595
									2604
									2605
								2..2 1177
									3744
									3745
									3746
							0..2 236
								2..3 785
									1..1 1065
										3441
										3442
										3443
									2741
									2742
								0..3 875
									2957
									2958
									2959
								1695
							0..3 1119
								3582
								3583
									4756 ?
								3584
						0..3 234
							2..2 256
								1..1 377
									0..2 532
										2..3 808
											2793
											2794
											2795
										0..3 1246
											3938
											3939
											3940
										2188
											4706 ?
									0..3 805
										2..2 979
											2..2 1056
												3417
												3418
													4871
												3419
											1..1 1355
												4250
												4251
												4252
													4938
											3216
										1..1 1397
											4372
											4373
											4374
										2787
									1909
								0..1 1014
									3306
									3307
									3308
								1714
							1..2 1198
								3804
								3805
								3806
							1693
							4847
						1..1 555
							2242
							2243
								4922 ?
							2244
					3..3 32
						2..2 66
							1..1 84
								3..3 108
									0..3 553
										2236
											4977
										2237
										2238
									2..3 594
										2..2 708
											2567
											2568
											2569
										1..3 925
											3080
											3081
												4778
											3082
										0..3 1287
											4058
											4059
											4060
									1562
								1..3 324
									1..2 438
										3..3 835
											0..3 1218
												3858
												3859
												3860
													4932 ?
											2860
											2861
										1..2 1099
											0..1 1252
												3956
												3957
													4719 ?
												3958
											3527
											3528
										2020
									2..2 820
										2821
										2822
										2823
									1810
								0..1 367
									0..2 587
										3..3 1084
											3489
											3490
											3491
										0..2 1086
											1..2 1239
												1..3 1250
													3950
													3951
													3952
												3919
												3920
											3495
											3496
										2306
									1892
									1893
										4993 ?
							1527
							1528
						1..2 72
							2..3 286
								1..2 392
									1940
									1941
									1942
								1..2 396
									2..3 745
										0..2 1075
											2..3 1443
												4507
													4789
												4508
												4509
											3468
											3469
										1..1 1162
											3700
											3701
											3702
										3..3 1195
											3795
												4915 ?
											3796
											3797
										0..2 1209
											2..3 1212
												3841
												3842
												3843
											3834
											3835
									2..3 1127
										3605
										3606
										3607
									1947
								1751
							0..2 347
								0..3 794
									3..3 831
										0..1 1165
											3709
											3710
											3711
										3..3 1367
											4286
											4287
												4818
											4288
										2850
									0..1 1288
										4061
										4062
										4063
											4854
										4924
									2758
								1855
								1856
							3..3 486
								0..2 538
									2200
									2201
									2202
								2..2 1192
									0..3 1441
										4501
										4502
										4503
									3787
									3788
								2106
							0..2 876
								2960
								2961
								2962
								4864
							0..3 1013
								1..3 1181
									2..2 1207
										3828
										3829
										3830
									3756
									3757
								0..2 1418
									4433
									4434
										4812
									4435
								3305
						1..3 756
							1..2 1303
								4102
								4103
								4104
							2675
							2676
					4..4 43
						1..3 53
							0..1 973
								3200
								3201
								3202
							2..2 1432
								4474
								4475
								4476
							1517
						2..5 94
							0..2 119
								0..2 151
									2..2 792
										2754
										2755
										2756
									1601
									1602
										4942 ?
								2..3 273
									1735
									1736
									1737
								0..3 867
									2939
									2940
									2941
							0..2 248
								1..3 475
									2081
									2082
									2083
								1704
								1705
							1..3 445
								3..3 510
									0..2 848
										2892
										2893
										2894
									2154
									2155
								0..1 1004
									3283
									3284
									3285
								1..3 1261
									3982
									3983
									3984
										4787
											4799
												4874 ?
							3..3 780
								2727
								2728
								2729
									4883
							0..3 1113
								3566
								3567
								3568
							4840
						2..3 164
							1613
							1614
							1615
						1..3 603
							0..3 645
								2429
								2430
								2431
							1..2 992
								0..1 1474
									4600
									4601
									4602
								3249
								3250
							0..2 1247
								3941
								3942
								3943
					2..3 190
						2..2 426
							1997
							1998
							1999
						2..3 436
							2..2 1482
								4624
								4625
								4626
							2015
							2016
						1..3 540
							2206
							2207
							2208
					1..3 303
						2..3 363
							1885
							1886
							1887
						2..3 1080
							3479
							3480
							3481
						1776
				2..3 45
					0..4 76
						3..3 145
							2..2 1155
								3681
								3682
								3683
							1593
							1594
						2..2 823
							2827
							2828
							2829
							4732
								4862
						3..3 964
							3178
							3179
							3180
							4725
						2..2 1128
							3608
							3609
							3610
					1..1 191
						0..3 596
							1..2 1202
								3815
								3816
								3817
							2321
							2322
						1644
						1645
					1514
				2..2 957
					1..3 1387
						4343
						4344
						4345
					3162
					3163
			0..3 44
				1..1 1008
					1..1 1102
						3535
						3536
						3537
					3292
					3293
				1512
				1513
			1501
		1..5 7
			1..3 9
				1..1 51
					5..6 157
						2..2 229
							0..2 760
								1..2 781
									0..1 1470
										4588
										4589
										4590
									2730
									2731
								0..3 1074
									3465
									3466
									3467
								1..3 1375
									4309
									4310
									4311
							1687
							1688
						0..2 253
							1..3 843
								2881
								2882
								2883
							0..3 1006
								0..1 1233
									3902
										4962 ?
									3903
									3904
								1..1 1446
									4516
									4517
									4518
								3288
							1711
						4..4 415
							1..3 651
								1..2 784
									2738
									2739
									2740
								0..2 1295
									1..1 1478
										4612
										4613
											4702
										4614
									4080
									4081
								2438
							0..3 1097
								3522
								3523
								3524
							1975
							4717
						0..2 550
							2230
							2231
							2232
						0..1 935
							2..2 950
								3142
								3143
								3144
							3108
							3109
						3..3 1138
							3634
							3635
							3636
						1..1 1357
							4256
							4257
							4258
					1..1 288
						0..2 582
							2298
							2299
							2300
						3..3 656
							2448
							2449
							2450
						3..3 757
							2677
								4934 ?
							2678
							2679
						2..3 1305
							4108
							4109
							4110
					3..3 441
						0..4 573
							2274
							2275
							2276
							4769
						2022
						2023
				2..4 154
					2..3 188
						0..2 659
							1..1 863
								3..3 1304
									4105
									4106
									4107
								2930
								2931
							2456
							2457
						1..2 677
							0..3 684
								3..3 725
									2606
									2607
									2608
										4950
								3..3 839
									2870
									2871
									2872
								3..3 1059
									3426
									3427
									3428
							2499
							2500
						1643
					0..1 386
						1..4 698
							2..2 1131
								1..3 1211
									0..2 1272
										4015
										4016
										4017
									3839
									3840
								3617
								3618
							1..3 1172
								1..1 1201
									3812
									3813
									3814
										4752
								3730
								3731
								4782
							3..3 1225
								3879
								3880
									4777 ?
								3881
							1..2 1383
								4332
								4333
								4334
						1926
						1927
							4821
					1..4 1257
						3971
						3972
						3973
						4726
							4979 ?
					4738
				2..3 169
					0..3 459
						1..3 762
							0..1 1394
								4363
								4364
								4365
							2687
							2688
						2054
						2055
					1618
						4689 ?
					1619
				2..2 262
					0..1 502
						2..2 755
							0..3 888
								1..1 949
									3139
									3140
									3141
								0..2 1342
									4211
									4212
									4213
								2988
							2..2 936
								0..1 1215
									3850
									3851
									3852
								1..2 1359
									4262
									4263
									4264
								0..1 1400
									4381
									4382
									4383
							2..3 1081
								3482
								3483
									4837 ?
								3484
						2138
						2139
					1717
					1718
				0..1 1171
					3727
					3728
						4794 ?
					3729
			1..2 20
				1..2 35
					3..3 40
						1..3 75
							0..1 81
								0..1 98
									3..3 879
										2968
										2969
										2970
									1554
									1555
								0..1 146
									0..3 268
										0..1 306
											1..3 1438
												4492
												4493
												4494
											1781
											1782
										0..3 312
											2..4 440
												2..3 686
													2516
													2517
													2518
												1..3 945
													2..3 1018
														3318
															4728 ?
														3319
														3320
													3129
													3130
												1..3 975
													1..2 1286
														4055
														4056
														4057
													3206
													3207
												1..1 1092
													0..1 1362
														4271
															4768 ?
														4272
														4273
													3509
													3510
											0..3 448
												3..3 1274
													4021
													4022
													4023
												1..2 1299
													4091
														4816 ?
													4092
													4093
												2033
											1..1 1365
												4280
												4281
												4282
										3..4 753
											0..1 1344
												4217
													4694 ?
												4218
												4219
											2671
											2672
											4984
									1595
									1596
										5000 ?
								1..2 469
									1..1 1403
										0..2 1404
											4392
											4393
											4394
										4390
										4391
									2072
									2073
							3..3 91
								2..3 379
									2..2 442
										2..3 803
											2..2 1060
												2..2 1061
													3430
													3431
													3432
												1..1 1399
													4378
														4734 ?
													4379
													4380
												3429
											3..3 1115
												3572
												3573
												3574
											2783
										0..1 1010
											1..1 1182
												3758
												3759
												3760
												4707
											3297
											3298
										2024
									1913
									1914
								1546
									4788 ?
								1547
							3..3 315
								1..1 330
									2..4 621
										1..3 766
											0..2 922
												3071
												3072
												3073
											2696
											2697
												4696
												4839 ?
										1..2 1024
											3331
												4695 ?
											3332
											3333
										2373
										4764
									1824
									1825
								0..2 343
									0..2 398
										3..3 471
											1..3 799
												2771
												2772
												2773
											2077
											2078
										2..3 508
											2..2 556
												0..2 586
													1..1 606
														2..3 1425
															4453
																4835 ?
															4454
															4455
														2340
														2341
													0..3 1340
														4205
														4206
														4207
													2305
												0..3 1041
													3378
													3379
													3380
												2245
											2..2 577
												2284
												2285
												2286
											2..3 640
												3..3 874
													1..2 1226
														3882
														3883
														3884
													2955
													2956
												2417
												2418
											1..2 772
												2709
												2710
												2711
											2..3 1050
												3401
												3402
												3403
										1948
									0..2 482
										2..3 487
											0..1 1189
												3778
												3779
												3780
											0..3 1488
												4642
													4957 ?
												4643
												4644
											2107
										1..1 778
											2722
											2723
											2724
										2097
									1..3 687
										2519
										2520
										2521
								0..1 1088
									0..1 1267
										4000
										4001
										4002
											4729
									1..2 1500
										4678
										4679
										4680
									3500
										4841 ?
							2..3 383
								1919
								1920
								1921
								4906
							4..4 397
								0..3 630
									2392
									2393
									2394
								0..1 773
									2712
									2713
									2714
								0..3 788
									3..3 1389
										4349
										4350
										4351
									0..3 1486
										4636
											4850
										4637
										4638
									3..3 1493
										4657
										4658
											4893 ?
										4659
								1..2 1124
									3596
									3597
									3598
						3..3 750
							2665
							2666
							2667
						1509
					3..4 55
						0..4 59
							2..4 174
								0..1 201
									1656
									1657
									1658
								1623
								1624
								4781
							0..2 252
								3..3 388
									0..3 435
										2012
										2013
										2014
									1931
									1932
								3..3 947
									3134
									3135
									3136
								1710
							1521
							4834
						1..2 141
							2..3 196
								1..1 382
									1..1 768
										2698
										2699
										2700
									3..3 1465
										4573
										4574
										4575
									1918
								1..2 444
									2..2 493
										2..2 877
											2..3 1134
												3625
													4753 ?
												3626
													4809 ?
												3627
											2963
											2964
										2120
										2121
									1..3 1360
										4265
										4266
										4267
									2028
								3..3 902
									3020
									3021
									3022
							3..3 404
								0..1 646
									1..2 810
										2798
										2799
											4869 ?
										2800
									2432
									2433
								1956
								1957
							0..1 1392
								4357
								4358
								4359
						1..2 155
							3..3 178
								3..3 237
									1..1 310
										0..1 775
											2..2 847
												2889
												2890
												2891
											0..1 1009
												3294
												3295
													4757 ?
												3296
											2717
												4774 ?
										1787
										1788
									1696
									1697
								1..1 446
									0..2 713
										2..3 748
											1..1 759
												1..2 1111
													3560
													3561
													3562
														4918 ?
												2683
												2684
											0..1 951
												3145
												3146
												3147
											1..2 1235
												3908
												3909
												3910
										1..2 836
											2862
											2863
											2864
										2580
									3..3 1380
										4323
										4324
											4808 ?
										4325
									2029
								1633
							1604
							1605
						2..3 409
							2..2 658
								2..2 1268
									4003
									4004
									4005
								2454
								2455
							1..3 733
								2628
								2629
									4955 ?
								2630
							1964
						0..1 434
							3..3 519
								2..2 841
									2876
									2877
									2878
										4750
								2166
								2167
							2010
								4941 ?
							2011
						0..1 1298
							4088
							4089
								4940
							4090
					3..3 105
						1..1 235
							0..3 241
								0..3 400
									1949
									1950
									1951
										4745
								3..3 712
									3..3 830
										2847
										2848
										2849
									2578
									2579
								0..3 907
									3035
									3036
									3037
							3..3 601
								2333
								2334
								2335
							1694
						0..1 338
							1840
							1841
							1842
						0..1 809
							1..3 1395
								4366
								4367
								4368
							2796
							2797
					1..2 160
						2..3 170
							0..1 210
								0..3 231
									0..2 249
										2..3 749
											2662
											2663
												4801
												4969 ?
											2664
										1706
										1707
											4928
									3..3 378
										1910
										1911
										1912
									0..3 869
										2942
										2943
										2944
								3..3 560
									2253
									2254
									2255
								0..3 883
									0..3 1469
										4585
										4586
										4587
									2977
									2978
							0..1 212
								1..1 612
									0..3 706
										2562
										2563
										2564
									3..3 1249
										3947
										3948
										3949
									2352
								0..3 705
									2559
									2560
									2561
										4990
								1675
							0..3 741
								2647
								2648
								2649
						2..3 223
							3..3 449
								1..3 523
									2172
									2173
									2174
								2034
								2035
							1..3 501
								2..2 1372
									4300
									4301
									4302
										4866
								2136
								2137
							2..3 599
								2328
								2329
								2330
						3..3 291
							3..3 295
								0..3 722
									2599
									2600
									2601
								1765
								1766
							1757
							1758
					1..4 301
						0..1 464
							2062
							2063
							2064
						2..2 533
							0..1 790
								0..3 1283
									4046
									4047
									4048
								2751
								2752
							2189
							2190
						1..3 584
							1..1 595
								2..3 1067
									3447
									3448
									3449
										4743 ?
								2319
								2320
									4740
							1..2 613
								2353
								2354
								2355
							2304
						0..1 652
							2439
							2440
							2441
					3..3 715
						0..3 811
							1..1 977
								3..3 1023
									0..2 1148
										3662
										3663
										3664
									3329
									3330
								3211
								3212
							2801
							2802
						2584
						2585
				0..3 104
					0..1 1030
						3346
						3347
						3348
						4705
					1557
					1558
					4919
				1..3 243
					1..3 368
						1..2 663
							3..3 937
								3110
								3111
								3112
								4983
							2467
							2468
						1..1 1244
							3932
							3933
							3934
						1894
					1..3 681
						2508
						2509
						2510
					2..3 727
						2611
						2612
						2613
				3..3 259
					1..2 413
						2..2 452
							0..2 632
								0..1 860
									2922
									2923
									2924
								2397
									4771 ?
								2398
							2041
							2042
						4..4 1422
							0..2 1476
								4606
								4607
								4608
							4445
							4446
							4892
						1971
					1..2 719
						2592
						2593
						2594
					3..3 919
						3064
						3065
						3066
						4891
				0..3 277
					0..1 336
						2..3 605
							0..3 1100
								3529
								3530
								3531
							2338
							2339
						1835
						1836
							4760 ?
					2..2 395
						2..3 499
							2..3 707
								3..3 893
									3..3 900
										1..2 1462
											4564
											4565
											4566
											4878
										3015
										3016
									3001
									3002
								2565
								2566
							2133
							2134
						0..1 642
							2422
							2423
							2424
						1946
					1..1 1333
						4185
						4186
						4187
				0..2 311
					1..1 348
						1..3 583
							2301
							2302
							2303
						0..2 1062
							3433
							3434
							3435
						1857
					1789
					1790
				0..3 905
					3029
					3030
					3031
			2..2 33
				0..3 136
					2..2 271
						2..2 1021
							0..1 1048
								3396
								3397
								3398
							1..2 1229
								3..3 1471
									4591
									4592
									4593
								3891
								3892
							3325
						1731
						1732
					1..2 320
						1802
						1803
						1804
					1..2 1322
						4156
						4157
						4158
				1..1 156
					1..2 339
						1843
						1844
						1845
					1..3 354
						3..3 408
							0..1 1117
								0..2 1436
									4486
									4487
									4488
								3577
								3578
							0..3 1156
								3684
								3685
								3686
							1963
						1..3 1164
							3706
							3707
							3708
						1869
					1606
				1..2 260
					2..2 857
						1..3 1130
							3614
							3615
							3616
						2914
						2915
					2..2 1129
						3611
						3612
						3613
					1716
				1..1 536
					2196
						4709
					2197
					2198
				0..3 574
					2277
					2278
					2279
				0..1 1361
					4268
					4269
					4270
			1..3 466
				0..3 920
					0..1 1197
						3801
						3802
						3803
					3067
					3068
				2067
				2068
			1..1 563
				1..3 738
					1..1 934
						3105
						3106
						3107
						4865
					1..2 1345
						4220
						4221
						4222
					2643
				1..1 1105
					3544
					3545
					3546
				2256
		0..1 17
			1..1 25
				0..1 153
					1..2 208
						1..1 274
							1738
							1739
								4795 ?
							1740
						2..2 451
							2038
							2039
							2040
						1670
					1..2 580
						2293
						2294
						2295
					1603
					4711
				0..2 206
					1666
					1667
					1668
				1..3 562
					2..3 824
						2830
						2831
						2832
					1..3 886
						2983
						2984
						2985
					1..2 1037
						3366
						3367
						3368
					2..2 1101
						3532
						3533
						3534
				2..3 912
					3046
					3047
					3048
			3..3 38
				1..2 135
					3..3 473
						0..3 480
							0..2 1126
								3602
								3603
								3604
							2093
							2094
						2..3 649
							1..1 789
								2748
								2749
								2750
									4746 ?
							1..2 909
								3038
								3039
								3040
							2..3 961
								3171
								3172
								3173
						1..2 898
							1..2 1390
								0..2 1410
									2..2 1420
										4439
										4440
										4441
									4410
									4411
								4352
								4353
							3011
							3012
					2..2 703
						1..3 718
							2..3 1027
								2..2 1142
									0..3 1391
										4354
										4355
											4828
										4356
									3646
									3647
								3339
								3340
							2590
							2591
						1..1 1064
							0..2 1143
								3648
								3649
								3650
							3439
							3440
						2556
					1589
				1507
				1508
					4945
			2..3 65
				2..2 225
					2..2 375
						1906
						1907
						1908
					1..3 634
						2402
						2403
						2404
					2..3 1082
						0..3 1191
							3784
							3785
							3786
								4994 ?
						0..3 1279
							4035
							4036
							4037
						3485
				1..2 362
					0..3 1490
						4648
						4649
						4650
					1883
					1884
				1..3 439
					2..3 1005
						0..1 1337
							4197
							4198
							4199
						3286
							4751
						3287
						4805
					0..3 1035
						3361
						3362
						3363
					2021
			2..2 117
				3..3 143
					2..3 1058
						3423
						3424
						3425
					1591
					1592
				0..3 807
					2790
					2791
					2792
				1574
		3..3 26
			0..0 50
				0..2 77
					0..3 95
						1549
						1550
						1551
					0..3 158
						0..1 665
							0..2 882
								2974
								2975
								2976
							2471
							2472
						1607
						1608
					1..1 307
						2..3 575
							1..1 678
								1..1 1352
									4241
									4242
									4243
								2501
								2502
							2280
							2281
						3..3 740
							0..3 1166
								3712
								3713
								3714
							2..2 1222
								3870
								3871
								3872
							2646
						1783
					2..2 474
						1..3 669
							2481
							2482
							2483
						2..3 999
							3269
							3270
							3271
						2080
						4912
					2..3 554
						2239
						2240
						2241
					2..3 1125
						3599
						3600
						3601
						4697
					0..1 1149
						3665
						3666
							4770
						3667
				2..3 316
					1..3 1312
						4129
						4130
						4131
					1796
					1797
				3..4 341
					3..3 625
						0..3 813
							1..1 1038
								3369
								3370
								3371
									4699 ?
										4754 ?
							1..3 1407
								4401
								4402
								4403
							0..3 1452
								4534
								4535
								4536
						2381
						2382
					2..3 1154
						3678
							4916
						3679
						3680
					0..1 1187
						3772
							4703 ?
						3773
						3774
					2..2 1382
						4329
						4330
						4331
				1..1 1411
					4412
					4413
					4414
			2..4 63
				2..6 78
					0..2 270
						0..2 285
							3..3 302
								1773
								1774
								1775
									4911
							1749
							1750
						2..3 914
							3052
							3053
							3054
						0..2 1132
							3619
							3620
							3621
					1..4 350
						0..2 679
							2503
							2504
							2505
						1..3 1001
							3275
							3276
							3277
						1860
						4898
					1..2 356
						3..3 524
							2175
							2176
							2177
						0..2 1122
							3590
							3591
							3592
						1871
							4730 ?
					1..4 491
						2114
						2115
						2116
						4683
							4759 ?
					2..3 527
						2182
						2183
						2184
					1..3 993
						3251
						3252
						3253
							4691
					1..1 1297
						4085
						4086
						4087
				1..1 184
					2..2 641
						2419
						2420
						2421
					0..2 683
						1..3 897
							2..3 1234
								3905
								3906
								3907
							3..3 1341
								4208
								4209
								4210
							3010
						2512
						2513
					1639
				2..3 281
					0..3 520
						0..2 591
							0..3 868
								3..3 1203
									1..2 1409
										4407
										4408
										4409
									3818
									3819
								3..3 1263
									3988
									3989
									3990
								3..3 1347
									4226
									4227
									4228
							2312
							2313
						2..3 840
							2873
							2874
							2875
						2168
					1..2 702
						2553
						2554
							4909 ?
						2555
					3..3 943
						2..2 1151
							3669
							3670
							3671
						3125
						3126
					0..1 1176
						3741
						3742
						3743
				3..3 695
					2540
					2541
					2542
				2..2 1301
					4097
					4098
					4099
				0..1 1330
					4176
					4177
					4178
			0..2 193
				0..1 314
					1793
						4947 ?
					1794
					1795
				1647
				1648
			1..2 511
				2156
				2157
				2158
	0..3 3
		2..2 4
			0..3 68
				0..2 123
					0..1 1066
						3444
						3445
						3446
					1578
					1579
				0..2 381
					1915
					1916
					1917
				1..1 744
					2654
					2655
						4845 ?
					2656
				1..3 774
					1..3 944
						0..1 1210
							3836
							3837
								4827
							3838
						3127
						3128
					2715
					2716
				1..3 955
					3156
					3157
					3158
			0..1 187
				1..3 325
					1811
					1812
					1813
				1641
				1642
			1..2 518
				0..2 1160
					3695
					3696
					3697
				2164
				2165
			1..2 737
				2640
				2641
					4872 ?
				2642
		0..2 11
			4..4 22
				0..4 28
					1..1 224
						2..2 258
							1..3 431
								0..2 447
									2030
									2031
									2032
									4860
								2..2 453
									0..2 643
										2425
										2426
										2427
									1..1 858
										2916
										2917
										2918
									2..3 1416
										4427
										4428
										4429
								2004
							0..3 598
								2325
								2326
									4946 ?
								2327
							0..3 958
								1..1 1328
									1..1 1412
										4415
										4416
										4417
									4172
									4173
								3164
								3165
						1682
						1683
					0..2 357
						1872
						1873
						1874
					1..1 579
						2290
						2291
						2292
					0..3 908
						2..2 954
							2..3 967
								2..2 1106
									1..3 1248
										3944
										3945
										3946
									3547
										4766
									3548
								3186
								3187
							3154
							3155
						2..3 1040
							3375
							3376
							3377
						0..2 1421
							4442
							4443
							4444
				2..3 69
					0..1 182
						3..3 204
							3..4 220
								1..1 359
									2..2 1231
										3896
										3897
										3898
									1876
									1877
								3..3 465
									1..2 1238
										2..2 1495
											4663
											4664
											4665
										3917
										3918
										4981
									2065
									2066
										4826
								2..2 672
									2..3 1011
										3299
										3300
										3301
									2489
									2490
									4985
								4972
							2..2 472
								0..2 568
									2..2 1281
										0..2 1308
											4117
											4118
											4119
										4041
										4042
									2266
									2267
								1..3 1017
									3315
									3316
									3317
								2079
							1..2 1141
								3643
								3644
								3645
						2..3 497
							2130
							2131
							2132
						2..3 991
							3246
							3247
							3248
						0..2 1118
							3579
								4905
							3580
							3581
					1..3 282
						1..2 411
							1..3 932
								3..3 1307
									4114
										4887
									4115
									4116
								3100
								3101
							1966
							1967
						1..3 818
							2815
							2816
							2817
						3..3 1078
							2..2 1090
								0..1 1351
									4238
									4239
									4240
								3504
								3505
							2..2 1492
								4654
								4655
								4656
							3476
						3..3 1384
							4335
							4336
							4337
					0..1 456
						2046
						2047
						2048
				0..1 299
					0..1 305
						1778
						1779
						1780
					0..1 364
						0..3 370
							3..3 492
								2117
								2118
								2119
							2..3 673
								2491
								2492
								2493
							0..3 736
								2637
								2638
								2639
						0..3 1453
							4537
							4538
							4539
						1888
					0..2 374
						1903
						1904
						1905
				1..1 611
					1..3 1161
						3..3 1220
							3864
							3865
							3866
						3698
						3699
					2350
					2351
				2..3 1332
					4182
					4183
					4184
			1..2 71
				0..2 933
					3102
					3103
					3104
				1529
				1530
			1..3 82
				2..2 99
					4..5 112
						0..2 116
							0..3 132
								0..3 133
									4..4 213
										1..3 222
											0..3 323
												0..3 506
													1..1 1188
														3775
														3776
														3777
													2147
														4831 ?
													2148
												1808
												1809
											0..1 629
												2389
												2390
												2391
											4..4 791
												2..3 885
													0..2 997
														3263
														3264
														3265
													0..3 1423
														4447
														4448
														4449
													2982
												0..1 1276
													4027
													4028
													4029
												2753
												4681
											4836
										1..1 512
											0..2 861
												3..3 899
													2..3 1114
														3569
														3570
														3571
													3013
													3014
												2925
												2926
											0..2 1028
												3341
												3342
												3343
											0..2 1431
												4471
												4472
												4473
											4988
										2..2 581
											2..2 704
												1..1 927
													3086
													3087
													3088
												2557
												2558
											2296
											2297
												4998 ?
										2..4 1415
											4424
											4425
											4426
											4855
									2..2 578
										2287
										2288
										2289
									0..1 765
										2693
										2694
										2695
									1..3 1043
										1..1 1338
											0..2 1377
												4314
												4315
												4316
													4723 ?
											4200
											4201
										3384
										3385
									1..3 1167
										3715
										3716
											4917 ?
										3717
									4780
								0..3 134
									1..2 1378
										4317
										4318
										4319
										4904
									1..3 1497
										4669
										4670
										4671
										4804
									1588
								0..2 403
									1..3 821
										0..1 969
											0..2 1094
												1..3 1317
													4142
													4143
													4144
												3514
													4890
												3515
											3191
											3192
											4843
										1..2 984
											2..2 1253
												3959
												3960
												3961
											3226
											3227
										2824
									1..2 1108
										3552
										3553
											4996 ?
										3554
									1955
							0..2 173
								1620
								1621
								1622
							1573
						1..2 214
							2..3 264
								1..3 1393
									4360
										4937
									4361
									4362
								1720
								1721
							1..2 903
								3023
								3024
								3025
							1676
						0..2 269
							1728
							1729
							1730
						1..3 405
							1..2 721
								1..1 1483
									4627
									4628
									4629
								2597
								2598
							1..3 797
								2765
								2766
								2767
							1..2 815
								2806
								2807
								2808
							4897
						2..3 767
							1..2 986
								3231
								3232
								3233
							0..3 1325
								4163
								4164
								4165
							1..1 1354
								4247
									4807
								4248
								4249
							1..2 1371
								4297
								4298
								4299
					2..2 498
						1..3 547
							2221
							2222
							2223
						2..2 670
							2484
								4685
							2485
							2486
						0..3 970
							0..2 1285
								4052
								4053
								4054
							3193
							3194
					2..2 923
						3074
						3075
						3076
					2..2 1047
						1..1 1264
							3991
							3992
							3993
							4851
						3394
						3395
				1533
				1534
			0..2 120
				1..3 294
					1..2 716
						1..1 776
							2718
							2719
							2720
						2586
						2587
					1763
					1764
				1..2 680
					1..4 1044
						2..2 1133
							3622
							3623
							3624
						3386
						3387
						4995
					2506
					2507
				1575
			1..2 421
				0..1 503
					0..3 751
						0..3 1093
							3511
							3512
							3513
						2668
						2669
					2140
					2141
				1986
					4724
				1987
			2..3 428
				0..1 739
					3..3 832
						2851
						2852
						2853
							4900
					2644
					2645
				2001
				2002
				4952
			2..2 509
				2151
				2152
				2153
		0..3 21
			1..1 47
				3..3 57
					0..2 62
						0..2 296
							0..2 851
								2900
								2901
								2902
							1767
							1768
						1..1 479
							2090
							2091
							2092
						2..3 1479
							4615
							4616
							4617
					0..2 437
						2017
						2018
						2019
					0..3 1237
						3914
						3915
						3916
				0..2 779
					3..3 873
						2952
						2953
						2954
					2725
					2726
				1515
			2..3 162
				1610
					4710
				1611
				1612
			3..3 179
				1..2 655
					0..2 816
						2809
						2810
						2811
							4731 ?
					2..3 1095
						3516
						3517
						3518
					2447
				1..2 884
					2979
					2980
					2981
				1634
			2..2 990
				3243
				3244
				3245
		1..2 64
			2..4 103
				1..2 111
					3..3 565
						2..2 600
							2..3 1302
								0..1 1442
									4504
									4505
									4506
								4100
								4101
									4986 ?
							2331
							2332
						3..3 1110
							3557
							3558
								4741 ?
							3559
						2260
					0..2 654
						2..3 746
							1..3 1109
								1..2 1461
									4561
									4562
									4563
								3555
									4870
								3556
							2657
							2658
						2445
						2446
					1567
				1..1 218
					1..1 366
						0..3 1291
							4068
								4846 ?
							4069
							4070
								4713 ?
						1890
							4882
						1891
					1680
					1681
				0..1 360
					1..3 752
						3..3 754
							0..1 1057
								3420
								3421
								3422
							2673
								4739
							2674
						1..1 846
							2..2 966
								3183
								3184
								3185
							2887
							2888
						2670
					1878
					1879
				0..2 1091
					3506
					3507
						4825 ?
					3508
			0..2 192
				1..3 344
					1..2 425
						1..2 548
							2224
							2225
							2226
						1995
							4720
						1996
					1852
					1853
				2..2 1103
					3538
					3539
					3540
				1646
			1..3 535
				2193
				2194
				2195
				4959
		2..2 89
			1..1 102
				1..2 597
					1..3 1069
						3452
						3453
						3454
					2323
					2324
				1..1 962
					0..2 1326
						4166
						4167
						4168
					3174
					3175
				1556
			1543
			1544
		2..3 329
			0..2 1012
				3302
				3303
				3304
			1822
			1823
				4690
					4992 ?
		2..2 424
			1992
			1993
			1994
	0..1 6
		3..3 13
			0..2 23
				1..5 30
					1..1 41
						2..4 52
							3..6 70
								1..1 74
									0..3 87
										1..2 915
											2..2 1258
												3..3 1306
													4111
													4112
													4113
												3974
												3975
											3055
											3056
										1539
										1540
									0..1 242
										2..2 283
											0..3 522
												0..2 610
													2347
													2348
													2349
												2170
												2171
													4833 ?
														4923 ?
											0..3 734
												2631
												2632
												2633
												4914
											1748
										0..1 1169
											3721
											3722
											3723
										1699
											4814 ?
									2..3 332
										1826
										1827
										1828
									4749
								2..2 100
									2..2 140
										1..3 150
											1..1 361
												1880
												1881
												1882
											0..1 517
												1..1 653
													2442
													2443
													2444
												1..3 1033
													3355
													3356
													3357
												2163
											2..3 638
												2412
												2413
												2414
										1..3 161
											0..3 390
												1934
												1935
												1936
											1..1 617
												2364
												2365
												2366
											1609
										0..2 240
											3..3 250
												2..2 1293
													4074
													4075
													4076
												1708
												1709
											0..3 279
												1..2 346
													1..3 691
														3..3 1098
															0..3 1314
																4134
																4135
																4136
															3525
															3526
														2531
														2532
													1..3 989
														3240
															4901 ?
														3241
														3242
													1854
												0..1 406
													1958
													1959
													1960
												2..3 585
													2..2 602
														2..3 1232
															3899
															3900
															3901
														2336
														2337
													1..2 910
														3041
														3042
														3043
													2..2 1073
														1..2 1426
															4456
															4457
															4458
														3463
														3464
													1..3 1311
														4126
														4127
														4128
														4832
													1..1 1433
														4477
														4478
														4479
											2..3 926
												3083
												3084
												3085
											2..3 1491
												4651
												4652
												4653
									2..2 293
										0..2 1348
											4229
											4230
											4231
										0..2 1463
											4567
											4568
											4569
										1762
									2..3 777
										1..2 872
											0..1 1213
												3844
												3845
												3846
											0..2 1427
												4459
												4460
												4461
													4965 ?
											2951
										2..2 960
											3168
												4684
											3169
											3170
										2721
									1..2 1458
										4552
										4553
										4554
								1..1 130
									1..3 244
										0..1 275
											1..3 477
												3..3 782
													2732
													2733
													2734
												2087
												2088
											1..3 1031
												3349
													4844
												3350
												3351
											1741
										1..1 728
											2614
											2615
											2616
										1700
									1..2 420
										1983
										1984
										1985
									1..3 531
										0..3 1170
											3724
											3725
											3726
										2..2 1439
											4495
											4496
											4497
										2187
								0..1 211
									2..2 1049
										1..3 1467
											4579
											4580
											4581
										3399
										3400
									1673
									1674
									4830
								3..3 255
									1..2 443
										2025
										2026
										2027
									2..2 460
										0..3 761
											0..3 1475
												4603
												4604
												4605
											2685
											2686
										3..4 1349
											4232
											4233
											4234
											4991
										2056
									2..2 620
										0..3 662
											2464
											2465
											2466
										0..1 1175
											3738
											3739
											3740
										2372
											4943
								3..3 304
									3..3 1241
										3923
										3924
										3925
									2..2 1374
										4306
										4307
										4308
									1777
							0..1 349
								0..3 1158
									3689
									3690
									3691
								1858
								1859
							0..2 817
								2812
								2813
								2814
							2..2 849
								2895
								2896
								2897
								4925
							1..3 1039
								3372
								3373
								3374
						1..3 92
							2..4 113
								0..2 245
									0..3 246
										1..1 496
											2127
											2128
											2129
												4944 ?
										0..1 1468
											4582
											4583
											4584
										1702
									1..1 842
										0..2 1135
											3628
											3629
											3630
										2879
										2880
									1701
								1..2 731
									2..3 1284
										4049
										4050
										4051
										4742
									2623
									2624
										4785 ?
											4800
								1568
								4853
							4..4 939
								3115
								3116
								3117
								4718
							3..3 985
								3228
								3229
								3230
						2..3 97
							0..1 747
								2659
								2660
								2661
							1552
							1553
						0..1 183
							0..2 1190
								3781
								3782
								3783
							1637
							1638
						2..2 351
							3..3 569
								3..3 608
									2..3 783
										2735
										2736
										2737
									3..3 1278
										4032
										4033
										4034
									1..2 1494
										4660
										4661
										4662
								0..3 1310
									4123
									4124
									4125
								1..3 1408
									4404
									4405
									4406
							1861
							1862
						2..3 968
							3188
							3189
							3190
					0..3 54
						1..2 272
							2..2 1318
								4145
								4146
								4147
							1733
							1734
						1..3 422
							2..2 530
								0..3 1146
									2..3 1487
										4639
										4640
										4641
									3657
									3658
								2185
								2186
							1988
							1989
						1..1 1386
							1..3 1424
								4450
								4451
									4968
								4452
							4341
							4342
					0..2 195
						1..3 290
							1754
							1755
							1756
						1..2 313
							0..1 1406
								4398
								4399
								4400
							1791
							1792
						1..3 644
							0..2 798
								2768
								2769
								2770
							1..1 1445
								4513
								4514
								4515
							2428
						3..3 804
							2784
							2785
							2786
					2..2 834
						2857
						2858
						2859
							4954 ?
					0..3 1228
						3888
						3889
						3890
					4974
				2..5 36
					0..3 115
						0..2 981
							3219
							3220
							3221
						1571
						1572
					2..3 326
						0..3 1068
							1..3 1419
								4436
								4437
								4438
							3450
							3451
						1814
						1815
					0..2 333
						3..3 896
							3..3 1184
								2..3 1379
									4320
									4321
									4322
								3764
								3765
							2..2 1206
								3825
								3826
								3827
							3009
						1829
						1830
					1..3 726
						0..2 735
							2634
							2635
							2636
						2609
						2610
					0..2 918
						1..2 971
							1..2 1242
								3926
								3927
								3928
							3195
							3196
						3062
						3063
				1504
			0..3 118
				2..2 125
					0..1 614
						2356
						2357
						2358
					1580
					1581
				0..3 138
					1..3 251
						2..2 327
							1816
							1817
							1818
						1..2 335
							1832
							1833
							1834
						0..1 567
							0..3 864
								3..3 890
									2992
										4895 ?
									2993
									2994
								2932
								2933
							2264
							2265
						2..3 623
							2375
							2376
							2377
						0..3 800
							2774
							2775
							2776
						0..3 838
							2867
							2868
							2869
						0..3 1193
							3789
							3790
							3791
					0..3 694
						2537
							4682 ?
								4936
							4971 ?
						2538
						2539
					0..2 1364
						4277
						4278
						4279
					0..1 1413
						4418
							4861 ?
						4419
						4420
				3..3 1369
					4291
					4292
					4293
			1..3 199
				0..3 202
					1659
					1660
						4910
					1661
				0..2 558
					2..2 1054
						3411
						3412
						3413
					2248
					2249
				1655
			0..2 289
				0..2 1398
					4375
					4376
					4377
				1752
				1753
				4708
			0..3 564
				2257
				2258
				2259
					4823 ?
			1..2 940
				1..2 1396
					4369
						4802
					4370
					4371
				3118
				3119
		0..3 14
			2..2 61
				1524
				1525
				1526
			2..2 186
				2..2 292
					1759
					1760
						4960
					1761
				2..2 372
					1898
					1899
					1900
				0..2 504
					0..3 539
						2203
						2204
						2205
					2142
					2143
			0..1 215
				1..1 399
					0..3 941
						3..3 1485
							4633
							4634
								4824 ?
							4635
						3120
						3121
					1..2 1217
						3855
						3856
						3857
					0..1 1329
						3..3 1444
							4510
							4511
							4512
								4858 ?
						4174
							4868 ?
						4175
				0..3 529
					1..2 543
						0..2 911
							0..3 1139
								3637
								3638
								3639
							3044
							3045
							4902
						2211
						2212
					3..3 557
						0..3 862
							2927
							2928
							2929
						2246
							4744
						2247
					2..2 650
						1..3 710
							2..2 1230
								3893
									4791 ?
								3894
								3895
							2573
							2574
						2436
						2437
					4819
				1677
			2..2 384
				1..3 393
					3..3 1174
						3735
						3736
						3737
					3..3 1270
						4009
							4958 ?
						4010
						4011
					0..1 1373
						4303
						4304
						4305
				0..1 850
					1..2 859
						2919
						2920
						2921
					2898
					2899
				1922
			0..3 1016
				3312
				3313
				3314
					4927 ?
		0..7 15
			1..2 48
				0..1 110
					1..1 217
						1..2 419
							3..3 481
								2..3 929
									3092
									3093
									3094
								2095
								2096
							1981
							1982
						2..3 490
							1..2 1042
								3381
								3382
								3383
									4783 ?
							2112
							2113
						1..1 1116
							1..3 1447
								4519
								4520
								4521
							3575
								4886
							3576
					1565
					1566
				0..3 198
					1652
						4859 ?
					1653
					1654
				1516
			1..2 80
				1..2 129
					0..1 855
						0..3 1147
							3659
							3660
							3661
						2911
						2912
					1586
					1587
				1531
				1532
			2..2 86
				1..1 107
					0..4 693
						1..1 1200
							1..3 1350
								4235
								4236
								4237
							3810
							3811
						2535
						2536
						4820
					0..1 796
						2762
						2763
						2764
					1..1 921
						1..2 1457
							4549
							4550
							4551
						3069
						3070
							4877 ?
				2..2 114
					0..3 525
						0..1 965
							2..3 1335
								4191
								4192
								4193
							3181
							3182
						2178
						2179
					1569
					1570
				0..3 593
					0..1 1214
						3847
						3848
						3849
					2317
					2318
				3..3 682
					0..3 732
						2625
						2626
						2627
					1..1 866
						2936
						2937
						2938
							4939
					2511
				0..1 952
					3148
					3149
					3150
			1..1 309
				1784
				1785
				1786
					4857
			0..1 570
				2..3 743
					2651
					2652
					2653
					4879
				2268
				2269
				4763
			0..2 590
				3..3 1309
					4120
					4121
					4122
				2310
				2311
			0..2 671
				2..3 1055
					3414
					3415
					3416
				2487
				2488
					4786
			1..3 856
				1..3 1025
					3334
					3335
					3336
				1..3 1401
					4384
					4385
					4386
				2913
		1..3 93
			1..3 101
				0..1 122
					0..2 216
						1..3 373
							1..2 484
								2101
								2102
								2103
							1901
							1902
						1678
						1679
							4842
					1..3 407
						2..3 865
							1..1 1015
								3309
								3310
									4894 ?
								3311
							2934
							2935
						1961
						1962
					1..2 433
						2007
						2008
						2009
				0..5 221
					1..1 521
						1..1 609
							3..3 1428
								4462
								4463
								4464
							2345
							2346
						0..2 1327
							4169
							4170
								4693
							4171
						2169
					0..1 588
						1..2 635
							2405
							2406
							2407
						2307
						2308
					1..2 666
						2473
						2474
						2475
					1..2 1070
						1..1 1243
							3929
							3930
							3931
							4790
						3455
							4956 ?
						3456
					0..1 1216
						2..3 1221
							3867
							3868
							3869
						3853
						3854
				2..2 537
					0..2 806
						2..2 1196
							3798
								4761
							3799
							3800
							4712
						2788
						2789
					3..3 822
						0..1 1173
							3732
							3733
							3734
						2825
						2826
					2199
				2..2 1336
					4194
					4195
					4196
			3..3 322
				1805
					4811
				1806
				1807
			1548
		2..3 526
			2..3 837
				0..1 1071
					3457
					3458
					3459
				2865
				2866
			2180
			2181
		0..3 559
			2250
			2251
			2252
		2..2 983
			3223
			3224
			3225
		1..2 995
			3257
			3258
			3259
		4762
	0..4 194
		2..2 1429
			4465
			4466
			4467
		1649
			4687 ?
				4973
		1650
		4721
	1..2 826
		2835
		2836
		2837
	0..2 854 ?
		2..3 1368
			3..3 1454
				4540
				4541
				4542
			4289
			4290
		2909
		2910
config: 0