abstract 0
	xor 1
		mux 3
			xor 5
				or 34
					mux 63
						mux 251
							xor 437
								xor 465
									2053
									2054
									2055
								mux 551
									mux 1017
										3322
										3323
										3324
									mux 1113
										3571
										3572
										3573
									2223
								2008
									4765 ?
							mux 471
								mux 795
									3..3 984
										mux 1329
											4169
											4170
											4171
												4951 ?
										3235
										3236
									1..2 1084
										3491
										3492
										3493
									mux 1181
										3755
										3756
										3757
								2066
								2067
							1727
						or 678
							2489
							2490
							2491
						xor 933
							3100
							3101
							3102
					2..3 88
						or 282
							mux 675
								1..2 724
									2598
									2599
									2600
								2485
								2486
							1762
							1763
								4974 ?
						or 498
							2..3 740
								mux 1469
									4577
									4578
									4579
								2636
								2637
							2123
							2124
						2..3 1334
							4184
							4185
							4186
					mux 119
						or 122
							mux 123
								0..3 128
									1..2 360
										1879
										1880
										1881
									1574
									1575
								1..2 148
									4..4 268
										or 354
											1870
											1871
											1872
										1..4 540
											0..3 1056
												3..3 1356
													4245
													4246
													4247
												3418
												3419
											2201
											2202
											4848
										or 750
											2658
											2659
											2660
										mux 959
											3168
												4994
											3169
											3170
												4755 ?
									2..2 532
										2187
										2188
										2189
									2..3 960
										3171
										3172
										3173
								xor 265
									or 274
										mux 367
											0..2 472
												or 786
													2747
													2748
													2749
												mux 1129
													3614
													3615
													3616
												2068
											mux 667
												or 838
													2867
													2868
														4885 ?
													2869
												3..3 992
													3254
													3255
													3256
												2465
											or 670
												2472
												2473
												2474
											xor 713
												xor 733
													2619
													2620
														4864
													2621
												2574
												2575
											mux 1067
												3447
												3448
												3449
											2..3 1370
												4285
												4286
												4287
										xor 413
											1..3 632
												mux 663
													1..2 1248
														3937
														3938
															4862 ?
														3939
														4713
													2457
													2458
												1..3 1006
													3292
													3293
													3294
												2392
													4719
													4840
											1969
											1970
										1754
									0..2 336
										mux 1009
											3300
											3301
											3302
										1844
										1845
									1744
										4989
									4695
							xor 145
								mux 291
									xor 357
										1..2 496
											xor 781
												2733
												2734
													4916 ?
												2735
													4702 ?
											xor 853
												2903
												2904
												2905
													4824 ?
											2119
										mux 671
											0..2 1170
												3724
												3725
												3726
											2475
											2476
										mux 695
											0..1 1130
												3617
												3618
												3619
												4874
											2527
											2528
										4970
									mux 1105
										2..2 1364
											4268
											4269
											4270
										3551
										3552
									mux 1193
										2..2 1208
											mux 1277
												4020
												4021
												4022
											mux 1497
												4661
												4662
												4663
											3827
											4783
										3788
										3789
								xor 953
									3151
									3152
									3153
								1585
							xor 173
								mux 275
									mux 423
										2..3 928
											3086
											3087
											3088
										mux 1305
											mux 1341
												1..3 1492
													4646
													4647
													4648
												4203
												4204
											4101
											4102
										mux 1375
											4300
											4301
											4302
									or 650
										2429
										2430
										2431
									1755
								mux 359
									2..3 476
										0..1 1054
											mux 1451
												4524
												4525
												4526
											3413
											3414
										2075
										2076
									1877
									1878
								1626
							xor 529
								0..3 1188
									3774
									3775
									3776
								2180
								2181
						or 358
							0..2 376
								or 602
									2326
										4878 ?
									2327
									2328
										4812 ?
								2..3 1142
									3649
									3650
									3651
								1906
							1875
							1876
						mux 1489
							4637
							4638
							4639
					or 418
						0..2 708
							2560
							2561
							2562
						xor 773
							2713
							2714
							2715
						mux 943
							mux 1337
								4192
								4193
								4194
							3126
							3127
						0..1 1182
							3758
							3759
							3760
				1501
				1502
				4743
			xor 129
				xor 333
					mux 427
						0..3 1270
							4000
							4001
							4002
						1992
						1993
					or 446
						mux 1397
							4363
							4364
							4365
						2024
						2025
					xor 477
						mux 619
							or 654
								or 926
									3080
									3081
									3082
										4739
								mux 1315
									4130
									4131
									4132
								2439
							2362
							2363
						2077
						2078
					mux 539
						mux 771
							2708
							2709
							2710
						2199
						2200
					mux 555
						2228
							4953
						2229
							4776
						2230
					3..3 564
						2249
						2250
						2251
						4917
					or 778
						2726
						2727
						2728
					mux 1363
						4265
						4266
						4267
				1576
				1577
			xor 777
				1..3 1172
					3729
					3730
					3731
				2724
				2725
		2..2 4
			xor 13
				xor 197
					or 642
						1..1 736
							or 794
								mux 1161
									3700
									3701
									3702
								mux 1207
									0..1 1228
										3880
										3881
										3882
									mux 1299
										4083
										4084
										4085
									3826
								mux 1241
									3917
										4747 ?
									3918
									3919
							2626
							2627
						2412
						2413
					or 742
						2641
						2642
						2643
					3..3 1440
						4491
						4492
						4493
				1503
				1504
			1..4 40
				or 46
					or 98
						or 110
							1..1 116
								2..2 276
									mux 867
										2933
										2934
										2935
											4682
									mux 1267
										3992
										3993
										3994
									1756
								or 294
									1779
									1780
									1781
								1563
								4847
							or 410
								1962
								1963
								1964
							or 570
								or 814
									1..1 1216
										mux 1445
											4506
												4797 ?
													4859 ?
														4888 ?
											4507
											4508
										3846
										3847
									2809
									2810
								2261
								2262
						mux 379
							mux 791
								mux 1195
									3792
									3793
									3794
								2761
								2762
							1911
							1912
						0..1 572
							2263
							2264
							2265
						or 862
							2920
							2921
							2922
						mux 1385
							0..3 1484
								4622
								4623
									4816
								4624
							4328
							4329
					0..1 140
						mux 147
							1588
							1589
							1590
						mux 159
							1605
							1606
							1607
						xor 245
							1..1 492
								1..2 1304
									4098
									4099
									4100
								2113
								2114
									4931 ?
							xor 921
								2..2 1320
									4143
									4144
									4145
								3068
								3069
							mux 1049
								3399
								3400
								3401
						mux 907
							xor 989
								3247
								3248
								3249
							0..2 1090
								3508
								3509
								3510
							3036
					xor 377
						mux 527
							xor 693
								mux 863
									2923
									2924
									2925
								2523
								2524
							2176
							2177
						1907
						1908
					or 530
						2182
						2183
						2184
					or 630
						xor 769
							xor 957
								3162
								3163
								3164
							2705
							2706
								4711
								4947
						2..2 828
							or 846
								3..3 1372
									4291
									4292
									4293
								mux 1395
									4357
										4962
									4358
									4359
										4879
								2887
							3..4 1120
								3590
								3591
								3592
								4767
							2844
						2389
				2..7 56
					mux 59
						1..1 352
							xor 881
								2968
								2969
								2970
							1..1 980
								mux 1295
									4071
									4072
									4073
								3225
								3226
							1869
						xor 737
							2628
							2629
							2630
						1527
					or 82
						1..2 252
							xor 501
								or 606
									or 810
										2799
										2800
										2801
									2336
									2337
								2..3 1366
									1..3 1486
										4628
										4629
										4630
									4274
									4275
								2128
							1728
							1729
						2..2 400
							1..2 468
								2059
								2060
								2061
							or 582
								mux 1237
									3905
									3906
									3907
										4764
								2283
								2284
							1950
								4841 ?
						1545
					xor 89
						or 182
							mux 283
								xor 285
									mux 647
										1..2 1118
											0..1 1450
												4521
												4522
												4523
													4948 ?
											3585
											3586
										2421
										2422
									1768
									1769
								1764
								1765
							2..2 808
								2794
								2795
								2796
							1..2 1342
								4205
								4206
								4207
						or 190
							mux 1379
								4311
								4312
								4313
							1638
							1639
						xor 209
							mux 1069
								3453
								3454
								3455
							1663
							1664
						0..0 216
							xor 269
								mux 463
									or 802
										2781
										2782
										2783
									xor 849
										mux 1073
											3463
											3464
											3465
												4839
										2894
										2895
									2049
								1748
								1749
							xor 289
								0..3 356
									xor 613
										2348
										2349
										2350
									mux 735
										mux 1227
											3877
											3878
											3879
										2624
										2625
										4680
									0..2 1402
										4378
										4379
										4380
								mux 535
									xor 897
										3010
											4806 ?
										3011
											4855
										3012
									2193
									2194
								0..3 1104
									3548
									3549
									3550
							mux 707
								2557
								2558
								2559
							4785
					3..3 580
						xor 593
							xor 605
								2333
								2334
								2335
							mux 851
								mux 1135
									1..1 1300
										4086
										4087
										4088
									3630
									3631
								2899
								2900
							2312
						0..4 644
							2416
							2417
							2418
							4801
						or 922
							3070
							3071
							3072
						4679
					mux 967
						3190
						3191
						3192
					mux 1143
						3652
						3653
						3654
					0..3 1500
						4670
						4671
						4672
				0..2 152
					xor 193
						2..3 300
							xor 825
								2836
								2837
								2838
							mux 871
								0..1 1324
									4155
									4156
									4157
								2941
								2942
							1787
						or 434
							0..1 1108
								mux 1467
									4571
									4572
									4573
								3559
								3560
							2003
							2004
						1642
					xor 217
						or 314
							or 558
								2236
								2237
								2238
							xor 841
								xor 961
									3174
									3175
									3176
								2875
								2876
							1808
						1676
						1677
					or 762
						2689
							4857 ?
						2690
						2691
				mux 839
					or 870
						1..1 1412
							4408
							4409
							4410
						2939
						2940
					2870
					2871
			mux 43
				mux 75
					xor 157
						1602
						1603
						1604
					mux 239
						or 306
							1..2 860
								2914
								2915
								2916
									4889 ?
								4831
							0..1 1010
								3303
								3304
									4924
								3305
							mux 1333
								4181
								4182
								4183
						xor 317
							1814
							1815
							1816
						or 506
							xor 645
								mux 759
									0..3 1088
										3502
										3503
										3504
									2682
										4761 ?
									2683
								mux 1429
									4458
									4459
									4460
										4724 ?
								2419
							xor 701
								2541
								2542
								2543
							2..2 768
								mux 1079
									3480
									3481
									3482
								2..3 1140
									3643
										4866
									3644
									3645
								2704
									4909
						or 578
							2..3 620
								2364
								2365
								2366
							2276
							2277
					0..1 368
						xor 421
							3..3 1336
								4189
								4190
								4191
							1982
							1983
						2..3 484
							2093
							2094
							2095
						1893
					xor 369
						1894
						1895
						1896
					xor 505
						mux 583
							2285
							2286
							2287
						3..3 1218
							3851
							3852
							3853
						1..2 1330
							4172
							4173
							4174
					1..3 520
						3..3 884
							3..3 1474
								4592
								4593
								4594
							2976
							2977
						2161
						2162
				xor 113
					mux 215
						2..3 340
							mux 1163
								3705
								3706
								3707
							1848
							1849
						1674
						1675
					2..2 396
						or 526
							2173
							2174
							2175
						or 562
							mux 1263
								3980
								3981
								3982
							2244
							2245
						mux 563
							2246
							2247
								4822 ?
							2248
					xor 681
						2496
						2497
						2498
				mux 191
					mux 467
						2..2 844
							2882
							2883
							2884
								4906
						or 930
							3092
							3093
							3094
						or 966
							3187
							3188
							3189
					1640
					1641
				mux 355
					mux 363
						1884
						1885
						1886
					1873
					1874
				mux 399
					mux 519
						xor 617
							2357
							2358
								4925 ?
							2359
						3..3 1166
							3713
								4869 ?
							3714
							3715
						2160
						4690
					or 902
						3023
						3024
						3025
					1..1 1068
						3450
						3451
						3452
			1..4 44
				mux 51
					or 202
						1653
						1654
						1655
					1523
					1524
				mux 71
					1..1 452
						0..3 792
							mux 1219
								3854
									4969
								3855
								3856
							mux 1275
								4015
								4016
								4017
							2763
						mux 1459
							4548
							4549
							4550
						2032
					mux 815
						2811
						2812
						2813
					0..1 976
						3213
						3214
						3215
				or 78
					or 158
						1..1 288
							1..1 320
								or 490
									2108
									2109
									2110
								mux 895
									0..3 1106
										3553
											4828
										3554
										3555
									3005
									3006
								1817
							or 690
								2514
								2515
								2516
							1772
								4980 ?
						mux 295
							mux 1417
								4422
								4423
								4424
								4827
									4997 ?
							1782
							1783
						or 950
							3143
							3144
							3145
					mux 811
						3..3 1382
							2..3 1466
								4568
								4569
								4570
							4320
							4321
						2802
						2803
					mux 1175
						3737
							4789
						3738
						3739
						4710
				1..1 100
					2..2 160
						mux 163
							mux 495
								xor 673
									2..3 1016
										3319
										3320
										3321
									2480
									2481
										4907
								0..3 1164
									3708
									3709
									3710
								2118
							mux 1391
								4345
									4708
								4346
								4347
							1612
						1608
						1609
					1..3 188
						2..3 280
							2..2 308
								1..1 464
									2050
									2051
									2052
								1799
								1800
							mux 575
								2270
								2271
								2272
							mux 755
								2673
								2674
								2675
						1..1 416
							0..2 1196
								3795
								3796
								3797
							1976
							1977
						or 758
							0..0 880
								2965
								2966
								2967
								4688
							mux 1031
								1..2 1156
									3687
									3688
									3689
								3356
								3357
							2681
								4775 ?
					or 250
						1724
						1725
						1726
			or 286
				mux 1453
					4530
					4531
					4532
				1770
				1771
		or 6
			mux 11
				or 18
					0..4 32
						xor 153
							xor 301
								mux 531
									mux 715
										or 970
											3199
											3200
											3201
										2579
										2580
									2185
									2186
								1788
								1789
							1..3 820
								0..2 864
									mux 883
										mux 1411
											4405
												4973
											4406
											4407
												4922 ?
										2974
										2975
									mux 923
										mux 1421
											4434
											4435
											4436
										3073
										3074
									2926
								1..2 1284
									4040
									4041
									4042
								2823
									4817
							1594
						xor 181
							mux 315
								xor 717
									2583
									2584
									2585
										4843
								1809
								1810
							0..2 744
								mux 915
									mux 1059
										3426
										3427
										3428
									3053
									3054
								2646
								2647
									4987 ?
							1632
						0..1 380
							or 590
								2304
								2305
								2306
							xor 705
								mux 1153
									3678
									3679
									3680
								2552
								2553
							2..2 752
								2664
								2665
									4849 ?
								2666
						1..3 848
							2891
							2892
							2893
						mux 999
							3273
							3274
							3275
					mux 95
						or 178
							mux 211
								0..3 404
									1955
									1956
									1957
								1666
								1667
							mux 323
								0..1 1244
									3926
									3927
									3928
								1821
								1822
							xor 441
								2012
								2013
									4856 ?
								2014
							or 714
								2576
								2577
								2578
						or 366
							1890
							1891
							1892
							4750
						mux 523
							2167
							2168
								4934 ?
							2169
							4936
						mux 1023
							mux 1285
								4043
								4044
								4045
									4794 ?
									4835 ?
							3337
							3338
						0..3 1154
							3681
							3682
							3683
					0..1 96
						or 118
							mux 151
								xor 385
									1..1 1278
										4023
										4024
										4025
									1921
									1922
										4759
								or 466
									2056
									2057
									2058
								mux 627
									or 910
										3042
										3043
										3044
									2382
									2383
							1567
							1568
						or 126
							mux 235
								or 470
									mux 595
										1..2 1274
											4012
											4013
											4014
										2314
										2315
									0..1 1126
										mux 1223
											3865
											3866
											3867
										3607
										3608
									2065
									4836
								1704
								1705
							1570
								4698 ?
							1571
						mux 683
							or 866
								2930
								2931
								2932
							mux 1201
								3808
								3809
								3810
							2501
					mux 111
						xor 149
							4..4 164
								mux 179
									or 270
										xor 977
											3216
											3217
											3218
										1750
										1751
									or 442
										0..3 728
											2..3 1076
												3472
												3473
												3474
											2606
											2607
										2015
										2016
											4810 ?
									0..2 1282
										4034
										4035
										4036
								mux 403
									mux 855
										mux 1119
											3587
											3588
											3589
												4968
										0..2 1246
											3931
											3932
											3933
										2..2 1264
											3983
											3984
											3985
									3..3 1122
										3596
										3597
										3598
									2..2 1490
										4640
										4641
										4642
								xor 661
									2452
									2453
									2454
								1..1 816
									mux 1109
										0..3 1150
											mux 1183
												3761
												3762
												3763
											3671
											3672
										3561
										3562
									mux 1165
										0..1 1254
											3955
											3956
											3957
										3711
										3712
									2814
							2..3 1146
								3660
								3661
								3662
							1591
						1559
						1560
						4978
					or 134
						3..3 168
							or 538
								2196
								2197
								2198
							1615
							1616
						or 174
							xor 253
								mux 611
									xor 649
										2426
										2427
										2428
									0..2 1062
										3434
										3435
										3436
									2344
								or 822
									2827
									2828
									2829
								1730
							or 266
								2..2 784
									2742
									2743
									2744
								or 974
									mux 1033
										mux 1213
											3837
											3838
											3839
										3359
										3360
										4760
									3209
									3210
								1745
							xor 449
								xor 813
									0..2 1134
										3627
										3628
										3629
									2807
									2808
								2027
									4900
								2028
						1..3 652
							2434
							2435
							2436
								4807
					or 342
						0..2 1444
							4503
							4504
							4505
						1850
						1851
					mux 1111
						2..2 1448
							4515
							4516
							4517
						3566
							4881
						3567
					2..2 1420
						4431
						4432
						4433
				mux 79
					xor 81
						xor 137
							1..4 440
								mux 1013
									3311
										4834
									3312
									3313
										4791
								mux 1025
									3342
									3343
										4771 ?
											4865
									3344
								mux 1045
									mux 1179
										3749
										3750
										3751
									3388
										4961 ?
									3389
								1..2 1468
									4574
									4575
										4820
									4576
							mux 1047
								3393
								3394
								3395
							2..2 1252
								3949
								3950
								3951
						1..3 180
							3..3 392
								xor 965
									3184
									3185
									3186
								1935
								1936
							2..2 1288
								mux 1357
									4248
									4249
									4250
										4854 ?
											4988 ?
								4051
								4052
							1631
						mux 335
							xor 745
								or 818
									2817
									2818
									2819
								xor 993
									3257
									3258
									3259
								2648
								4731
							1842
							1843
						mux 1039
							3374
							3375
							3376
					or 94
						xor 249
							or 370
								mux 411
									xor 533
										1..1 1132
											3621
											3622
											3623
										3..3 1452
											4527
											4528
											4529
										2190
									1965
									1966
								mux 635
									mux 1061
										mux 1229
											3883
											3884
												4979
											3885
										3432
											4895 ?
										3433
									2399
									2400
								3..3 1148
									3665
									3666
									3667
							2..2 604
								mux 1419
									4428
									4429
										4844 ?
									4430
								2331
								2332
							mux 1051
								mux 1083
									2..3 1496
										4658
										4659
										4660
									3489
									3490
								3405
								3406
						or 298
							or 710
								2565
								2566
								2567
							mux 935
								3106
								3107
								3108
							3..3 948
								mux 1133
									3624
									3625
									3626
								mux 1307
									4106
									4107
									4108
								mux 1369
									4282
										4926
									4283
									4284
							2..3 1004
								3286
								3287
								3288
							mux 1141
								3646
								3647
								3648
						or 454
							or 958
								3165
								3166
								3167
							3..3 1008
								3297
								3298
									4967 ?
								3299
							2034
						0..3 764
							2695
							2696
							2697
					1542
				4..4 104
					mux 311
						1..2 456
							or 754
								2670
								2671
								2672
							2037
							2038
						2..2 460
							xor 513
								0..2 592
									or 790
										2758
										2759
										2760
									2310
										4706
									2311
								or 982
									3230
										4876 ?
									3231
									3232
								2150
							mux 643
								or 854
									2..2 952
										3148
										3149
										3150
									mux 1225
										3871
										3872
										3873
									2906
								2414
								2415
							2045
							4699
						1805
					1..1 428
						1994
						1995
						1996
							4946 ?
					mux 887
						2983
						2984
						2985
							4781 ?
					1..3 1190
						3779
						3780
						3781
				3..4 184
					2..3 208
						or 618
							1..2 800
								2775
								2776
								2777
							2360
							2361
						mux 763
							2692
							2693
							2694
						1662
					0..2 292
						mux 803
							or 990
								mux 1057
									3420
									3421
									3422
								mux 1455
									4536
									4537
									4538
								3250
							2784
							2785
						mux 939
							3115
							3116
							3117
						1776
					mux 371
						1..1 868
							mux 1249
								3940
									4957
								3941
								3942
							2936
								4722 ?
							2937
						1897
						1898
					1..1 432
						1..1 504
							xor 669
								2469
								2470
								2471
							xor 761
								0..2 1018
									3..3 1236
										0..2 1442
											4497
											4498
											4499
										3903
										3904
									3325
									3326
								2687
								2688
							2135
						mux 1409
							4399
							4400
							4401
						2002
				mux 271
					or 290
						1773
						1774
						1775
					mux 475
						2072
						2073
						2074
					1752
				xor 889
					mux 1093
						mux 1339
							4198
							4199
							4200
						3517
						3518
					2988
					2989
				0..3 908
					3037
					3038
					3039
			mux 47
				or 54
					xor 161
						or 246
							mux 1457
								4542
								4543
								4544
							1718
							1719
						or 338
							0..1 692
								2520
								2521
								2522
							1846
							1847
						mux 395
							mux 1301
								4089
								4090
								4091
							1943
							1944
					xor 981
						3227
						3228
						3229
					1525
				xor 69
					1532
					1533
					1534
				mux 139
					mux 247
						mux 319
							3..3 348
								1860
								1861
								1862
							xor 689
								0..2 1092
									3514
									3515
									3516
								2512
								2513
							or 858
								2911
								2912
								2913
						1720
						1721
					mux 299
						0..2 900
							3018
							3019
							3020
						mux 1321
							4146
							4147
							4148
						1786
							4809 ?
					xor 401
						or 542
							1..1 1168
								3719
								3720
								3721
							2205
							2206
						1951
						1952
					mux 451
						or 634
							2396
							2397
							2398
						1..3 892
							2996
							2997
							2998
						1..1 1116
							3579
							3580
							3581
					or 566
						2..2 1200
							0..1 1398
								4366
								4367
								4368
							mux 1493
								4649
								4650
								4651
							3807
						mux 1399
							4369
							4370
							4371
						2254
					or 890
						2990
						2991
							4693 ?
						2992
						4819
					4752
				mux 255
					3..3 312
						0..3 408
							xor 417
								1..3 748
									2654
									2655
									2656
								1..2 944
									3128
									3129
									3130
								3..3 972
									3204
									3205
									3206
							2..2 1066
								3444
								3445
								3446
							0..2 1432
								4467
								4468
								4469
						mux 483
							0..3 840
								2872
								2873
								2874
							2091
							2092
						0..2 680
							3..3 932
								3097
								3098
								3099
								4982
							mux 1055
								3415
								3416
								3417
							2495
					xor 573
						2266
						2267
						2268
							4918 ?
					xor 829
						2845
						2846
						2847
				xor 381
					mux 559
						mux 1293
							4065
							4066
								4814
									4937
								4833 ?
							4067
						3..3 1438
							4485
							4486
							4487
						2239
					1913
					1914
				2..3 552
					xor 557
						0..3 996
							3266
							3267
							3268
						2234
						2235
					xor 569
						1..2 584
							2288
							2289
							2290
						xor 601
							0..1 1102
								3542
								3543
								3544
							2324
								4999
							2325
						2260
						4830
							4950
					2224
			mux 259
				or 946
					3134
					3135
						4945
					3136
				1735
				1736
			xor 325
				1823
				1824
				1825
			or 482
				3..4 612
					2345
					2346
					2347
					4744
				2089
				2090
			1..2 1354
				4239
				4240
				4241
		mux 7
			0..2 8
				or 10
					1..1 144
						xor 461
							0..1 524
								2..2 904
									3029
									3030
									3031
									4985
								2170
								2171
							3..3 1110
								3563
								3564
								3565
							2046
						xor 709
							mux 1349
								4224
								4225
									4808 ?
								4226
							2563
							2564
							4851
						3..3 1220
							3857
							3858
							3859
					or 798
						mux 1245
							mux 1287
								4048
								4049
								4050
							3929
							3930
						mux 1327
							4163
							4164
							4165
						2771
					or 954
						3154
						3155
						3156
				or 38
					mux 183
						or 230
							or 706
								2554
								2555
								2556
							1696
							1697
						mux 327
							xor 817
								or 962
									mux 1087
										mux 1291
											4059
											4060
											4061
										3500
										3501
									3177
									3178
								2815
								2816
							1829
							1830
						mux 571
							or 586
								2293
									4972
								2294
								2295
							or 774
								2716
								2717
								2718
							0..3 1022
								3334
								3335
								3336
							1..1 1250
								3943
								3944
								3945
							0..1 1326
								mux 1483
									4619
									4620
									4621
								4161
								4162
							4745
						mux 1151
							mux 1271
								4003
									4821 ?
								4004
									4976
								4005
							3673
							3674
					2..2 372
						or 386
							or 398
								xor 929
									3089
									3090
									3091
								1948
									4784 ?
								1949
							or 614
								xor 865
									2927
									2928
									2929
									4943
								0..2 1014
									3314
									3315
									3316
								2351
							mux 687
								0..1 1388
									4336
									4337
									4338
								mux 1433
									4470
									4471
									4472
								2509
						1899
						1900
					1516
				2..2 196
					3..3 220
						or 226
							xor 281
								1759
								1760
								1761
									4742 ?
							1690
							1691
						or 258
							0..3 544
								mux 1095
									3522
										4903
									3523
									3524
									4875
								2210
								2211
							mux 699
								mux 1279
									4026
									4027
									4028
								2537
								2538
							1734
								4795 ?
						mux 1257
							3963
							3964
							3965
					2..3 488
						mux 1309
							4112
							4113
							4114
						2104
						2105
					xor 741
						2638
						2639
						2640
					mux 1311
						4118
						4119
						4120
					mux 1481
						4613
						4614
						4615
				mux 267
					or 826
						2839
						2840
						2841
					1746
					1747
			xor 9
				mux 23
					2..3 52
						mux 87
							or 90
								xor 241
									1710
									1711
									1712
								1547
								1548
							mux 351
								or 722
									2594
									2595
									2596
								1867
								1868
							1546
						or 142
							xor 525
								mux 591
									2307
									2308
									2309
								xor 837
									2864
									2865
									2866
								2172
							mux 1121
								3593
								3594
								3595
							1584
						xor 589
							2301
							2302
							2303
					or 378
						3..3 388
							mux 639
								mux 1233
									3895
									3896
									3897
								2406
								2407
							1926
							1927
						1909
						1910
					0..2 1114
						3574
						3575
						3576
							4740 ?
				mux 107
					1..1 1030
						3353
						3354
						3355
					1555
					1556
						4782 ?
				xor 341
					1..4 436
						mux 1231
							3889
							3890
							3891
								4952
						2006
							4921
						2007
						4725
					or 638
						mux 911
							1..2 1044
								3385
								3386
								3387
							mux 1125
								2..2 1144
									3655
									3656
									3657
								3605
								3606
							3045
						or 994
							3260
							3261
							3262
						2405
					mux 703
						2547
						2548
						2549
					0..3 836
						1..2 1258
							3966
							3967
							3968
						2862
						2863
					3..3 1180
						3752
						3753
						3754
						4779
				1..2 712
					2571
					2572
					2573
			mux 15
				or 22
					xor 109
						mux 799
							2772
								4966 ?
							2773
							2774
						1557
						1558
					0..2 296
						or 382
							xor 801
								2778
								2779
								2780
							1915
							1916
						xor 997
							3269
							3270
							3271
						1784
					xor 373
						mux 747
							2651
							2652
							2653
						mux 1403
							4381
							4382
							4383
						1901
					or 830
						2848
						2849
						2850
					1..1 876
						2955
						2956
						2957
					mux 1343
						4208
						4209
							4718 ?
						4210
					mux 1367
						4276
						4277
							4971
						4278
				or 26
					mux 859
						0..2 924
							3075
							3076
							3077
						mux 1011
							3306
							3307
							3308
						mux 1471
							4583
							4584
								4892
							4585
					1509
					1510
				mux 115
					3..3 248
						or 414
							mux 623
								4..4 640
									2408
									2409
										4915
									2410
									4735
								or 694
									mux 1053
										3410
										3411
										3412
									2525
									2526
								xor 729
									2608
										4728
									2609
										4696 ?
									2610
								mux 847
									2888
									2889
									2890
							1971
							1972
						1722
						1723
					xor 329
						1833
						1834
						1835
							4963
					xor 453
						0..1 1162
							1..2 1456
								4539
									4991
								4540
								4541
							3703
								4734
							3704
								4778 ?
						0..1 1464
							4562
							4563
							4564
						2033
					0..3 676
						mux 723
							mux 1015
								mux 1255
									1..1 1396
										4360
										4361
										4362
										4800
									3958
									3959
								3317
								3318
							2..2 1178
								3746
								3747
								3748
							2597
						mux 1401
							4375
							4376
								4788 ?
							4377
						2487
					mux 1091
						3511
						3512
						3513
			mux 35
				mux 67
					0..2 68
						1529
						1530
						1531
					1..2 112
						3..4 136
							xor 221
								1682
								1683
								1684
							0..2 232
								mux 679
									2492
									2493
									2494
								1699
								1700
							xor 909
								2..2 1310
									4115
									4116
									4117
								3040
								3041
							4703
						1561
						1562
					mux 219
						xor 665
							2460
							2461
							2462
								4777 ?
						1680
							4858 ?
						1681
					mux 391
						1932
						1933
						1934
					mux 1437
						4482
						4483
						4484
				or 70
					1535
					1536
					1537
				1514
			0..1 80
				xor 233
					or 502
						2129
						2130
						2131
					or 546
						2213
						2214
							4715
						2215
					1701
					4675
				1543
				1544
			xor 93
				or 310
					mux 599
						mux 955
							3157
								4894
							3158
							3159
						2321
						2322
					1803
					1804
				or 514
					0..2 1348
						0..2 1404
							4384
							4385
								4823
							4386
						4222
						4223
					2151
					2152
				mux 1177
					3743
					3744
					3745
				mux 1359
					1..3 1378
						mux 1413
							4411
							4412
							4413
						4309
						4310
					4254
					4255
			0..1 120
				xor 297
					or 330
						0..1 556
							2231
							2232
							2233
						mux 899
							3015
							3016
							3017
						1836
					xor 353
						xor 409
							0..2 1058
								3423
								3424
								3425
							mux 1199
								3804
								3805
								3806
							1961
						1..1 696
							or 886
								2..3 1224
									3868
									3869
									3870
								2981
								2982
							2529
							2530
						xor 833
							2854
							2855
							2856
						2..3 1470
							4580
								4853
							4581
							4582
					1785
				xor 625
					2376
					2377
					2378
				1569
			xor 141
				or 166
					xor 545
						mux 819
							2820
								4792
							2821
							2822
						2..2 1176
							3740
							3741
							3742
						2212
					mux 1043
						3..3 1454
							4533
								4730 ?
							4534
							4535
						3383
						3384
					1614
				xor 469
					2062
					2063
					2064
				0..2 852
					mux 1089
						3505
						3506
						3507
					2901
						4886 ?
					2902
			or 458
				2042
					4929 ?
				2043
				2044
		xor 25
			xor 29
				xor 61
					or 74
						xor 753
							2667
								4912
							2668
							2669
						1540
						1541
					mux 83
						1..1 264
							2..2 412
								mux 1485
									4625
									4626
									4627
								1967
								1968
							mux 587
								2296
								2297
								2298
								4729
							1743
						mux 383
							or 550
								or 918
									3060
									3061
									3062
								2221
								2222
							1917
							1918
						mux 515
							2153
								4681
							2154
							2155
						or 986
							3240
							3241
							3242
					mux 243
						xor 913
							3047
							3048
							3049
						1715
						1716
				xor 517
					2156
					2157
					2158
				or 626
					2379
					2380
					2381
						4753 ?
			xor 77
				or 146
					xor 361
						0..3 1238
							3908
								4683 ?
							3909
							3910
						1882
						1883
					1586
						4726
					1587
				xor 169
					1617
					1618
					1619
				or 662
					3..3 1100
						3536
						3537
						3538
					2455
						4803
					2456
					4927
			1..2 316
				1811
				1812
				1813
		xor 189
			0..2 364
				xor 657
					0..3 684
						0..4 772
							0..2 832
								mux 1147
									1..3 1414
										4414
										4415
										4416
									3663
									3664
								2852
								2853
							2711
							2712
							4774
						2502
						2503
					3..4 920
						mux 1371
							4288
								4993 ?
							4289
							4290
						3066
						3067
						4944
					2446
				mux 1117
					3582
					3583
					3584
				1887
			xor 877
				or 914
					3050
					3051
					3052
				2958
				2959
				4964
			1637
		or 198
			0..1 240
				2..2 424
					mux 1499
						4667
						4668
						4669
					1985
					1986
				mux 975
					mux 1103
						3545
						3546
						3547
					3211
					3212
				or 978
					3219
					3220
					3221
			2..2 328
				mux 775
					mux 1021
						3331
						3332
						3333
					2719
						4899
					2720
				1831
				1832
			1646
		xor 445
			2021
			2022
			2023
		or 478
			2079
			2080
			2081
	or 2
		1..2 12
			mux 39
				xor 133
					1..1 236
						1..1 304
							1795
							1796
							1797
						1706
						1707
					mux 415
						1973
						1974
						1975
						4919
					1582
				xor 309
					or 374
						xor 489
							or 554
								2..3 596
									0..1 672
										2477
										2478
										2479
									2316
									2317
								mux 1005
									3289
									3290
									3291
								2..2 1040
									3377
									3378
									3379
							2106
							2107
						0..1 660
							or 770
								or 834
									2857
									2858
									2859
								2..3 1212
									3834
									3835
									3836
								2707
							2450
							2451
						1902
					1801
						4904
					1802
				1..1 528
					3..3 1240
						3914
						3915
						3916
					2178
					2179
				or 646
					mux 1191
						3782
						3783
						3784
					3..3 1206
						3823
						3824
						3825
							4949 ?
					2420
				xor 821
					2824
					2825
					2826
				4727
			xor 41
				mux 155
					1597
					1598
					1599
				0..1 600
					or 726
						2603
						2604
						2605
					mux 1377
						4306
						4307
						4308
					2323
				1..1 796
					2765
					2766
					2767
			or 42
				2..7 64
					mux 171
						1622
						1623
						1624
					or 186
						mux 1491
							4643
							4644
								4818 ?
							4645
						1633
						1634
					xor 229
						mux 303
							mux 1331
								4175
									4754 ?
								4176
								4177
									4867
										4941
							1793
							1794
						xor 549
							2218
							2219
							2220
						1695
					or 438
						1..2 548
							0..3 568
								2257
									4757 ?
								2258
								2259
							or 806
								mux 1205
									3820
									3821
									3822
								2790
								2791
							2217
						2009
						2010
					xor 541
						mux 1101
							3539
							3540
							3541
						2203
						2204
					mux 547
						xor 845
							3..3 936
								3109
								3110
								3111
							2885
							2886
						0..1 1032
							3..3 1074
								3466
								3467
								3468
							2..2 1344
								4211
								4212
								4213
							3358
						2216
					mux 631
						or 734
							1..3 916
								3055
								3056
								3057
							2622
							2623
								4705
						2390
						2391
					xor 893
						2999
							4758
								4773 ?
						3000
						3001
				1517
				1518
			mux 419
				1978
				1979
				1980
		xor 17
			or 30
				3..4 60
					or 154
						xor 201
							or 494
								or 598
									2318
									2319
									2320
									4676
								or 998
									mux 1155
										3684
										3685
											4877
										3686
									mux 1189
										mux 1297
											4077
											4078
											4079
										3777
										3778
									3272
								2117
							1651
							1652
						1595
						1596
					xor 293
						xor 597
							0..2 636
								xor 653
									or 906
										3033
											4762
										3034
										3035
									2437
									2438
								2401
								2402
							mux 659
								0..3 1338
									4195
									4196
									4197
								2448
								2449
							1..1 700
								mux 1443
									4500
									4501
									4502
								2539
								2540
							or 850
								2896
								2897
								2898
						1777
						1778
					1528
					4712
						4977
				1511
				1512
			mux 131
				or 150
					mux 651
						or 686
							2506
							2507
							2508
						2432
						2433
					1592
					1593
				mux 1123
					3599
						4905 ?
						4986 ?
					3600
					3601
				2..2 1214
					3840
					3841
					3842
						4768 ?
			mux 223
				1685
					4685 ?
						4829 ?
				1686
				1687
			1..1 512
				xor 561
					2241
					2242
					2243
				2148
				2149
			0..3 668
				2466
				2467
				2468
			xor 797
				2768
				2769
				2770
				4981
		mux 19
			mux 31
				mux 55
					or 62
						mux 135
							2..2 732
								mux 743
									0..3 888
										mux 1159
											3696
											3697
												4766 ?
											3698
										2986
											4920
										2987
									2644
									2645
								2617
								2618
							mux 1137
								3634
								3635
								3636
							1583
								4872 ?
						xor 509
							or 730
								2611
								2612
								2613
							2141
							2142
							4842
						2..4 1160
							2..2 1230
								3886
								3887
								3888
							1..2 1358
								4251
								4252
								4253
							3699
							4674
					or 106
						1552
						1553
						1554
					or 114
						1..2 284
							mux 443
								2017
								2018
								2019
							1766
							1767
						mux 431
							1999
							2000
							2001
							4707
						or 674
							2482
								4960
							2483
							2484
					xor 185
						mux 279
							xor 621
								2367
								2368
								2369
							1757
							1758
						3..3 324
							mux 435
								or 622
									2370
										4983 ?
									2371
									2372
								xor 757
									mux 1365
										4271
										4272
										4273
									2679
										4748 ?
									2680
								2005
							mux 951
								mux 987
									mux 1071
										2..3 1362
											4262
											4263
												4709
											4264
										3458
										3459
											4805
									3243
									3244
								3146
									4700 ?
									4913 ?
								3147
							mux 995
								3263
								3264
								3265
								4940
							0..3 1410
								4402
									4955 ?
								4403
								4404
						0..2 1048
							3396
							3397
							3398
					mux 195
						0..1 1152
							3675
							3676
							3677
							4846
						1644
						1645
					1..2 344
						mux 927
							3083
							3084
							3085
						0..2 1494
							4652
							4653
							4654
						1852
							4984 ?
					mux 739
						0..2 1446
							4509
							4510
							4511
							4733
						2634
						2635
					3..3 1128
						0..2 1390
							4342
							4343
							4344
						3612
						3613
				0..3 92
					1549
					1550
					1551
				or 318
					or 422
						mux 843
							2879
							2880
							2881
						mux 1447
							4512
							4513
							4514
						1984
					2..2 448
						0..2 624
							2373
							2374
							2375
								4798 ?
						2..3 1314
							4127
							4128
							4129
						mux 1325
							4158
							4159
								4837 ?
							4160
					mux 491
						0..2 804
							xor 925
								mux 1319
									1..3 1424
										4443
										4444
										4445
									4141
									4142
								3078
								3079
									4898
							mux 1099
								3533
								3534
								3535
							2786
								4787
						2111
						2112
					mux 1027
						0..2 1052
							3407
							3408
							3409
						3347
						3348
					1..3 1112
						3568
						3569
						3570
					0..2 1298
						4080
						4081
						4082
					2..2 1400
						4372
						4373
						4374
				mux 439
					mux 543
						2207
						2208
						2209
					mux 1423
						4440
						4441
						4442
					2011
				1..2 1186
					3769
					3770
					3771
			xor 33
				xor 121
					1..2 132
						xor 277
							0..2 384
								or 430
									xor 857
										xor 937
											mux 1139
												3640
												3641
												3642
											3112
											3113
										2909
										2910
									1..3 1138
										3637
										3638
										3639
									1998
								1919
								1920
							mux 507
								2136
								2137
								2138
							mux 1187
								2..2 1374
									4297
									4298
									4299
								3772
								3773
						1580
						1581
					2..2 172
						2..2 228
							mux 331
								1837
								1838
									4933
								1839
							xor 805
								2787
								2788
								2789
							1694
						mux 751
							2661
							2662
							2663
						1625
					0..3 212
						3..3 1060
							3429
							3430
							3431
						1668
							4965
						1669
							4893 ?
				2..6 124
					xor 165
						2..2 1416
							1..1 1482
								4616
								4617
								4618
							4420
							4421
						1..2 1458
							4545
							4546
							4547
						1613
							4677
								4891
					1..3 192
						mux 227
							mux 1347
								4219
								4220
								4221
							1692
							1693
						mux 339
							xor 393
								1937
								1938
									4861
								1939
							or 522
								xor 945
									3131
									3132
									3133
								2..2 1226
									3874
									3875
									3876
								2166
							mux 711
								2568
								2569
								2570
						or 346
							1854
							1855
							1856
					2..3 420
						mux 459
							0..3 1064
								mux 1211
									0..1 1346
										mux 1463
											4559
											4560
												4772
											4561
										4217
										4218
										4910
									3832
									3833
								3439
								3440
							mux 1115
								mux 1381
									4317
									4318
									4319
								3577
								3578
							mux 1259
								3969
								3970
								3971
						mux 1473
							4589
							4590
							4591
						1981
					mux 503
						2132
						2133
						2134
					or 698
						2534
						2535
						2536
					xor 917
						3..3 1024
							3339
								4887
							3340
							3341
						3058
							4995
						3059
				1513
			or 66
				or 894
					3002
					3003
					3004
					4825
				2..2 1086
					3497
					3498
					3499
				mux 1273
					4009
					4010
					4011
						4935
		1..1 24
			1..1 260
				xor 905
					2..2 912
						0..2 1036
							2..2 1286
								1..3 1306
									4103
									4104
									4105
								4046
								4047
							3366
							3367
						1..2 1268
							3995
							3996
							3997
						3046
							4901 ?
					mux 1107
						3556
						3557
						3558
					3032
				1737
				1738
			or 702
				2544
				2545
				2546
			1..1 872
				2943
				2944
				2945
				4684
			2..3 1386
				4330
				4331
					4868
				4332
		mux 27
			1..6 36
				or 50
					mux 175
						mux 1495
							4655
							4656
							4657
						1627
						1628
					1..3 200
						0..3 1376
							4303
							4304
							4305
						1649
						1650
					0..3 1026
						mux 1253
							3952
							3953
							3954
						3345
							4959 ?
						3346
					mux 1235
						3..3 1460
							4551
							4552
							4553
							4998
						3901
						3902
				xor 53
					xor 57
						xor 177
							mux 1019
								mux 1281
									1..1 1472
										4586
										4587
										4588
									4032
									4033
								0..3 1408
									4396
									4397
									4398
								3327
							1..3 1428
								4455
								4456
								4457
									4883 ?
							1630
						mux 343
							xor 429
								1..3 508
									xor 785
										mux 1373
											4294
											4295
											4296
												4721 ?
										2745
										2746
									2139
										4873 ?
									2140
								mux 931
									xor 969
										3196
										3197
										3198
									3095
									3096
								1997
							xor 697
								2531
								2532
								2533
									4826 ?
							or 782
								2736
								2737
								2738
						1526
					mux 91
						xor 101
							or 510
								xor 629
									2386
									2387
									2388
								2143
								2144
							2..2 576
								or 682
									mux 1173
										3732
										3733
										3734
									2499
									2500
								mux 1251
									3946
									3947
									3948
								mux 1303
									4095
									4096
									4097
							0..2 1096
								3525
									4714
								3526
								3527
							3..3 1488
								4634
								4635
								4636
						2..2 156
							xor 941
								3120
								3121
									4996 ?
								3122
							1600
							1601
						mux 375
							1903
							1904
							1905
						0..3 1478
							4604
							4605
							4606
					or 234
						or 254
							or 262
								2..2 720
									mux 1265
										3986
										3987
										3988
									1..2 1296
										4074
										4075
										4076
									2591
								xor 749
									4..4 1072
										3460
										3461
										3462
										4914
									mux 1351
										4230
										4231
										4232
									2657
								1741
							mux 287
								mux 731
									2614
									2615
									2616
								mux 919
									3063
									3064
									3065
								2..2 1290
									4056
										4882
									4057
									4058
							mux 387
								1923
								1924
									4687
								1925
						1702
						1703
					1..3 1184
						3..3 1194
							2..3 1302
								4092
								4093
								4094
							3790
							3791
						3764
						3765
				or 58
					xor 485
						1..1 1158
							3693
							3694
							3695
						2096
						2097
					xor 725
						2..3 1340
							mux 1387
								4333
								4334
								4335
							4201
							4202
						2601
						2602
					mux 1487
						4631
						4632
						4633
				xor 73
					xor 85
						or 278
							or 426
								1989
								1990
								1991
							xor 581
								mux 1475
									4595
									4596
									4597
										4704
										4939
								2281
								2282
							xor 633
								2393
									4884
								2394
									4838 ?
								2395
									4736
						1..3 444
							1..1 716
								mux 1077
									mux 1431
										4464
										4465
										4466
									3475
									3476
								2581
								2582
								4720
							mux 1393
								4351
								4352
								4353
							2020
						2..3 536
							mux 567
								or 666
									1..1 1222
										1..3 1308
											4109
											4110
											4111
										3863
										3864
									2463
									2464
								2255
								2256
							mux 1405
								4387
								4388
								4389
							2195
						mux 963
							2..2 1002
								mux 1041
									1..1 1082
										3486
										3487
										3488
									3380
									3381
										4691
										4811
								3282
								3283
							3179
							3180
					1538
					1539
					4694
				mux 127
					0..1 1078
						3477
						3478
						3479
					1572
						4770
					1573
				xor 273
					xor 345
						xor 637
							mux 767
								mux 807
									xor 885
										2978
										2979
										2980
									2792
									2793
								2702
								2703
							2403
							2404
						mux 831
							0..1 1046
								3390
								3391
								3392
							mux 1167
								3716
								3717
								3718
								4786
							2851
						1853
					mux 1203
						3814
						3815
						3816
					1753
				xor 365
					mux 1149
						3668
						3669
						3670
					1888
					1889
				or 518
					mux 991
						3251
						3252
						3253
					0..1 1426
						4449
						4450
						4451
					2159
				or 594
					0..2 824
						2833
						2834
						2835
					mux 835
						xor 973
							1..1 1280
								4029
								4030
									4813
								4031
							3207
							3208
							4871
						2860
						2861
					2313
				or 842
					2..2 1234
						3898
						3899
						3900
					2877
					2878
			or 170
				mux 407
					xor 425
						2..3 1380
							4314
							4315
							4316
						1987
						1988
					or 462
						xor 565
							or 898
								0..3 1292
									4062
									4063
									4064
								3013
								3014
							2252
							2253
						2047
						2048
					3..3 1316
						mux 1389
							4339
							4340
							4341
						4133
						4134
					0..3 1332
						4178
						4179
						4180
				1620
				1621
			mux 187
				2..2 1034
					3361
					3362
					3363
				1635
				1636
			4790
		or 138
			or 214
				mux 1477
					4601
					4602
					4603
				1672
				1673
				4863
			xor 553
				2225
				2226
				2227
			xor 949
				3140
				3141
				3142
			mux 1157
				3690
				3691
					4799 ?
				3692
		xor 349
			mux 499
				mux 823
					2830
					2831
					2832
				2125
				2126
			1..1 1210
				1..1 1242
					3920
					3921
					3922
				0..3 1312
					4121
					4122
					4123
				3831
			1863
		mux 1407
			4393
			4394
			4395
	or 14
		1..2 16
			xor 97
				or 130
					3..3 224
						mux 263
							xor 397
								1945
								1946
								1947
							xor 861
								2917
								2918
								2919
							1742
								4749 ?
						or 658
							mux 783
								2739
								2740
								2741
							mux 1269
								mux 1425
									4446
									4447
									4448
								3998
								3999
							2447
						mux 1065
							3441
							3442
							3443
								4850 ?
					1578
					1579
				xor 433
					xor 585
						mux 691
							2517
							2518
							2519
							4923
						2291
						2292
					mux 779
						mux 787
							2750
							2751
							2752
						2729
						2730
					or 878
						2960
						2961
						2962
				mux 1185
					3766
					3767
					3768
			1505
			1506
		2..2 20
			xor 45
				mux 199
					1..2 1430
						4461
						4462
						4463
					1647
					1648
				1519
				1520
			xor 65
				2..3 76
					xor 105
						xor 117
							1564
							1565
								4689
							1566
						or 390
							1..2 1406
								4390
								4391
								4392
								4897
							1930
							1931
						or 450
							2029
							2030
							2031
					1..2 272
						or 322
							3..3 812
								2804
								2805
									4954 ?
								2806
							mux 1415
								4417
								4418
								4419
							1820
						0..2 780
							1..2 1174
								mux 1313
									4124
									4125
									4126
								3735
								3736
							2731
							2732
						mux 1169
							mux 1479
								4607
								4608
								4609
							3722
							3723
					1..2 332
						or 350
							1864
							1865
							1866
						mux 1323
							4152
							4153
							4154
						1840
				0..2 84
					mux 167
						xor 389
							xor 721
								xor 765
									mux 1345
										4214
										4215
										4216
										4938
									2698
									2699
								2592
								2593
							1928
							1929
						or 874
							2949
							2950
							2951
						or 934
							3103
							3104
							3105
					1..1 664
						mux 1243
							3923
							3924
							3925
						1..1 1436
							4479
							4480
							4481
						2459
							4686
					mux 891
						2993
						2994
						2995
				or 86
					xor 205
						xor 337
							xor 457
								2039
								2040
								2041
							mux 615
								mux 983
									0..3 1352
										4233
										4234
										4235
									3233
									3234
								2352
								2353
							1..3 616
								2354
								2355
								2356
							1..2 788
								mux 971
									1..2 1392
										4348
										4349
										4350
									3202
									3203
								2753
								2754
						3..3 1094
							3519
								4751
							3520
							3521
						0..2 1480
							4610
							4611
							4612
					mux 579
						2278
						2279
						2280
					xor 809
						mux 1317
							4135
								4717 ?
							4136
							4137
						2797
						2798
				xor 869
					2..3 1028
						mux 1171
							mux 1247
								3934
								3935
								3936
							3727
							3728
						mux 1217
							3848
							3849
							3850
						3349
					mux 1063
						mux 1335
							mux 1465
								4565
								4566
								4567
							4187
							4188
						3437
						3438
					2938
				2..3 1276
					mux 1353
						4236
						4237
						4238
					4018
					4019
			1507
				4902 ?
		3..3 28
			or 238
				0..3 244
					mux 447
						xor 521
							2163
							2164
							2165
							4780
						1..1 1000
							3276
							3277
							3278
						2026
					xor 677
						mux 1075
							3469
							3470
							3471
						2..3 1318
							4138
								4992
							4139
								4769 ?
							4140
						2488
					1717
				or 746
					mux 1145
						mux 1355
							4242
							4243
							4244
						3658
						3659
					2649
					2650
				1709
			or 406
				0..2 648
					2423
					2424
					2425
				0..1 988
					2..2 1050
						3402
						3403
						3404
					3245
					3246
					4911
				1960
			1..3 1192
				3785
				3786
				3787
		xor 37
			or 222
				or 242
					or 738
						2631
						2632
						2633
					1713
					1714
				xor 473
					xor 481
						2086
						2087
						2088
					2069
					2070
				mux 487
					2101
					2102
					2103
				or 574
					0..1 608
						or 610
							0..2 896
								3007
								3008
								3009
							2342
							2343
						2339
						2340
						4763
					mux 947
						3137
						3138
						3139
					2269
						4958
			xor 225
				or 302
					1790
					1791
					1792
					4870
				1688
				1689
			1515
		0..1 48
			mux 455
				mux 875
					2952
					2953
					2954
				2035
				2036
			xor 537
				xor 685
					mux 1131
						0..2 1204
							3817
							3818
							3819
						mux 1289
							4053
							4054
							4055
						3620
					2504
					2505
				or 718
					2586
					2587
					2588
				mux 1449
					4518
					4519
					4520
					4956
			mux 1035
				mux 1283
					4037
					4038
					4039
				3364
				3365
			4928
		xor 49
			mux 479
				0..3 704
					2..3 1418
						4425
						4426
						4427
						4990
					2550
					2551
						4930
				1..2 776
					2721
					2722
					2723
				2082
			1521
			1522
		1..2 72
			mux 99
				or 102
					0..3 176
						or 334
							xor 405
								2..2 1070
									1..2 1462
										4556
										4557
										4558
											4880 ?
									3456
									3457
								1958
								1959
								4942
							mux 727
								mux 979
									3222
									3223
									3224
										4804
								0..1 1202
									3811
									3812
									3813
								2..2 1266
									3989
									3990
										4732
									3991
							1841
						or 394
							1940
							1941
							1942
						1629
					mux 307
						2..2 480
							2083
							2084
							2085
						mux 607
							0..1 628
								0..3 968
									3193
									3194
									3195
										5000
								2384
								2385
							mux 1007
								mux 1085
									3494
									3495
									3496
								3295
								3296
							2338
							4908
						xor 985
							3237
							3238
							3239
						1..2 1124
							3602
							3603
							3604
						1..2 1322
							4149
							4150
							4151
					2..3 516
						xor 609
							or 766
								0..1 1136
									1..3 1256
										3960
										3961
										3962
									3632
									3633
								2700
								2701
							1..2 1038
								3371
								3372
								3373
							2341
						1..1 688
							mux 1197
								3798
								3799
								3800
							2510
							2511
						or 942
							3123
							3124
							3125
				mux 103
					xor 125
						xor 261
							mux 1097
								3528
								3529
								3530
							1739
							1740
						1..2 656
							2443
							2444
							2445
						or 938
							mux 1003
								1..3 1262
									3977
									3978
									3979
								3284
								3285
							0..3 1350
								4227
								4228
								4229
							3114
					2..2 256
						xor 313
							xor 321
								or 486
									2098
									2099
									2100
										4793
								1818
								1819
							1806
							1807
								4802 ?
						mux 347
							1857
							1858
							1859
						xor 497
							2120
							2121
							2122
						mux 603
							2..3 956
								3..3 1328
									4166
									4167
									4168
								3160
								3161
							2329
							2330
							4701
								4737 ?
					0..3 760
						2684
						2685
						2686
					1..3 1394
						4354
						4355
						4356
						4815
				or 326
					1826
					1827
					1828
			or 206
				1..3 560
					0..3 588
						xor 873
							2946
							2947
								4723 ?
									4860 ?
							2948
								4852 ?
							4697
						2299
						2300
					1..3 1294
						4068
						4069
						4070
					2240
						4832 ?
				3..4 1080
					mux 1209
						3828
						3829
						3830
					3483
					3484
					4932
				1658
			mux 231
				mux 655
					2440
					2441
					2442
				mux 1001
					3279
					3280
					3281
				1698
			2..2 500
				3..3 1198
					3801
					3802
					3803
				1..1 1434
					4473
					4474
					4475
				2127
			mux 1081
				mux 1215
					3843
					3844
					3845
				mux 1441
					4494
					4495
					4496
				3485
		mux 143
			or 194
				1..1 204
					or 218
						xor 237
							xor 305
								xor 493
									mux 719
										1..3 1498
											4664
											4665
											4666
										2589
										2590
										4756
									2115
									2116
								mux 1221
									3860
									3861
									3862
								1798
							or 474
								mux 511
									2145
									2146
									2147
								0..1 964
									3181
									3182
									3183
								2071
							1708
						1678
						1679
					1..2 1232
						3892
						3893
						3894
					mux 1261
						1..1 1422
							4437
							4438
							4439
						3975
						3976
						4692
				or 534
					mux 1439
						4488
						4489
						4490
					2191
					2192
				1643
				4741
			or 210
				mux 879
					0..3 1020
						3328
							4678
						3329
						3330
					2963
					2964
						4896
				mux 1427
					4452
					4453
					4454
				1665
			xor 257
				1731
				1732
				1733
			mux 827
				mux 1435
					4476
						4673
					4477
					4478
				2842
				2843
				4890
			xor 901
				mux 1127
					3609
					3610
					3611
				3021
				3022
			mux 1037
				3368
				3369
				3370
		xor 577
			2273
			2274
			2275
		mux 903
			3026
			3027
			3028
			4796
		1..1 1042
			2..3 1272
				4006
				4007
					4845 ?
				4008
			mux 1383
				4322
				4323
				4324
			3382
	xor 21
		2..4 108
			mux 203
				or 882
					2971
					2972
					2973
				1656
				1657
			xor 213
				3..3 1098
					mux 1239
						3911
							4738
						3912
						3913
					3531
					3532
				1670
				1671
			or 362
				or 402
					xor 793
						0..1 1360
							4256
							4257
							4258
						0..3 1368
							4279
							4280
							4281
						2764
					1953
					1954
				0..1 1012
					0..3 1260
						3972
						3973
						3974
					3309
					3310
				mux 1361
					4259
					4260
					4261
			xor 789
				2755
				2756
				2757
		2..3 856
			mux 1461
				0..1 1476
					4598
					4599
					4600
				4554
				4555
			2907
			2908
			4746
		1508
	or 162
		mux 207
			1659
			1660
				4716
			1661
			4975
		1610
		1611
	xor 641
		0..1 756
			2676
			2677
			2678
		mux 1029
			3350
			3351
			3352
		2411
	2..2 940
		0..3 1384
			4325
			4326
			4327
		3118
		3119
config: 0