abstract 0
	xor 1
		or 2
			mux 3
				xor 9
					5..7 16
						1..4 24
							mux 55
								xor 57
									mux 131
										1324
											4645
										1325
											3943
										1326
									4..4 168
										xor 185
											mux 515
												mux 1080
													3426
													3427
													3428
												1975
												1976
											1389
											1390
											4321
										1371
										1372
										4318
									xor 213
										xor 657
											or 738
												mux 1014
													mux 1162
														3663
														3664
														3665
														4194
													3246
														4235 ?
													3247
												2508
												2509
											2322
											2323
										1427
											4260 ?
										1428
									or 782
										2621
										2622
										2623
									xor 793
										2649
										2650
										2651
									4168
								or 142
									or 214
										mux 327
											2..3 448
												xor 489
													1915
													1916
													1917
												1831
												1832
											1..3 644
												2287
													4773 ?
												2288
												2289
											xor 745
												2524
												2525
													4009
												2526
										mux 435
											mux 1112
												3519
												3520
												3521
											1804
											1805
												4024
												4427 ?
											4612
												4721 ?
										1429
									1337
									1338
								mux 355
									or 370
										or 470
											mux 619
												2228
												2229
												2230
											or 686
												mux 1239
													3892
													3893
													3894
														4944
												2386
												2387
											1875
										1683
										1684
									mux 1050
										3343
										3344
										3345
											3970 ?
										4206
									mux 1121
										mux 1231
											3868
											3869
											3870
												4334
										3546
										3547
											4188 ?
												4438
								4182
							xor 69
								or 230
									xor 405
										1..2 836
											2759
											2760
											2761
												4275 ?
										1749
										1750
									xor 865
										2835
											4011 ?
												4492
											4442
										2836
										2837
									1454
									3953
								xor 349
									xor 561
										xor 757
											2555
											2556
												4276
												4378
												4671 ?
												4702
											2557
											4326
												4775
										2087
										2088
											4940 ?
									mux 1034
										3301
											4793 ?
										3302
										3303
									1642
								or 398
									xor 493
										1..2 700
											mux 1129
												3567
												3568
												3569
												4571
											2423
												4800 ?
											2424
										1926
										1927
									1738
									1739
										4899
									4546
								0..0 716
									mux 807
										2684
										2685
										2686
									1..1 840
										mux 1209
											3803
											3804
											3805
												4701
										2769
										2770
										4395
									2455
									4243
							or 122
								or 138
									or 402
										1744
											4290
										1745
											4682 ?
										1746
									or 666
										2341
										2342
										2343
									or 954
										3080
										3081
										3082
									4850
								0..2 504
									mux 1026
										3278
										3279
										3280
										4754
											4981 ?
									1949
									1950
									4210
								mux 1119
									3540
									3541
										4976 ?
									3542
							xor 649
								2301
								2302
								2303
						2..4 36
							1..2 216
								xor 265
									1..1 428
										or 842
											2774
											2775
											2776
												4270
													4987
										1790
										1791
									xor 433
										mux 947
											3060
											3061
											3062
										xor 965
											3111
											3112
											3113
										1801
									1510
								or 722
									mux 775
										2602
											4555
										2603
										2604
									xor 877
										mux 1140
											3599
												4228 ?
													4558
											3600
												4751
											3601
												4031 ?
												4295 ?
										2868
										2869
									or 998
										3201
										3202
										3203
									4923
								xor 929
									3012
									3013
									3014
									4046
							0..3 336
								1623
								1624
								1625
							xor 345
								xor 353
									or 922
										2992
										2993
										2994
									1647
									1648
								or 786
									mux 819
										2713
										2714
										2715
									2631
										4897
									2632
										4273 ?
											4419
											4441
								1637
							0..0 532
								2015
									4874
								2016
								2017
								4386
						or 58
							xor 101
								or 158
									or 938
										3037
										3038
										3039
									1353
									1354
										4224 ?
								0..1 640
									2277
										4488
									2278
									2279
								1293
							mux 123
								1315
								1316
								1317
									4796
							1..1 180
								xor 549
									or 642
										xor 705
											xor 785
												mux 1002
													3211
														4485 ?
													3212
													3213
												2629
												2630
											mux 1045
												3330
												3331
												3332
											2435
										2283
										2284
										4425
									2059
									2060
										4806
								mux 663
									2333
									2334
									2335
								1384
								4538
							or 190
								1..3 208
									1418
									1419
									1420
								mux 279
									or 438
										1809
											3977
										1810
										1811
									1..2 916
										2976
											4660
										2977
										2978
									1531
								xor 581
									2129
									2130
									2131
									4712
							2..3 352
								mux 379
									mux 1087
										3447
										3448
										3449
										4329
									mux 1098
										3478
										3479
										3480
									1697
										4703 ?
									4023
								or 554
									1..4 768
										2583
										2584
										2585
										4653
									2070
									2071
									4132
										4371
								mux 639
									2274
									2275
									2276
										4075
								mux 979
									3150
									3151
										4877
									3152
										4349 ?
									4952
							xor 897
								2923
								2924
								2925
						1..3 76
							xor 81
								mux 579
									2125
									2126
										4561 ?
									2127
										3981
								1276
								1277
							0..2 260
								mux 835
									or 910
										3..3 964
											mux 1067
												3388
													4157
												3389
												3390
											3109
											3110
										2960
											4815
										2961
									2757
									2758
								1501
								1502
							xor 301
								or 490
									or 562
										1..1 972
											3131
											3132
											3133
										mux 1022
											mux 1064
												3379
												3380
												3381
											mux 1138
												3593
												3594
													4833 ?
														4927 ?
												3595
												4598
											3269
										2089
											4891 ?
									1918
									1919
										4465 ?
								xor 637
									mux 743
										2518
										2519
										2520
									2272
									2273
								mux 1116
									3531
									3532
									3533
						0..1 96
							2..2 108
								or 534
									xor 837
										xor 849
											2793
											2794
											2795
											4374
										2762
										2763
									2021
									2022
										4170
								or 690
									2395
										4489 ?
									2396
									2397
								1301
									4884
									4942
							mux 471
								1876
								1877
									4685
								1878
								4517
							mux 839
								mux 1028
									3284
									3285
									3286
								2767
								2768
						mux 1101
							3486
							3487
							3488
						mux 1224
							3848
								3952 ?
								4330
							3849
							3850
					or 26
						1..4 28
							xor 37
								xor 253
									or 258
										mux 511
											1964
											1965
											1966
										1496
										1497
									or 834
										2754
										2755
										2756
									1492
									4094
								0..3 500
									1938
									1939
										4204 ?
									1940
								mux 527
									2005
										4073
									2006
										4247 ?
											4965 ?
									2007
									4554
								mux 1131
									3573
									3574
									3575
								mux 1191
									3749
										4338 ?
									3750
										4599
									3751
									4428
										4916 ?
								4619
							1..4 40
								1255
									4513 ?
								1256
									3963 ?
									4282 ?
								1257
								4133
							1..3 156
								1349
								1350
								1351
									4299
									4821
							1..1 188
								2..2 264
									or 766
										2578
										2579
										2580
									1508
										4582
										4583
											4892 ?
									1509
									4960
								1394
									4577
								1395
							or 894
								2914
								2915
								2916
								4680
						xor 45
							or 290
								mux 715
									xor 913
										2967
										2968
										2969
									2453
									2454
									4673
										4859
								1546
									4064 ?
								1547
							xor 605
								2194
								2195
								2196
								4914
							mux 1046
								3333
								3334
								3335
								4045
						or 478
							xor 629
								2251
								2252
								2253
									4569
										4575
									4818
							mux 1041
								3319
								3320
								3321
							1894
								4893
						mux 523
							1995
							1996
							1997
					or 46
						xor 249
							mux 1222
								3842
								3843
								3844
								4769
							1489
							1490
						or 266
							1511
							1512
							1513
								4342
						0..2 316
							1..1 744
								2521
								2522
								2523
									4380
							1584
							1585
					2..2 144
						1339
							3988
						1340
						1341
					or 334
						xor 365
							xor 941
								3046
								3047
								3048
							1674
								4409 ?
							1675
						1..3 372
							mux 1051
								3346
								3347
								3348
									4308 ?
										4613
								4966
							mux 1079
								3423
									4257
								3424
								3425
							1688
								3989
									4925 ?
								4972 ?
						1619
							4333
					mux 451
						mux 1063
							3376
								3982
									4281
									4343
									4690
							3377
							3378
						1836
							4658
						1837
						4791
					mux 491
						1920
						1921
						1922
					mux 655
						2316
						2317
						2318
						4139
				2..3 204
					0..3 384
						xor 457
							mux 1010
								3234
								3235
								3236
									4542
								4113
									4476 ?
							1847
							1848
							4056
								4718 ?
						1..3 928
							3009
							3010
							3011
						1707
							4120
					2..2 404
						0..1 812
							2694
							2695
							2696
						1747
						1748
					2..3 476
						1888
						1889
						1890
				mux 535
					2023
					2024
						4315
					2025
				or 538
					mux 1150
						3628
							4466 ?
						3629
							4293
						3630
					2032
					2033
				mux 891
					xor 917
						mux 1100
							3483
								3975 ?
							3484
							3485
								4757
						mux 1202
							3782
							3783
							3784
								4748
							4725
						2979
							4127
					mux 1141
						3602
						3603
							4790 ?
						3604
					2909
			xor 41
				xor 173
					2..3 196
						1401
							3974 ?
						1402
						1403
					or 810
						xor 869
							2846
								4770 ?
							2847
							2848
							4142
								4309 ?
								4596
								4692
						xor 953
							3077
								4106 ?
							3078
								3934
									4890
							3079
								4029
						2691
					1376
				xor 189
					or 814
						2700
						2701
						2702
					mux 1089
						3453
							4626
						3454
						3455
							4457 ?
								4494
					1396
				or 322
					mux 331
						xor 749
							2535
							2536
							2537
								4533
							4164
								4957 ?
						1617
							4500 ?
						1618
					1..3 440
						1815
						1816
						1817
					mux 1247
						3916
							4947 ?
						3917
						3918
				0..3 392
					or 602
						xor 733
							2495
								4040
							2496
							2497
						mux 771
							mux 1215
								3821
								3822
								3823
							2592
							2593
						2188
					1724
					1725
			2..2 788
				2636
				2637
				2638
				4010
					4335
			mux 1077
				3417
				3418
				3419
		or 6
			mux 23
				xor 61
					3..3 80
						mux 127
							or 134
								0..3 536
									2026
										4067 ?
										4964
									2027
									2028
								xor 709
									or 906
										2949
										2950
										2951
									or 918
										2980
										2981
										2982
											4107
									2442
								or 882
									2882
									2883
									2884
							1..1 380
								1698
								1699
								1700
									4202 ?
								4823
							or 706
								1..3 772
									xor 817
										mux 1108
											3507
											3508
											3509
												4824
													4829 ?
										2709
										2710
									2594
									2595
										4234
								2436
									4322
								2437
						1274
						1275
					xor 689
						2392
						2393
						2394
						3965
					1263
						4973
				1..2 320
					1595
						4726 ?
					1596
					1597
				2..2 400
					mux 1123
						3551
						3552
						3553
							4807 ?
						4143
					1742
						4727
					1743
				or 514
					or 746
						2527
						2528
						2529
					1973
					1974
					3991
				mux 1179
					3713
					3714
						4810 ?
					3715
			or 42
				or 62
					1264
						3955
							4069
					1265
					1266
				mux 159
					or 178
						xor 225
							xor 297
								1557
								1558
								1559
							1446
							1447
						or 966
							3114
								4755 ?
							3115
								4118 ?
									4946
							3116
						1383
					xor 257
						mux 559
							mux 1189
								3743
									4781
								3744
								3745
							2083
							2084
								4566 ?
						1494
						1495
						4364
					0..3 668
						mux 871
							xor 885
								2891
								2892
								2893
							2852
							2853
								4403 ?
						0..1 984
							3165
							3166
							3167
						2347
					mux 927
						3006
						3007
						3008
					mux 951
						3071
						3072
							4574 ?
								4784 ?
						3073
							4103
					mux 1166
						3674
						3675
						3676
						4734
				1..1 272
					xor 901
						2935
						2936
							3948 ?
						2937
					1522
						4785 ?
					1523
				or 742
					mux 1096
						3472
						3473
						3474
					2516
					2517
						4777 ?
			mux 215
				mux 1084
					3438
					3439
					3440
				1430
				1431
					4237
					4313
			3..3 332
				mux 407
					0..3 548
						2056
						2057
						2058
							4283 ?
					1..2 912
						2964
							4639 ?
						2965
						2966
					xor 977
						mux 1248
							3919
								4919
							3920
							3921
						3145
						3146
				xor 557
					mux 1082
						3432
							4387
						3433
						3434
							3976 ?
					2078
					2079
					4391
				or 830
					2743
					2744
					2745
				1..1 996
					3195
					3196
					3197
					4211
			mux 479
				1895
				1896
					4310
				1897
		xor 13
			or 90
				mux 211
					3..3 568
						2101
							4675
						2102
						2103
						4738
					mux 1005
						3220
						3221
						3222
						4038
					mux 1153
						3637
						3638
						3639
					4455
				0..3 552
					2065
					2066
					2067
						4396
				1288
					4616
			mux 275
				or 694
					2406
					2407
					2408
				xor 697
					2415
					2416
						3998
					2417
					4125
				mux 1234
					3877
					3878
					3879
			xor 525
				2000
					4012 ?
						4529
				2001
				2002
			mux 1174
				3698
				3699
					4099 ?
				3700
		mux 15
			mux 71
				xor 97
					mux 99
						0..3 268
							3..3 376
								mux 1042
									3322
									3323
										3964
									3324
									4418
								1693
								1694
									3986
							1515
							1516
						0..3 312
							1578
							1579
								4119
								4218
									4937
							1580
						xor 741
							mux 1027
								3281
								3282
								3283
								4062
							2514
							2515
								4399
						xor 821
							2718
							2719
							2720
					or 106
						or 406
							mux 423
								xor 521
									mux 647
										2296
											4719 ?
										2297
										2298
										4688
									1990
									1991
								mux 1069
									3394
									3395
									3396
								1780
							1751
							1752
						mux 1193
							3755
								4607 ?
							3756
							3757
						1297
							4201 ?
					1292
						4448
					4116
				mux 147
					or 174
						mux 311
							2..3 800
								2666
									4472 ?
								2667
								2668
							1576
							1577
								4172 ?
						1377
						1378
					xor 317
						1586
						1587
						1588
						3961
					or 382
						1702
						1703
						1704
					mux 439
						1812
						1813
							4406 ?
						1814
					or 450
						1833
							4267
							4615 ?
						1834
							4279 ?
						1835
				3..3 240
					4..4 508
						xor 573
							2113
								4993 ?
							2114
							2115
							4151
						xor 717
							2456
							2457
							2458
								4604
									4954 ?
							4435
						1958
						4358
					mux 1056
						mux 1165
							mux 1243
								3904
								3905
								3906
									4083 ?
							3672
							3673
						3360
						3361
						4327
					mux 1208
						3800
						3801
						3802
				xor 777
					mux 1242
						3901
						3902
						3903
					2607
					2608
			or 130
				1321
				1322
					4792 ?
				1323
					4431 ?
			or 326
				or 658
					xor 873
						2857
							4331 ?
						2858
						2859
					or 950
						mux 1127
							3562
							3563
								4432
								4631
							3564
						3069
							4469 ?
						3070
					2324
				1608
				1609
			0..0 976
				3142
				3143
				3144
				4550
			mux 1147
				mux 1212
					3812
					3813
					3814
						4470
				3620
					4474
				3621
			mux 1237
				3886
				3887
				3888
		xor 17
			0..5 20
				xor 25
					or 298
						mux 551
							mux 1043
								mux 1173
									3695
										4759
									3696
									3697
								3325
									4440 ?
									4524
								3326
							2063
								4288
							2064
						1560
							4707 ?
							4867
						1561
					mux 475
						or 798
							mux 1049
								mux 1103
									3492
									3493
										4564 ?
									3494
										4827
									4044
								3341
								3342
							2662
							2663
						1886
							4458 ?
								4678
							4710
						1887
					1253
				or 66
					1268
					1269
					1270
				xor 337
					mux 427
						1787
						1788
						1789
					or 506
						mux 1055
							mux 1158
								3652
								3653
								3654
							3358
							3359
						1954
						1955
					xor 641
						2280
						2281
							4098
							4231
							4453
						2282
					mux 759
						mux 1136
							mux 1185
								3731
									4085 ?
								3732
								3733
							3588
								4005
							3589
							4624
						2560
							3941
						2561
				1..3 344
					mux 467
						mux 1020
							3263
							3264
							3265
								4516 ?
						mux 1211
							3809
							3810
							3811
							4195
						1868
					1635
					1636
				1..2 516
					mux 695
						2409
						2410
							4593
						2411
						4509
					1977
					1978
				mux 1240
					3895
					3896
					3897
			mux 31
				mux 43
					mux 47
						0..2 48
							or 102
								mux 171
									mux 1184
										3728
											4367 ?
										3729
										3730
									1374
									1375
										4412 ?
										4911 ?
								mux 575
									mux 863
										2829
											4019
										2830
											4898 ?
										2831
									1..2 968
										3120
											4180 ?
												4647
												4838
											4621 ?
											4848 ?
										3121
										3122
									mux 1114
										3525
										3526
											4145
										3527
								mux 699
									mux 1004
										3217
										3218
										3219
											4421 ?
									2421
									2422
							or 114
								1..1 176
									1380
									1381
									1382
								xor 197
									xor 289
										xor 545
											2047
												4166 ?
													4668 ?
											2048
											2049
										1544
										1545
									4..4 424
										or 730
											2487
											2488
											2489
										1781
										1782
										4597
									1..3 828
										mux 935
											3029
											3030
											3031
										mux 1038
											3312
												4579
											3313
											3314
										2739
										4949
									4184
								mux 519
									1984
									1985
									1986
								mux 739
									or 914
										2970
											4943 ?
										2971
										2972
									2510
									2511
							xor 333
								xor 413
									2..4 752
										2542
										2543
										2544
										4519
									1761
										3978
										4737
									1762
										4016
								mux 487
									1910
										4220
									1911
									1912
										3957
								or 618
									mux 851
										2799
										2800
										2801
											4193 ?
											4980
												4992
									2226
										3937 ?
									2227
								mux 1132
									3576
									3577
									3578
										4610
							mux 387
								1..4 936
									3032
									3033
									3034
									4259
								1714
								1715
								4346
							or 986
								mux 1094
									3466
										4625 ?
									3467
									3468
								3171
								3172
						0..2 72
							mux 79
								1271
								1272
								1273
							xor 109
								xor 125
									0..0 172
										1..3 280
											mux 419
												or 734
													mux 1017
														3254
															4967
														3255
														3256
													2498
													2499
												1771
												1772
													4722
											2..3 872
												2854
												2855
													4817 ?
												2856
													4292 ?
												4078
											1532
												4430
										mux 315
											1..1 396
												or 566
													2095
														4091 ?
															4915 ?
													2096
													2097
													4715
												1733
												1734
													4576 ?
											mux 779
												2612
												2613
												2614
											or 890
												2906
												2907
													4153
												2908
											1..1 932
												mux 1036
													3307
													3308
													3309
														4460
															4644
												3021
													4711 ?
													4918 ?
												3022
										xor 425
											or 430
												xor 597
													2173
													2174
													2175
												1795
												1796
													3945
												4667
											mux 991
												mux 1053
													3352
													3353
													3354
														4242
												3182
												3183
											1783
										mux 1122
											3548
												3968
												4068 ?
												4475
											3549
											3550
									1..1 368
										1..2 708
											2439
											2440
											2441
										1679
										1680
											4266 ?
									xor 613
										2213
										2214
										2215
									or 646
										2293
										2294
											4637 ?
										2295
								1302
									4303
								1303
							xor 453
								1840
								1841
								1842
							mux 595
								2167
								2168
								2169
						2..3 124
							2..4 236
								xor 261
									mux 955
										3083
										3084
										3085
											4043 ?
									1..3 988
										3173
										3174
										3175
									1503
								mux 447
									mux 963
										3106
											4065 ?
										3107
											4047
										3108
									1829
										4939 ?
									1830
									4124
								xor 593
									2161
										4222 ?
									2162
									2163
								xor 961
									3100
									3101
									3102
										4686
									4868
							or 774
								2599
								2600
								2601
									4227 ?
										4620 ?
							1318
							4324
						xor 721
							1..2 876
								mux 1083
									3435
									3436
									3437
										4443 ?
								2866
									4384
								2867
							2468
								4674 ?
								4676 ?
							2469
								4995 ?
							4864
					1258
					1259
				2..2 88
					xor 93
						1..1 136
							1..1 412
								mux 499
									xor 585
										2140
										2141
											4112
										2142
											4359 ?
										4642
									2..2 868
										2843
										2844
											4274 ?
										2845
									1937
								1759
								1760
									4630 ?
							mux 587
								2146
								2147
								2148
							1332
						mux 335
							1620
							1621
							1622
						or 394
							1727
							1728
							1729
						or 586
							2143
							2144
							2145
						or 714
							2450
							2451
							2452
					1286
					1287
						4745
					4110
				mux 95
					mux 1011
						3237
						3238
						3239
					1290
					1291
						4026 ?
				xor 129
					mux 371
						1685
						1686
						1687
					1..1 616
						2221
						2222
						2223
							4317 ?
							4372 ?
					xor 677
						or 750
							2..2 776
								mux 903
									2940
									2941
									2942
								2605
								2606
							mux 811
								mux 967
									3117
									3118
									3119
										4232
										4289 ?
								2692
								2693
							2538
						mux 843
							0..2 944
								3052
								3053
								3054
							2777
							2778
								4057
						2366
						4071
					4539
				mux 1163
					3666
					3667
					3668
					4160
			xor 65
				mux 67
					mux 91
						or 126
							or 146
								mux 219
									mux 627
										mux 791
											2643
											2644
												4459 ?
											2645
											3936
										2246
										2247
											4456
									1434
									1435
								or 446
									2..4 588
										2149
											4584
										2150
										2151
										4294
									mux 827
										2736
										2737
										2738
										4414
									1828
										4088
								2..2 460
									1853
									1854
									1855
								mux 507
									or 622
										2237
										2238
										2239
									1956
									1957
							2..2 192
								xor 269
									or 502
										1944
										1945
											4144 ?
										1946
									1517
									1518
										4567
								or 374
									xor 653
										0..2 960
											3097
												4018
											3098
											3099
												4511
											4081
												4855 ?
										mux 1196
											3764
											3765
											3766
										2312
									2..3 748
										2532
											4192
											4565
										2533
										2534
									1691
										3972 ?
									4030
								xor 881
									2879
									2880
										4111
									2881
								xor 933
									3023
										4804
									3024
										4209 ?
											4263 ?
										4352 ?
									3025
							or 238
								1469
								1470
								1471
							mux 1021
								3266
								3267
								3268
						or 182
							2..2 940
								3043
								3044
								3045
							1385
							1386
						mux 191
							mux 235
								xor 369
									xor 533
										2018
										2019
										2020
									1681
									1682
								1464
									4594
								1465
								4461
									4760
							1397
							1398
						0..3 232
							mux 1015
								3248
									4070 ?
									4681 ?
								3249
								3250
							1456
							1457
					mux 139
						xor 381
							or 790
								mux 1171
									3689
										4020 ?
									3690
									3691
										4803
								2641
									4354
								2642
							or 862
								2826
								2827
								2828
							1701
						1..2 632
							2259
							2260
								4782 ?
							2261
							4998
						1333
					xor 177
						mux 199
							0..3 224
								or 662
									2330
									2331
										4841 ?
									2332
								1444
								1445
									4314 ?
									4528 ?
							or 234
								1461
								1462
								1463
							3..4 956
								mux 1245
									3910
									3911
									3912
										4832 ?
									4423
								3086
								3087
								4255
						mux 231
							or 366
								1676
								1677
								1678
								4130
									4858
							or 390
								or 550
									mux 615
										mux 1039
											mux 1086
												3444
												3445
												3446
											mux 1198
												3770
												3771
												3772
												4123
													4499
											3315
										2219
											4236
										2220
										4629
									2061
									2062
								1722
								1723
							1455
						xor 949
							3066
							3067
							3068
					or 282
						xor 361
							1665
							1666
							1667
								4306 ?
						1534
						1535
					or 418
						1768
						1769
						1770
						4724
					2..3 648
						1..1 732
							mux 1227
								3857
								3858
								3859
									4000
							2493
							2494
						2299
						2300
					1..1 688
						or 826
							2733
								4736 ?
							2734
							2735
								4609 ?
							3949
						2390
						2391
				0..1 128
					mux 711
						3..3 948
							3063
								3929
							3064
							3065
							4568
						2445
						2446
					1319
						4393 ?
					1320
				1..2 184
					or 286
						or 962
							3103
							3104
							3105
						or 974
							3136
							3137
								4137
							3138
						1542
						4776
					xor 421
						xor 437
							mux 539
								1..2 880
									2876
									2877
									2878
								mux 1128
									mux 1230
										3865
										3866
										3867
										4662
									3565
									3566
								2034
							mux 1220
								3836
								3837
								3838
								4602
							1808
							4786
						1775
							4032 ?
								4159 ?
						1776
					or 970
						mux 1188
							3740
							3741
							3742
						3126
						3127
				3999
			2..2 68
				0..2 84
					mux 119
						xor 133
							or 294
								or 350
									0..1 824
										2727
										2728
											4191 ?
										2729
									xor 993
										3187
											4934
										3188
											4444
												4691
										3189
									1643
								1552
								1553
							2..2 660
								xor 969
									3123
									3124
									3125
									4479
								mux 1181
									3719
									3720
									3721
									4774
								2328
							or 898
								2926
									4150 ?
								2927
									4543
										4587 ?
								2928
									4971
								4225
						mux 143
							0..2 148
								3..3 720
									2465
									2466
										4467 ?
										4551
									2467
								1342
								1343
							xor 157
								or 202
									xor 273
										xor 633
											xor 729
												mux 1142
													3605
														4268
													3606
														4588 ?
														4959 ?
													3607
												2485
												2486
											2262
												4572 ?
											2263
										or 802
											2672
												4429 ?
												4553 ?
											2673
											2674
										mux 1037
											mux 1164
												3669
												3670
													4951 ?
												3671
													4740 ?
											3310
											3311
											4296
									mux 283
										mux 1111
											3516
												4408 ?
											3517
											3518
											4205
										1536
										1537
									mux 359
										mux 415
											1763
												4514 ?
											1764
											1765
										mux 1244
											3907
											3908
											3909
										1661
										4963
									mux 1093
										3463
										3464
										3465
								mux 399
									mux 1012
										3240
											4649 ?
										3241
										3242
									1740
									1741
								1352
								4799
							or 874
								2860
								2861
								2862
							mux 1099
								mux 1204
									3788
									3789
									3790
								3481
								3482
								3954
						1311
						4632
					mux 607
						2199
						2200
						2201
					or 674
						2359
							4643 ?
						2360
						2361
					4931
				or 218
					or 310
						xor 609
							2205
								4968
									4988 ?
							2206
							2207
							4589
						mux 747
							mux 1003
								3214
								3215
								3216
							2530
								4278
								4390 ?
							2531
							4905
						1575
							4926
					1432
					1433
						4765
				1..1 220
					1436
					1437
					1438
				xor 445
					1825
						4240 ?
					1826
					1827
			3..4 296
				2..2 300
					or 362
						mux 1085
							3441
							3442
							3443
						mux 1120
							3543
							3544
								4197
							3545
						1668
						4171
					xor 945
						3055
						3056
						3057
							4053 ?
					xor 997
						3198
						3199
						3200
							4772 ?
				mux 1178
					3710
					3711
						4037
					3712
				1556
				4135
		mux 51
			2..3 512
				1967
				1968
				1969
					4048
					4997
			1260
				4657 ?
			1261
		3..6 56
			or 118
				xor 201
					1407
					1408
					1409
				or 262
					or 458
						1849
						1850
							4728
						1851
					1504
					1505
				1310
					4357
			or 194
				mux 383
					mux 547
						2053
						2054
						2055
					1705
					1706
						4618 ?
				1399
				1400
					4700
			mux 255
				mux 263
					mux 1016
						3251
						3252
						3253
					1506
					1507
				0..1 304
					0..1 832
						2748
						2749
						2750
					1566
					1567
				mux 495
					xor 761
						2564
						2565
						2566
							4141
					xor 973
						mux 1194
							3758
							3759
							3760
						3134
						3135
					1931
						4066
						4490 ?
					4783
				or 630
					2254
						4540 ?
						4758
					2255
					2256
				or 978
					3147
					3148
					3149
			mux 267
				0..2 348
					1639
					1640
						4622 ?
					1641
				mux 1175
					3701
					3702
					3703
					4416
				1514
			mux 583
				mux 679
					xor 841
						2771
						2772
						2773
					3..3 860
						mux 1228
							3860
								4502
							3861
							3862
						2821
						2822
					mux 1019
						3260
							4323
								4666
						3261
						3262
						4709
				2135
				2136
					4034 ?
						4828 ?
				4907
			mux 691
				2398
					4437 ?
				2399
				2400
				4366
			4869
		1..2 420
			mux 1151
				3631
				3632
				3633
			1773
			1774
				4154 ?
		xor 921
			2989
			2990
				4398
			2991
		mux 1197
			3767
			3768
			3769
		5000
	0..8 4
		xor 5
			or 30
				mux 35
					1..1 664
						2336
							3987 ?
							4665 ?
						2337
							4749 ?
						2338
						3951
					mux 971
						3128
						3129
						3130
					1254
				1..4 60
					1..5 152
						mux 203
							xor 329
								mux 659
									2325
									2326
									2327
								1612
								1613
								4389
									4873
							mux 1152
								3634
								3635
								3636
								4076
							mux 1187
								3737
									4606 ?
								3738
									4780 ?
									4851
										4982 ?
								3739
								4698
						xor 389
							1719
							1720
							1721
							4246
						or 526
							1..3 736
								2502
								2503
								2504
							2003
							2004
							3985
								4186
								4504 ?
						xor 801
							2669
							2670
							2671
						3..4 924
							mux 1044
								3327
								3328
								3329
							2998
								4797
							2999
							4847
					2..2 292
						mux 339
							1..3 528
								2008
									4319
								2009
								2010
							mux 599
								2179
								2180
									4881 ?
								2181
							1628
						1550
						1551
					or 302
						xor 481
							or 530
								mux 643
									xor 833
										2751
										2752
										2753
											4753
									2285
									2286
								mux 823
									2724
									2725
									2726
									4100
								mux 1040
									3316
									3317
									3318
									4506
								mux 1071
									3400
									3401
									3402
									3956
							mux 635
								2267
								2268
								2269
							or 838
								2764
								2765
								2766
								4902
						xor 681
							2372
							2373
							2374
							4921
						1563
					xor 617
						mux 703
							2429
							2430
							2431
						2224
						2225
				mux 75
					1..2 120
						1..1 444
							1822
							1823
								4401
							1824
						0..3 656
							2319
							2320
							2321
						mux 887
							2897
							2898
							2899
					mux 195
						xor 625
							3..3 820
								mux 1060
									3368
										4405
									3369
									3370
								2716
									3950 ?
								2717
							mux 1205
								3791
								3792
								3793
							2243
						mux 1058
							3362
							3363
							3364
								4732
						mux 1218
							3830
							3831
								4764 ?
							3832
							4638
					xor 221
						or 590
							2153
								4664
							2154
							2155
							4181
								4518 ?
						1439
						1440
							3958 ?
								4388
					1..1 244
						2..2 952
							3074
							3075
								3997 ?
							3076
						1481
						1482
					xor 293
						or 486
							1907
							1908
							1909
						mux 603
							2189
								4280 ?
									4844
							2190
							2191
						xor 769
							2586
								4812 ?
							2587
							2588
					or 330
						1614
						1615
						1616
						4381
					xor 809
						2688
							4086 ?
						2689
						2690
					or 990
						3179
						3180
						3181
				mux 155
					xor 321
						1598
							4397 ?
						1599
						1600
					0..1 856
						2813
						2814
						2815
						4679
							4985
					mux 1032
						3295
							4196 ?
						3296
						3297
					4008
						4417
				or 454
					mux 563
						xor 701
							mux 1133
								3579
								3580
								3581
								4264
							2425
							2426
							4049
						2090
						2091
							4212
					1..1 576
						mux 1091
							mux 1137
								3590
								3591
								3592
							mux 1225
								3851
								3852
								3853
							3459
								4187 ?
						mux 1117
							3534
								4779 ?
							3535
								4771
							3536
						2119
						4548
					mux 667
						2344
						2345
						2346
					mux 1104
						3495
						3496
						3497
				mux 1172
					3692
						4878
					3693
					3694
			xor 85
				1280
				1281
					4739 ?
				1282
			1251
		mux 7
			or 10
				or 18
					3..3 256
						xor 673
							2356
							2357
							2358
						mux 1154
							3640
							3641
								4729
								4894 ?
							3642
							3960
						1493
					2..2 492
						1923
						1924
						1925
					or 858
						mux 931
							3018
								4541
							3019
								4175
							3020
						mux 1177
							3707
							3708
							3709
						2818
				mux 27
					or 94
						1..1 276
							or 958
								3091
								3092
								3093
									4097
										4600
											4705 ?
												4819 ?
										4752
									4385
									4730
							1527
							1528
						or 578
							mux 787
								2633
								2634
								2635
							2123
								4215 ?
									4464 ?
							2124
							4027
						mux 675
							mux 1199
								3773
								3774
								3775
									4595 ?
							2362
								4080 ?
							2363
					mux 103
						xor 141
							0..2 388
								1716
								1717
									3947
									4203 ?
									4559 ?
								1718
								4835
							1335
								4834
							1336
						1..3 324
							1603
							1604
							1605
						1294
						4950
					2..2 116
						xor 153
							or 166
								3..3 584
									2137
									2138
									2139
								1366
								1367
								4093
							or 314
								1581
									4450 ?
								1582
								1583
									4591
									4708 ?
							xor 725
								2474
								2475
								2476
							or 902
								mux 923
									2995
									2996
									2997
								2938
								2939
									4484
						mux 403
							or 494
								1928
									4446 ?
								1929
								1930
							1..1 564
								mux 1160
									mux 1236
										3883
										3884
										3885
										4699
									3658
									3659
								2092
									4146
								2093
							2..4 784
								2626
								2627
								2628
								4316
						1309
					mux 443
						mux 483
							mux 623
								2240
								2241
								2242
							1902
							1903
								3931
									3994 ?
										4241
											4312 ?
						1820
						1821
					or 510
						1961
						1962
						1963
					xor 773
						2596
						2597
						2598
					xor 889
						2903
						2904
						2905
				xor 145
					or 226
						1448
						1449
						1450
							4251
					or 762
						2567
						2568
						2569
					1..1 852
						2802
						2803
						2804
				mux 763
					2570
					2571
					2572
						4392 ?
				mux 1095
					3469
					3470
					3471
			or 574
				2116
				2117
					4614 ?
				2118
			1252
				4084
		0..3 8
			mux 19
				or 22
					or 74
						or 274
							1524
							1525
							1526
								3959
							4994
						xor 501
							1941
							1942
							1943
						mux 1159
							3655
							3656
								4271 ?
							3657
					mux 271
						or 462
							1858
							1859
								4177
								4852 ?
							1860
							4213
						3..3 608
							2202
							2203
							2204
						1521
					mux 291
						or 754
							2548
							2549
							2550
						1548
						1549
							4178 ?
								4353 ?
					0..1 360
						1662
						1663
						1664
					mux 1110
						3513
							4014
							4831 ?
						3514
						3515
						4948
					4816
				or 38
					xor 77
						1..1 104
							mux 115
								mux 179
									mux 183
										mux 1200
											3776
											3777
											3778
										1387
										1388
											4535 ?
									xor 537
										2029
										2030
											4808
											4903 ?
										2031
									mux 1072
										3403
											4219
												4481 ?
													4820
										3404
										3405
											4906 ?
								1307
								1308
							or 582
								2132
									4074
										4176 ?
								2133
									4670
								2134
									4695 ?
							1295
						xor 149
							mux 343
								mux 1241
									3898
									3899
										4035
										4909 ?
									3900
								1633
								1634
							1344
							1345
						or 198
							1404
								4611 ?
								4617 ?
							1405
							1406
						or 270
							mux 999
								mux 1062
									mux 1233
										3874
										3875
											3946 ?
										3876
									3374
										4072 ?
									3375
								mux 1102
									3489
									3490
									3491
										4945
									4498
								3204
								4410
									4634
							1519
							1520
								4636
									4917 ?
						xor 569
							2104
							2105
							2106
						or 610
							mux 1013
								3243
								3244
								3245
									4230 ?
							mux 1068
								3391
								3392
								3393
							2208
							4497
						mux 683
							2377
								4277 ?
								4400
							2378
								3966 ?
									4439
									4592 ?
							2379
								4022
								4641
					or 78
						xor 117
							mux 243
								xor 737
									2505
										4633
									2506
										4830
									2507
								1479
								1480
							mux 503
								or 878
									2870
									2871
									2872
									4656
										4887
								1947
								1948
								4394
							mux 795
								2655
								2656
									4996 ?
								2657
							4021
								4337
						or 154
							xor 325
								mux 907
									mux 1078
										3420
										3421
										3422
											3980
									2952
									2953
								1606
								1607
							mux 751
								2539
								2540
								2541
							1348
							4767
						mux 1176
							3704
							3705
							3706
								4938
							4842
					2..2 100
						3..3 432
							1798
								4908 ?
							1799
							1800
						xor 713
							2..2 804
								or 806
									mux 1250
										3925
											4932 ?
										3926
										3927
									2682
										4883 ?
										4895 ?
											4955
									2683
										3940
											4731 ?
								2678
								2679
							mux 1217
								3827
									4114 ?
									4961
								3828
									4411 ?
								3829
									4336
							2449
						or 982
							3159
							3160
							3161
					xor 165
						mux 287
							mux 295
								mux 723
									2..2 888
										2900
										2901
										2902
											4477 ?
												4547
									2470
										4865
									2471
								1554
								1555
									4284
							xor 669
								xor 813
									2697
										4556 ?
									2698
										4122 ?
									2699
										4836 ?
								mux 1124
									mux 1157
										3649
										3650
										3651
										4347
									3554
										4365
									3555
									4669
								2348
									4173 ?
							1543
						1364
							4134 ?
						1365
					or 318
						1589
						1590
						1591
					mux 1065
						3382
						3383
						3384
				0..2 52
					or 54
						or 186
							xor 233
								1458
								1459
								1460
							or 346
								or 770
									2589
									2590
									2591
								mux 1216
									3824
									3825
										4910
									3826
								1638
							1391
								4778 ?
						mux 303
							mux 347
								mux 351
									1644
									1645
									1646
										4650 ?
									4272
										4536 ?
								1..3 436
									mux 855
										2810
										2811
											4060
										2812
											4041
											4128 ?
										4183
									1806
									1807
								or 758
									mux 987
										mux 1006
											3223
											3224
											3225
										mux 1066
											3385
											3386
											3387
												4199
										mux 1219
											3833
											3834
											3835
												4743 ?
										4376
									2558
									2559
								mux 847
									2787
										4512 ?
									2788
									2789
							1564
							1565
						1..4 468
							1869
							1870
							1871
								4693 ?
							3932
						mux 1186
							3734
							3735
							3736
							4741
					xor 401
						1..1 416
							0..3 652
								2309
								2310
								2311
							mux 995
								mux 1195
									3761
									3762
									3763
								3193
								3194
							1766
						xor 429
							1792
							1793
							1794
								4495
						or 466
							xor 845
								2781
								2782
								2783
									4929
							1866
							1867
						0..1 724
							or 870
								2849
								2850
								2851
							2472
								4126 ?
							2473
							4262
						mux 975
							3139
							3140
							3141
								4420 ?
						3930
					1262
				mux 59
					xor 89
						xor 137
							or 422
								1777
								1778
								1779
							or 682
								mux 943
									3049
									3050
									3051
								2375
								2376
							mux 1052
								3349
								3350
									4473 ?
								3351
									3995 ?
							4871
						xor 209
							mux 687
								mux 1061
									3371
									3372
										3944
										4525 ?
									3373
								2388
								2389
							1421
							1422
								4928 ?
							4285
								4463
						or 246
							mux 299
								or 442
									xor 621
										2234
										2235
										2236
											4250 ?
									1818
									1819
									4050
								xor 473
									1881
									1882
										4922
									1883
								1562
							mux 323
								xor 541
									1..3 680
										2369
										2370
										2371
									2037
									2038
								1601
								1602
							1486
						0..2 248
							0..3 480
								3..3 704
									2432
									2433
									2434
										4167 ?
								mux 1033
									3298
									3299
									3300
								1898
								4508
							or 702
								mux 915
									2973
									2974
										4924
									2975
										4882 ?
								2427
								2428
									4545 ?
								4156
							1488
						or 338
							0..1 364
								xor 477
									1891
									1892
									1893
										4238
								1672
									4640
								1673
							1626
							1627
						mux 431
							xor 805
								mux 875
									2863
									2864
									2865
								2680
								2681
							or 994
								3190
									4059
								3191
									4042 ?
								3192
									4627
							1797
							4735
					1..1 112
						0..3 164
							0..3 356
								1652
								1653
								1654
							1362
								4534 ?
							1363
						mux 227
							or 558
								2080
								2081
								2082
									4652 ?
							1451
								4249 ?
							1452
						xor 661
							xor 829
								2740
								2741
									4332 ?
									4370
									4798
								2742
							mux 1054
								3355
								3356
								3357
							2329
						or 698
							2418
								4677 ?
							2419
								4025
							2420
						mux 899
							2929
							2930
							2931
								4355 ?
					xor 181
						xor 277
							xor 509
								or 542
									2039
										4058
									2040
									2041
								1959
									4515
								1960
							xor 529
								2011
								2012
								2013
							1529
						mux 395
							1730
								4362 ?
							1731
							1732
						3..3 764
							xor 937
								mux 1206
									3794
									3795
									3796
								3035
								3036
									4422
									4986 ?
							2573
							2574
								4239
						xor 781
							2618
							2619
							2620
								4291 ?
							4415
					mux 1030
						3289
						3290
							4933 ?
						3291
						4723
				mux 111
					2..2 200
						or 278
							or 342
								1..2 896
									2920
										4424
									2921
									2922
								1631
								1632
								4720
							mux 591
								2156
								2157
									4256
										4742
								2158
								3938
							1530
							4747
						mux 411
							mux 1126
								3559
								3560
								3561
								4503
							1757
							1758
						mux 1073
							3406
							3407
							3408
						mux 1075
							3412
							3413
							3414
					0..3 592
						1..2 692
							xor 861
								2823
								2824
									4350 ?
								2825
							2401
							2402
						2159
							4015 ?
						2160
					1304
			2..4 32
				mux 39
					or 86
						mux 163
							mux 375
								xor 513
									1970
									1971
									1972
										4958
								0..0 672
									mux 911
										mux 1081
											3429
											3430
											3431
										2962
											4811 ?
										2963
									2354
										4646 ?
									2355
									4248
								1692
							1360
								4863 ?
							1361
						1283
							4360 ?
						1284
					4..4 288
						or 354
							1649
							1650
							1651
						xor 461
							xor 853
								2805
								2806
								2807
							1856
								4265 ?
							1857
								4006
						1..2 740
							mux 1092
								3460
									4789 ?
								3461
								3462
							2512
							2513
						2..3 1000
							3205
								4801
							3206
							3207
					or 522
						1992
						1993
						1994
				xor 161
					1355
					1356
					1357
				mux 455
					mux 1107
						3504
						3505
							4129 ?
						3506
					1843
					1844
						4351
							4856
								4970
				4659
			xor 49
				or 50
					or 222
						xor 981
							3156
							3157
							3158
						1441
						1442
						4087
					xor 237
						1466
						1467
						1468
					or 594
						2164
						2165
							4185
							4956
						2166
				1..1 92
					0..1 140
						xor 245
							1483
								4854 ?
									4941 ?
							1484
							1485
								4468
						or 822
							2721
							2722
							2723
						1334
							4404 ?
					or 850
						2796
							4221 ?
								4269 ?
						2797
						2798
							4082 ?
							4880
					1289
				or 250
					or 378
						1..1 524
							mux 1146
								3617
									4979 ?
								3618
									4623 ?
								3619
							1998
							1999
								4121 ?
						or 546
							2050
								4672
							2051
							2052
								4216
							4217
						mux 767
							1..1 816
								2706
								2707
								2708
							2581
							2582
								4161 ?
						mux 1135
							3585
							3586
							3587
								4096 ?
					or 426
						1784
						1785
						1786
						4092
					or 678
						2..4 712
							1..1 892
								2..2 980
									3153
									3154
										4136
									3155
										4870
								2910
								2911
							2447
							2448
							4603
						2367
							3942 ?
						2368
			or 254
				mux 367
					0..2 472
						xor 505
							1951
								4563
							1952
							1953
						1879
							3973 ?
							4253
						1880
					or 638
						0..0 684
							2380
							2381
							2382
								4471
							4368
						3..3 908
							2954
							2955
							2956
						mux 1201
							3779
							3780
								4149
									4165 ?
									4521 ?
								4537
							3781
						4706
					mux 1001
						3208
						3209
						3210
				mux 567
					2098
					2099
					2100
				mux 803
					2675
						4297
							4493
					2676
						4226
						4977 ?
					2677
						4697
			xor 373
				xor 441
					mux 543
						2042
						2043
						2044
						4089
					or 654
						2313
						2314
						2315
					xor 753
						2545
						2546
						2547
						4814
					or 886
						2894
							4861 ?
						2895
						2896
						4989
					or 942
						xor 989
							3176
							3177
							3178
							4717
						mux 1029
							mux 1076
								mux 1149
									3625
									3626
									3627
								3415
								3416
								4825
							3287
								4254
							3288
						mux 1213
							3815
							3816
							3817
					mux 1074
						3409
						3410
						3411
					mux 1238
						3889
						3890
							4975
						3891
				1689
				1690
			or 634
				2264
				2265
					4001
					4063
				2266
		mux 11
			2..5 12
				or 34
					mux 63
						or 306
							0..2 456
								1..3 560
									mux 1109
										3510
										3511
										3512
									2085
										4169 ?
									2086
								1845
								1846
								4530
							2..2 596
								2170
									4345
								2171
								2172
							or 614
								2216
								2217
								2218
									3996
						xor 497
							or 598
								2176
								2177
								2178
							1933
							1934
							4608
						mux 1183
							3725
								4055 ?
									4105
									4872
							3726
								4683
								4822
							3727
						4356
					0..2 64
						mux 239
							1472
								4252
							1473
								4174 ?
									4462 ?
							1474
						mux 1144
							3611
							3612
							3613
								3928
							4756
						1267
						4017
					xor 281
						xor 645
							2290
							2291
							2292
							4245
						or 726
							2477
							2478
							2479
						1533
						3939
							4507 ?
							4526 ?
					or 498
						mux 1180
							3716
								4436
								4936 ?
							3717
							3718
						1935
						1936
				or 98
					or 150
						mux 319
							1592
							1593
								4570
							1594
						1346
						1347
					or 162
						xor 193
							mux 207
								1415
								1416
								1417
							xor 285
								1539
								1540
									4628 ?
										4813 ?
								1541
									4090 ?
							2..3 308
								or 482
									1899
									1900
										3935
									1901
									4190
								1571
								1572
							or 606
								mux 1090
									3456
									3457
									3458
								2197
								2198
						1358
							4307 ?
						1359
					2..3 212
						xor 905
							2946
								4311
							2947
							2948
						mux 1031
							3292
							3293
							3294
						1426
					2..3 228
						1..3 556
							2075
							2076
								4661 ?
							2077
								4846
						mux 1232
							3871
							3872
							3873
						1453
							4036
						4434
							4451
				xor 113
					mux 307
						1..1 484
							1..3 496
								2..2 572
									mux 611
										mux 1207
											3797
											3798
											3799
										2209
										2210
											4978 ?
									2111
									2112
								mux 671
									2351
										4341 ?
											4663 ?
									2352
									2353
								1932
							1904
							1905
						mux 883
							2885
							2886
								4601
							2887
						mux 1070
							3397
							3398
								4849 ?
							3399
					1305
						4763
					1306
					4375
				or 358
					1658
					1659
					1660
				mux 1168
					3680
					3681
					3682
						4560
						4879 ?
			or 14
				2..3 44
					xor 53
						xor 121
							1312
							1313
							1314
								4520 ?
									4581
						2..3 132
							1327
								4054
							1328
							1329
								4716
						mux 363
							1669
							1670
								4990
							1671
						0..3 464
							0..1 580
								mux 631
									or 846
										2784
										2785
										2786
										4138
									2257
									2258
								mux 895
									2917
									2918
									2919
								2128
							0..2 920
								2986
									4704 ?
								2987
								2988
							mux 983
								3162
									4344
								3163
								3164
					or 82
						or 934
							3026
							3027
							3028
						1278
						1279
					mux 187
						mux 571
							2108
								3967 ?
							2109
							2110
						1392
						1393
							4733 ?
					mux 251
						xor 309
							xor 385
								1708
								1709
								1710
							1573
								4095 ?
							1574
							4348
						xor 313
							2..2 520
								1987
								1988
									4904
								1989
							2..3 620
								2231
									4805 ?
								2232
									4229
								2233
								4920
							0..2 884
								2888
								2889
								2890
								4913
						mux 1143
							3608
								4373 ?
							3609
							3610
					xor 397
						1735
						1736
						1737
				or 110
					xor 229
						3..3 328
							mux 1223
								3845
									4969
								3846
									4912 ?
								3847
									4300
							1610
							1611
								4486
						xor 357
							1655
							1656
							1657
								4051
								4407
									4578 ?
						or 414
							3..3 600
								2182
								2183
								2184
							xor 693
								2403
								2404
								2405
								4552
									4746 ?
							0..1 780
								2615
								2616
									4102 ?
								2617
						xor 553
							mux 1229
								mux 1235
									3880
									3881
									3882
								3863
								3864
							2068
								4152
								4984 ?
							2069
						mux 555
							2072
							2073
							2074
						2..2 844
							mux 1167
								3677
								3678
									3984 ?
								3679
									4382 ?
							2779
							2780
					0..3 252
						1..1 864
							2832
							2833
							2834
						mux 1190
							3746
							3747
							3748
						1491
					xor 417
						0..1 628
							2248
							2249
							2250
								4302 ?
						mux 651
							2306
							2307
							2308
						1767
					xor 589
						or 710
							mux 919
								2983
								2984
									4696
									4889
								2985
									4487 ?
									4549
							2443
							2444
						mux 1025
							mux 1106
								3501
								3502
									4886
								3503
								4562
							3276
							3277
						2152
						4953
					mux 1249
						3922
						3923
						3924
					4689
				mux 151
					mux 259
						1498
						1499
						1500
							4233 ?
					xor 341
						or 518
							xor 765
								2575
								2576
								2577
							1982
							1983
								3983
						xor 577
							2120
							2121
								4200 ?
							2122
						0..1 728
							2482
								4214 ?
								4301
							2483
								4795
							2484
					xor 797
						or 854
							mux 1148
								3622
								3623
								3624
								4684
							2808
							2809
								4635
						2660
							3992 ?
							4377 ?
								4648
						2661
				or 474
					3..3 992
						3184
						3185
						3186
					1884
					1885
					3969
				or 818
					mux 879
						2873
							4033
						2874
						2875
							4885 ?
					2711
					2712
					4155
						4762 ?
				4369
			xor 29
				mux 167
					1368
						4544
					1369
					1370
						3962
				or 170
					0..2 544
						xor 601
							2185
							2186
								3933 ?
									4809
							2187
								4654
						2045
						2046
							4991 ?
					mux 707
						mux 815
							2703
							2704
							2705
						2..3 848
							2790
							2791
								4523 ?
							2792
						2438
					mux 731
						2490
							4433
						2491
							4768 ?
						2492
						4101
				1..3 340
					or 778
						2609
							4223
						2610
							4888 ?
						2611
					1629
					1630
				1..3 676
					mux 1210
						3806
							4580
						3807
							4028
						3808
					2364
						4714 ?
					2365
			xor 169
				3..3 408
					1753
						4900 ?
					1754
						4198 ?
					1755
				or 434
					mux 755
						2551
						2552
							4002
							4363 ?
						2553
							4325
					1802
					1803
				1373
			mux 391
				xor 449
					xor 465
						1863
						1864
						1865
						4004
					xor 517
						1979
						1980
						1981
					1..1 624
						1..2 636
							mux 831
								mux 1161
									3660
									3661
									3662
									4007
								2746
								2747
									4039 ?
							2270
							2271
						2..4 904
							2943
							2944
							2945
							4163
								4935
						mux 1018
							3257
							3258
								4853
							3259
							4531
				xor 485
					mux 799
						mux 1170
							3686
							3687
							3688
							4320
						2664
						2665
					xor 825
						2730
							4061 ?
						2731
						2732
					1906
				1..2 540
					mux 1118
						3537
							4258
						3538
						3539
					2035
					2036
				mux 727
					mux 1048
						mux 1113
							3522
								4158
									4845 ?
							3523
							3524
							4557
						3339
							4413
							4445
						3340
					2480
					2481
					4483
			mux 1023
				3270
				3271
				3272
		xor 21
			xor 33
				or 70
					mux 87
						0..1 488
							xor 909
								2957
								2958
								2959
									4383 ?
							1913
							1914
						3..3 808
							mux 1008
								3228
								3229
								3230
							mux 1156
								3646
								3647
								3648
							2687
						1285
							4261
					xor 217
						mux 223
							mux 531
								xor 565
									or 794
										2652
											4287
										2653
											4713
										2654
									mux 1007
										mux 1057
											mux 1097
												3475
													4694 ?
												3476
													4286 ?
													4452
												3477
													4573 ?
											mux 1182
												3722
												3723
													4179 ?
												3724
											mux 1246
												3913
													4013 ?
													4339 ?
												3914
												3915
										3226
											4478
										3227
									2094
									4340
								or 650
									2..3 696
										2412
										2413
											4147 ?
										2414
									2304
									2305
									4788
								2014
								4379
							mux 939
								3040
									4983
								3041
									4454
										4840
								3042
								4117
							1443
						xor 305
							1568
							1569
							1570
							4802
						or 670
							or 866
								0..2 900
									2932
									2933
									2934
								2838
								2839
								4930
							2349
								4079 ?
							2350
								4361
						mux 1145
							3614
							3615
							3616
					mux 459
						or 946
							mux 1130
								3570
								3571
								3572
							3058
							3059
								3979 ?
						mux 1134
							3582
							3583
							3584
						1852
						4298
					4077
				or 206
					xor 857
						mux 1226
							3854
							3855
							3856
								4131 ?
									4140
										4826
						2816
						2817
							4104
					1413
					1414
				or 210
					1423
					1424
					1425
				xor 393
					4..4 612
						xor 893
							mux 1088
								3450
								3451
								3452
								4761
							2912
							2913
						2211
						2212
						4766
					or 930
						3015
							4052 ?
								4605
						3016
						3017
					1726
				mux 1139
					3596
					3597
					3598
			xor 73
				mux 463
					mux 1203
						3785
						3786
						3787
					1861
						4962
					1862
				2..2 604
					mux 1221
						3839
						3840
						3841
						4876
					2192
						4655 ?
					2193
				0..2 792
					2646
					2647
					2648
			xor 105
				mux 135
					mux 735
						1..3 756
							mux 783
								mux 1035
									3304
									3305
									3306
										4447 ?
								2624
								2625
								4522
							mux 867
								2840
								2841
								2842
									4744
							2554
							4148
						2500
						2501
					1330
						4304 ?
					1331
				xor 665
					mux 719
						2462
						2463
							4687
								4862 ?
						2464
							4651 ?
						4837
					2339
					2340
				1296
			mux 107
				1298
				1299
				1300
				4896
			or 242
				1476
					4901 ?
				1477
				1478
					4244 ?
				4510
					4866 ?
			mux 247
				or 410
					or 718
						2459
							4207
						2460
						2461
					mux 1125
						3556
							3990
								4305 ?
						3557
						3558
					1756
						4750 ?
				mux 1059
					3365
						4999 ?
					3366
					3367
					4162
				1487
					4527 ?
			or 626
				mux 1009
					3231
					3232
						3971
						4974 ?
					3233
				2244
					4449
				2245
					4794
				4491
		1..2 160
			xor 241
				xor 377
					xor 409
						xor 789
							mux 1047
								3336
								3337
								3338
							2639
								4496 ?
							2640
						xor 985
							3168
							3169
							3170
						mux 1155
							3643
							3644
							3645
								4109
					1695
					1696
				or 926
					3003
					3004
					3005
						4108
							4115 ?
							4328
							4480 ?
				1475
			2..3 284
				mux 1169
					3683
					3684
					3685
					4003
				mux 1214
					3818
					3819
					3820
				1538
			xor 469
				1872
				1873
				1874
				4787
		mux 175
			xor 205
				1410
					4501
				1411
				1412
			xor 685
				2383
				2384
				2385
			1379
		or 386
			1711
			1712
			1713
				4208 ?
				4402
				4585 ?
		1..2 452
			xor 957
				3088
				3089
					3993 ?
						4189
				3090
					4505 ?
			1838
			1839
		or 570
			mux 1024
				3273
				3274
				3275
			mux 1115
				3528
				3529
				3530
			2107
		4532
	mux 83
		0..3 760
			mux 1105
				3498
				3499
				3500
			2562
				4839 ?
			2563
		1..1 796
			mux 959
				3094
				3095
				3096
			2658
				4843 ?
				4857 ?
					4875 ?
			2659
		xor 925
			3000
			3001
			3002
				4482
	mux 859
		mux 1192
			3752
			3753
				4426
				4860
			3754
		2819
			4586 ?
		2820
			4590 ?
config: 0