abstract 0
	mux 1 ?
		mux 12
			348
			349
			350
				4338
			351
			352
				3341
			353
			354
			355
			356
			357
				3841
				3984 ?
			358
			359
				3623
			360
			361
			362
			363
			364
			365
				4448 ?
					4609
			366
			367
			368
		mux 18
			mux 20
				500
				501
				502
					3219 ?
				503
				504
				505
				506
				507
				508
				509
				510
				511
				512
					3315 ?
				513
					3729
					3783 ?
				514
					4056
				515
				516
					3937
				517
					4006 ?
				518
					3790 ?
					4066 ?
				519
				520
					4460
					4778 ?
			mux 23
				mux 145
					3032
						3533 ?
					3033
					3034
						4923 ?
					3035
					3036
						3242 ?
							4834 ?
					3037
						3199
							4457
						3268
					3038
					3039
						3909 ?
							3945 ?
					3040
					3041
					3042
					3043
					3044
					3045
					3046
						3652
					3047
					3048
					3049
						3351 ?
							4202
								4507 ?
					3050
						3843 ?
					3051
					3052
				561
				562
				563
				564
				565
					4986 ?
				566
					4440 ?
					4797
				567
					4468
				568
					4657 ?
				569
				570
					4096 ?
				571
				572
				573
					4901 ?
				574
				575
					4474 ?
				576
					3996 ?
					4235
				577
				578
				579
				580
					3342 ?
						4879
					4352 ?
				3240
					3863 ?
					4111 ?
						4878
					4663 ?
			mux 31
				mux 48
					mux 58
						mux 95
							1993
								4691
									4955
							1994
								3631
							1995
							1996
							1997
								4690
							1998
								3391 ?
							1999
							2000
							2001
							2002
							2003
								4238
							2004
							2005
							2006
							2007
							2008
							2009
							2010
								4656 ?
								4790
							2011
								3455
									4525 ?
							2012
								3319 ?
									3439 ?
							2013
								3830
									3929
						mux 97
							mux 110
								2302
									3823
									4800
								2303
								2304
								2305
								2306
									3365
										4951 ?
									3636
								2307
								2308
									4254 ?
								2309
								2310
									4032
								2311
								2312
									3881 ?
								2313
								2314
								2315
								2316
									3454 ?
								2317
								2318
									3529 ?
										3960
									4031 ?
								2319
								2320
									4125 ?
								2321
								2322
							2035
								3500
									4143 ?
								4914
								4941
							2036
							2037
							2038
								3263
								3849
							2039
								4541
							2040
								4307
							2041
							2042
							2043
							2044
							2045
							2046
							2047
								3817
							2048
							2049
							2050
							2051
							2052
							2053
								3870
							2054
						1249
							4508 ?
								4985
						1250
						1251
						1252
						1253
						1254
						1255
						1256
							4555
						1257
						1258
						1259
						1260
							3646 ?
						1261
							3280 ?
								3590
						1262
						1263
						1264
						1265
						1266
						1267
						3573
						3627
						3961
					mux 73
						1548
							4115 ?
							4301 ?
						1549
							4921 ?
						1550
						1551
							3798 ?
						1552
						1553
						1554
							4131 ?
						1555
							3298
							4563 ?
						1556
						1557
						1558
						1559
						1560
						1561
							4108
						1562
						1563
							4481
						1564
							3406 ?
								4659
						1565
							4514 ?
						1566
							3616
						1567
						1568
					mux 107
						2240
							3938
							4046
								4133
									4215
							4193
						2241
						2242
							3853 ?
						2243
						2244
						2245
							4785 ?
						2246
						2247
							3405 ?
						2248
						2249
						2250
						2251
							4522 ?
							4852 ?
						2252
						2253
						2254
						2255
						2256
							4826
						2257
							4917
						2258
							3514
						2259
						2260
					1051
					1052
					1053
						4600
					1054
					1055
					1056
					1057
						3420 ?
							3495 ?
							4234 ?
						3551 ?
							4995
					1058
						3679 ?
						4876 ?
					1059
					1060
						4172 ?
					1061
					1062
					1063
						4071 ?
						4975 ?
					1064
					1065
					1066
						4503
					1067
					1068
					4908
				mux 57
					mux 89
						1871
							4298
						1872
							4013 ?
						1873
							3279 ?
								4745 ?
								4855 ?
							3737 ?
						1874
						1875
						1876
							3254 ?
								3563
							3746
						1877
							4482
						1878
							3483 ?
						1879
						1880
						1881
						1882
						1883
						1884
							4205 ?
						1885
						1886
							3858 ?
							4261 ?
								4334
								4512
						1887
						1888
						1889
							3316 ?
						1890
						1891
					1229
						3233
							3505
						4634 ?
					1230
					1231
					1232
						3380
					1233
					1234
						3610 ?
					1235
					1236
					1237
						4451
					1238
						3410 ?
					1239
						3308
					1240
						4911
					1241
					1242
					1243
					1244
					1245
						3662 ?
					1246
					1247
					1248
					3415
				715
					3607 ?
						3799
				716
				717
				718
					4607
				719
				720
				721
				722
				723
				724
				725
				726
				727
					3472
				728
				729
				730
				731
					4284
				732
					3186 ?
				733
				4048
					4117 ?
			mux 76
				mux 87
					mux 126
						2636
							3890 ?
						2637
						2638
							3205 ?
								4910 ?
							4898
						2639
						2640
						2641
						2642
						2643
							3201
								4347
						2644
						2645
						2646
						2647
						2648
							3456
						2649
						2650
						2651
							4488 ?
						2652
						2653
						2654
						2655
						2656
							3433
						3526
					mux 137
						2865
							4418
						2866
							4950 ?
						2867
						2868
						2869
						2870
							3171 ?
						2871
							3947
							4099 ?
						2872
						2873
						2874
							4078
							4263 ?
							4413
							4543
						2875
						2876
						2877
						2878
						2879
						2880
							3900
						2881
							3701 ?
							4859 ?
						2882
							4723
						2883
							4197 ?
								4824 ?
						2884
						2885
							3292
								4871
					1831
					1832
					1833
					1834
						3225 ?
							3368 ?
								3537 ?
						4162 ?
					1835
					1836
					1837
						3261
						4989
					1838
					1839
					1840
					1841
						4560
					1842
						4705
					1843
					1844
					1845
						4439
						4726
					1846
						3784
					1847
					1848
						4614
					1849
					3320
				mux 99
					2076
					2077
						3860 ?
							3896
					2078
						4198
					2079
					2080
					2081
					2082
					2083
					2084
					2085
						4283
					2086
						3723
					2087
					2088
					2089
					2090
					2091
					2092
						3611
					2093
						3762
						3967 ?
					2094
					2095
					2096
				1609
				1610
					3532
					4554
				1611
				1612
				1613
					3461
					3490
					3668 ?
						3865 ?
				1614
					4899 ?
				1615
				1616
					3612 ?
						4330 ?
				1617
					3872
				1618
				1619
				1620
					3428
				1621
				1622
				1623
				1624
				1625
				1626
					3832
					4710
				1627
					4109 ?
				3427
				4127
			mux 144
				3011
				3012
					3549
					3570 ?
				3013
				3014
				3015
				3016
					3178 ?
				3017
				3018
					3987
						4741 ?
				3019
				3020
				3021
				3022
				3023
				3024
					4716 ?
				3025
					3221
					3408
					3831
				3026
				3027
				3028
					4186 ?
				3029
				3030
				3031
					4020 ?
					4069
			463
			464
			465
				3326 ?
				4150 ?
				4692 ?
			466
			467
			468
				3189
			469
				4608
			470
			471
			472
				4026
				4604
			473
			474
				3722
			475
			476
			477
			478
			3162
		mux 28
			mux 37
				mux 51
					mux 60
						1289
						1290
							4029
						1291
							4259 ?
						1292
							3649
						1293
						1294
						1295
						1296
							4009 ?
						1297
							4875 ?
							4883 ?
						1298
						1299
						1300
						1301
						1302
						1303
							3796 ?
						1304
							4282
						1305
						1306
							3827
						1307
							3567
						1308
							4210 ?
						1309
							4389
						4350
					1109
					1110
					1111
					1112
					1113
						3271
					1114
					1115
						3638
						3703 ?
					1116
					1117
						4693
					1118
						4873
					1119
						4598
					1120
						4864
					1121
						3688 ?
					1122
						4928 ?
					1123
					1124
					1125
						4316
					1126
					1127
					1128
						4794
				mux 81
					1711
					1712
						3286
							4918 ?
						3309 ?
					1713
						4727 ?
					1714
					1715
					1716
					1717
					1718
					1719
					1720
					1721
						4849
					1722
					1723
					1724
					1725
					1726
					1727
					1728
					1729
						3568 ?
						4485
					1730
					1731
				mux 88
					1850
					1851
					1852
						4044
							4377 ?
						4611 ?
					1853
						3224
					1854
					1855
						4742
					1856
						3658 ?
						4236 ?
						4606 ?
					1857
					1858
						3915
							4124
						4381
					1859
					1860
						3239 ?
					1861
					1862
						3751
					1863
					1864
					1865
						4685
					1866
					1867
						3255 ?
						3581 ?
						4432 ?
					1868
					1869
						3197 ?
						3475
							3615
							3710
					1870
					4134
				836
					4752
				837
				838
				839
				840
					3193 ?
					3386 ?
				841
					4949 ?
				842
				843
					3807 ?
				844
					3412 ?
					3787 ?
				845
				846
					3692 ?
					3959
					4798
				847
				848
					3588 ?
						4502 ?
					3875
				849
				850
				851
				852
				853
					4931 ?
			655
			656
				4720 ?
			657
			658
			659
			660
				4519
			661
				3238
					4388 ?
			662
				4561 ?
					4596
			663
			664
				4682 ?
					4822 ?
			665
			666
			667
			668
				4104 ?
			669
			670
			671
			672
			673
			674
				4098 ?
		mux 35
			795
			796
				4987 ?
			797
			798
			799
			800
			801
			802
			803
				3464 ?
				4074 ?
					4648
				4882
			804
				3719
			805
			806
				3972 ?
			807
			808
				3565 ?
			809
			810
			811
			812
				3508
				3983 ?
				4877
			813
			814
				3322
			815
				4938
		mux 55
			mux 66
				mux 91
					1912
						4273
					1913
					1914
					1915
					1916
					1917
					1918
					1919
					1920
						3321
							4821
					1921
						4708
					1922
						3839 ?
					1923
					1924
					1925
					1926
						3597
							3828 ?
						4579 ?
					1927
					1928
						4194 ?
					1929
					1930
						3195 ?
					1931
					1932
						3821
							4019 ?
						4956 ?
				1410
					3409
					4166 ?
				1411
				1412
					4490 ?
				1413
				1414
				1415
					4241
				1416
				1417
				1418
				1419
					3331
					3833 ?
				1420
				1421
					4207 ?
				1422
				1423
					3647
					4779
				1424
					3285
				1425
					3299 ?
						4493 ?
				1426
				1427
					4627 ?
					4763 ?
				1428
				1429
			1190
			1191
			1192
			1193
				3281
					4362
			1194
			1195
			1196
			1197
				4136
			1198
			1199
			1200
			1201
			1202
			1203
			1204
			1205
			1206
			1207
			1208
			1209
			4934
		151
		152
			4539
		153
		154
			3469
		155
		156
		157
			3819 ?
		158
		159
			3440 ?
		160
		161
			3939 ?
		162
			4216 ?
		163
		164
			3683
		165
		166
	mux 2 ?
		mux 3
			mux 14
				mux 36
					mux 49
						mux 70
							mux 102
								mux 150
									3137
										3903
									3138
										3348
											3504
										3779 ?
											4984 ?
									3139
									3140
									3141
										4459
										4696 ?
									3142
									3143
									3144
									3145
									3146
									3147
										3332
									3148
										4011
									3149
									3150
									3151
										3401
									3152
										4039 ?
										4515 ?
									3153
									3154
									3155
										4524 ?
									3156
										3235 ?
											4935 ?
									3157
								2137
								2138
								2139
								2140
									4116 ?
								2141
									3173 ?
										4703 ?
								2142
									3383 ?
								2143
								2144
								2145
								2146
								2147
								2148
								2149
								2150
									4718 ?
								2151
									3296
										3614
									3352
									4446 ?
								2152
									4721 ?
								2153
									3944
									4033
										4912
								2154
								2155
								2156
							mux 104
								2177
								2178
								2179
									3159 ?
										3904 ?
								2180
									3536
								2181
								2182
								2183
								2184
									4602
								2185
									4660 ?
									4832 ?
								2186
								2187
									4358
								2188
								2189
									4840 ?
								2190
								2191
								2192
								2193
									4091
									4990
								2194
									4142 ?
								2195
									3442
									4759 ?
								2196
								2197
								3674
								3877
									4903 ?
								4290
								4744
							1491
								3671 ?
							1492
								3356
								3780 ?
							1493
							1494
							1495
							1496
								3905
									4540
							1497
							1498
							1499
							1500
							1501
								4110
							1502
								4740 ?
							1503
								3359
									4896
							1504
								4521 ?
							1505
								4654 ?
							1506
								3388 ?
							1507
							1508
								3792
								4343 ?
									4802 ?
							1509
						1069
							4851
						1070
						1071
						1072
							3630 ?
						1073
						1074
						1075
						1076
						1077
							3506 ?
							3620 ?
							3808 ?
								4206 ?
									4853 ?
						1078
							4065 ?
								4781
						1079
							3785 ?
						1080
						1081
						1082
						1083
						1084
						1085
							3657 ?
								4812
						1086
						1087
							4164 ?
						1088
							3402
					816
					817
					818
						3522 ?
					819
						3488 ?
					820
						3924
					821
						3531 ?
					822
					823
					824
						3663
					825
					826
						4421
					827
					828
						3589 ?
							3618 ?
					829
					830
					831
						4499
					832
					833
					834
					835
				mux 146
					3053
						3847 ?
					3054
						4755
					3055
					3056
					3057
					3058
						4500 ?
					3059
					3060
						4281
					3061
					3062
					3063
						3396
					3064
					3065
						4445
					3066
					3067
						3804
					3068
					3069
						4713 ?
					3070
					3071
					3072
					3073
					4007
				390
				391
				392
				393
				394
					4601
				395
				396
				397
					3166
					3358 ?
						3666 ?
							4295 ?
				398
					4336
						4623 ?
							4673 ?
					4772 ?
				399
				400
					3243
					3288 ?
						4000
				401
					4129 ?
				402
				403
					4304
				404
					3715
				405
					3970
				406
				407
				408
					4694
			mux 17
				mux 27
					mux 46
						mux 74
							mux 106
								2219
									3901
								2220
								2221
									3236
									4646 ?
								2222
									4784 ?
								2223
								2224
									3566
								2225
								2226
								2227
								2228
								2229
								2230
								2231
								2232
								2233
									3986
								2234
								2235
								2236
								2237
								2238
								2239
								3727
							1569
								3988 ?
							1570
								4964 ?
							1571
							1572
							1573
							1574
								4311 ?
							1575
							1576
								3600 ?
							1577
								4001 ?
							1578
								3311 ?
									4988
							1579
							1580
								3797
								4082 ?
							1581
							1582
							1583
							1584
								4247 ?
							1585
							1586
							1587
							1588
						1011
							3836
								4387 ?
						1012
						1013
						1014
						1015
						1016
							3208 ?
						1017
						1018
						1019
							4130 ?
						1020
						1021
						1022
						1023
						1024
							4165 ?
						1025
						1026
							4885
						1027
						1028
							4100
							4680 ?
						1029
						1030
					mux 54
						1169
						1170
						1171
						1172
							3525 ?
								4181
								4749
						1173
							4815
						1174
						1175
						1176
							4750
						1177
						1178
						1179
							3629 ?
						1180
						1181
							4967 ?
						1182
							4449 ?
						1183
							3921 ?
							4698
						1184
							3369 ?
						1185
						1186
							4542
						1187
						1188
						1189
							4640
					mux 80
						1690
							4518 ?
								4581 ?
						1691
						1692
							4035
								4368 ?
						1693
						1694
						1695
						1696
							3323
						1697
						1698
						1699
						1700
						1701
						1702
						1703
						1704
						1705
							3713
						1706
							3886
								4400
						1707
						1708
						1709
						1710
							4059
					mux 121
						2531
						2532
						2533
						2534
							4645
								4976 ?
						2535
						2536
						2537
						2538
						2539
							3661
							3876 ?
								4406
							4293
						2540
							4004
								4050
						2541
						2542
						2543
							3749
								4370 ?
						2544
							3486
							3707
							4158 ?
						2545
							4569 ?
						2546
							3696
							4465
							4748 ?
								4829
						2547
						2548
						2549
						2550
						2551
					638
						3547 ?
					639
						4107
							4671 ?
						4843
					640
						3815
							4869
					641
					642
					643
					644
					645
					646
						4597 ?
					647
					648
					649
						4313 ?
					650
					651
					652
					653
					654
					3981
					4776
				mux 29
					mux 65
						mux 68
							mux 98
								2055
								2056
									4203
									4842 ?
								2057
									3699 ?
									4321
								2058
									4922
								2059
								2060
									4010
								2061
								2062
									4189 ?
									4504 ?
								2063
								2064
								2065
								2066
								2067
									4153 ?
								2068
								2069
								2070
								2071
									3161 ?
										3874 ?
								2072
									3686 ?
								2073
									3822 ?
										4271 ?
								2074
									3437 ?
								2075
							1451
								3200
								3985 ?
							1452
							1453
							1454
							1455
							1456
								4132 ?
							1457
								3493
								4306 ?
							1458
							1459
							1460
							1461
								4494
							1462
							1463
							1464
							1465
							1466
								4632 ?
							1467
							1468
								4733 ?
							1469
								4678
							1470
							3888
								4102 ?
						1390
							3230 ?
						1391
						1392
							3864 ?
						1393
							4819
						1394
							4308 ?
						1395
						1396
						1397
						1398
						1399
						1400
							4030
						1401
						1402
							3687 ?
						1403
						1404
						1405
						1406
							3206 ?
						1407
							4670
							4689 ?
						1408
						1409
					mux 116
						2428
						2429
						2430
						2431
							4415
						2432
							3213
							4220 ?
						2433
						2434
						2435
						2436
						2437
						2438
						2439
						2440
						2441
							3542 ?
						2442
						2443
						2444
							3736
							4296
						2445
							4049
						2446
						2447
						2448
							3998
								4128
						3307
							4090 ?
					675
						3413 ?
					676
						4469
					677
						4872 ?
					678
						4390
					679
						3294 ?
						3850
					680
					681
					682
					683
					684
					685
					686
						4315 ?
							4736 ?
					687
						4325 ?
					688
					689
						4531
					690
					691
						4160 ?
							4237
					692
						4848
					693
						4551 ?
				mux 30
					694
						4021 ?
					695
					696
					697
					698
					699
						3639
						4946 ?
					700
						3676
					701
						4548
						4552 ?
					702
						3373
						3592
					703
					704
					705
					706
					707
						4318
						4399 ?
					708
					709
						3932 ?
						4960 ?
					710
					711
					712
					713
						3539
					714
				mux 38
					mux 75
						mux 143
							2990
							2991
							2992
							2993
								4605 ?
									4847 ?
									4968 ?
							2994
							2995
								3562 ?
								4002 ?
								4209 ?
							2996
							2997
								4818 ?
							2998
							2999
								3305 ?
							3000
							3001
							3002
							3003
								3769
							3004
								3931 ?
								4085 ?
								4862 ?
							3005
							3006
								3718 ?
							3007
								3422 ?
									3852
							3008
							3009
							3010
								3619 ?
						1589
						1590
						1591
						1592
						1593
							4224
						1594
							3502
						1595
						1596
							4144
						1597
						1598
						1599
						1600
						1601
							3677
								3948
								4424 ?
							4332
						1602
						1603
						1604
							4433
						1605
						1606
							4101
								4438
						1607
						1608
							3814 ?
					mux 93
						mux 118
							mux 124
								2594
								2595
								2596
								2597
									4516
								2598
								2599
								2600
								2601
								2602
								2603
									3366 ?
									4335 ?
									4961 ?
								2604
									4435 ?
								2605
									3582 ?
								2606
									3635
										4664 ?
								2607
								2608
									3399 ?
										3670
											4925 ?
								2609
									4255 ?
								2610
								2611
									4395
								2612
									3329 ?
									3337
										3577 ?
											4526
										4587 ?
								2613
								2614
							mux 125
								2615
								2616
								2617
								2618
									3183 ?
									3291
								2619
								2620
								2621
								2622
								2623
								2624
								2625
								2626
								2627
								2628
									3429
								2629
									3453 ?
								2630
								2631
								2632
									3672
								2633
									4201 ?
								2634
								2635
									4452 ?
							2470
							2471
							2472
							2473
							2474
							2475
								4616 ?
							2476
							2477
							2478
							2479
								3257 ?
							2480
							2481
							2482
							2483
							2484
							2485
							2486
								4173 ?
							2487
								3172
							2488
						1953
						1954
							4053 ?
						1955
						1956
							4323
						1957
							3935 ?
						1958
						1959
						1960
						1961
							3347
								4391
							3700 ?
							4467 ?
						1962
						1963
						1964
							3990
						1965
							3343 ?
						1966
						1967
							3633 ?
							4572 ?
								4655 ?
						1968
						1969
						1970
						1971
							3709 ?
								4180
							4610 ?
						1972
					mux 132
						2761
							3367
						2762
						2763
						2764
							4014
						2765
						2766
						2767
						2768
						2769
							4533
						2770
							4462 ?
						2771
						2772
							4008 ?
						2773
						2774
						2775
						2776
						2777
						2778
						2779
						2780
						2781
					854
					855
					856
					857
					858
						3497 ?
					859
					860
						4574
					861
					862
					863
					864
					865
					866
					867
					868
					869
					870
					871
				446
				447
					4269 ?
				448
					4538
						4782
				449
					4479 ?
				450
				451
				452
					4384 ?
						4729
					4746 ?
				453
				454
					4658 ?
				455
				456
				457
				458
					4496 ?
				459
				460
					3680 ?
				461
				462
					3927 ?
			mux 19
				479
					3339
				480
				481
				482
					4644 ?
						4959 ?
				483
					3926 ?
						3951 ?
						4577 ?
				484
				485
				486
				487
				488
				489
				490
				491
				492
					3617 ?
				493
				494
				495
				496
				497
					3177
				498
				499
			181
			182
			183
				3899 ?
				4880 ?
			184
				4814
			185
			186
			187
				3669
			188
			189
				3198 ?
					4947 ?
			190
				3810 ?
					4731 ?
			191
			192
				3946 ?
			193
			194
			195
			196
				3825
			197
			198
			3950
			4337
		mux 4
			mux 6
				mux 7
					mux 42
						930
						931
							4170 ?
						932
						933
						934
							4846 ?
						935
							3966 ?
								4497 ?
						936
							3174 ?
							4230
						937
							3975
							3980 ?
						938
						939
						940
							3958 ?
						941
						942
						943
							3678 ?
						944
						945
						946
							3735
							4970 ?
						947
							3811 ?
							4068
						948
						949
							3217
						950
					253
					254
					255
					256
					257
						3494 ?
							3613 ?
					258
					259
					260
					261
					262
						3184 ?
						4300
							4652 ?
					263
					264
					265
					266
						4765 ?
					267
					268
					269
					270
					271
						3840 ?
							4291
								4351 ?
									4549
					272
						4188 ?
				mux 11
					mux 13
						369
							3231
						370
						371
							3739 ?
								4287
						372
							3761
						373
							3421
						374
						375
							4585 ?
						376
						377
							4075
						378
						379
						380
						381
						382
							4414 ?
						383
						384
						385
						386
						387
							3560 ?
						388
							3786 ?
							4891 ?
						389
						3871
					mux 64
						mux 105
							2198
							2199
								3232 ?
									3826
										4593 ?
								3450 ?
							2200
								4974
							2201
							2202
							2203
								3992 ?
							2204
							2205
							2206
							2207
							2208
							2209
							2210
							2211
								3844 ?
								4121
							2212
								4047
								4354 ?
							2213
							2214
							2215
							2216
							2217
								4275
							2218
						1370
							3313 ?
						1371
							4888 ?
						1372
							4427
							4940
						1373
							3160 ?
								4067
									4546
									4817 ?
								5000
						1374
						1375
							3913
								4204 ?
								4353
						1376
						1377
							3641 ?
						1378
						1379
							4191 ?
						1380
						1381
						1382
							3209 ?
						1383
							3754 ?
							4341 ?
						1384
						1385
						1386
						1387
						1388
						1389
					mux 83
						mux 100
							mux 136
								2844
								2845
								2846
								2847
								2848
								2849
								2850
									4280
										4856 ?
								2851
								2852
									3476
								2853
								2854
								2855
								2856
								2857
									3834 ?
								2858
									3716 ?
								2859
								2860
									3800
										3910
											4380 ?
									4430
								2861
								2862
								2863
								2864
								4265
							2097
							2098
							2099
								3302
								4052
								4393
							2100
							2101
								3471
							2102
							2103
								3989
							2104
								3222 ?
								4897 ?
							2105
								4463
							2106
								3644 ?
							2107
								3252 ?
									3465 ?
									4820
							2108
							2109
								3436 ?
									3584
							2110
							2111
							2112
							2113
							2114
							2115
							2116
							4063
						mux 108
							2261
								4511 ?
							2262
								4018
							2263
							2264
							2265
								3212
							2266
							2267
							2268
							2269
							2270
							2271
								4927
							2272
								4993
							2273
							2274
								4618 ?
							2275
							2276
							2277
							2278
								4333
							2279
							2280
							2281
							4367
							4704
						1752
							3928 ?
						1753
							4185 ?
						1754
						1755
							3419
							4292
						1756
						1757
						1758
						1759
						1760
						1761
						1762
						1763
						1764
						1765
						1766
							3330
						1767
						1768
						1769
						1770
							4022 ?
								4858
					mux 115
						2407
							3258 ?
								4431 ?
						2408
						2409
						2410
						2411
							3310
								3943
							4324
						2412
						2413
						2414
							3244 ?
							3892
						2415
							3188 ?
							3559
							4915 ?
						2416
							3763 ?
						2417
						2418
							4550
							4835
						2419
							4135 ?
						2420
						2421
							4149
								4805 ?
								4916 ?
							4757 ?
						2422
						2423
						2424
						2425
						2426
						2427
					331
						4904 ?
					332
						3599 ?
					333
					334
					335
						4195 ?
							4945 ?
					336
					337
						3659
					338
						3267 ?
							4409
						3880 ?
						4028
					339
					340
					341
					342
						4845
					343
						3519
					344
						3720 ?
					345
						3794
							4477 ?
					346
					347
				234
				235
				236
					4309 ?
				237
				238
				239
					4422
						4996
				240
					4017
						4244 ?
				241
					4226 ?
				242
					4331
				243
				244
				245
					4279 ?
				246
					3681 ?
				247
				248
					3806
				249
				250
				251
				252
					4475 ?
			mux 22
				mux 67
					1430
					1431
						3484
					1432
					1433
					1434
						3194
					1435
					1436
					1437
						3426
					1438
						3949
					1439
						3907
					1440
					1441
						3651
					1442
					1443
						3655 ?
							3741 ?
						4113 ?
					1444
						3203 ?
							3479 ?
								3940 ?
					1445
						3883 ?
					1446
						3404 ?
							4404 ?
					1447
						3730
							4568
						3999 ?
					1448
					1449
						4385
							4854 ?
						4769
						4892
					1450
				541
					3656
						4212
							4761 ?
					3777 ?
				542
				543
					3370
				544
				545
				546
				547
					3226 ?
						4489
				548
				549
					4971 ?
				550
					3165 ?
					3169 ?
				551
				552
					4317 ?
				553
					3561
						4841 ?
				554
					4190
						4957 ?
					4669
					4758
				555
					3773 ?
					3813 ?
					4972
				556
				557
				558
				559
				560
				4276
					4558 ?
			mux 39
				mux 41
					mux 113
						2365
						2366
						2367
						2368
						2369
							3621
						2370
						2371
						2372
						2373
						2374
						2375
						2376
						2377
						2378
						2379
						2380
							4222
						2381
							4103 ?
							4599
						2382
							3781 ?
						2383
						2384
						2385
					mux 119
						2489
						2490
							4364
						2491
							3724
							3969 ?
							4356
						2492
						2493
						2494
						2495
							3771
								4509
						2496
							4003
						2497
						2498
							3289
								3441
						2499
						2500
						2501
						2502
							3256 ?
						2503
						2504
							3535 ?
						2505
							3714
						2506
						2507
						2508
						2509
							3540 ?
								3974 ?
									4506
					911
						4865 ?
					912
					913
						4786
					914
					915
					916
						3534
					917
					918
						3515
					919
					920
						4586
					921
						4991
					922
					923
					924
					925
					926
						4163 ?
							4686 ?
						4473 ?
					927
						3524 ?
					928
						3625 ?
					929
					4450
				mux 50
					mux 78
						1648
						1649
						1650
						1651
						1652
						1653
						1654
						1655
						1656
							3287 ?
							4487
						1657
							4573
						1658
						1659
							3393
							3957 ?
						1660
							4005
								4620
						1661
						1662
							3591 ?
							4774
						1663
						1664
							3303 ?
								4322 ?
									4780
						1665
						1666
							4256
						1667
							3734 ?
						1668
							3262
								4057 ?
									4567 ?
								4266
					1089
					1090
					1091
						4064
							4245 ?
					1092
					1093
						4513 ?
					1094
						3851 ?
					1095
						4590 ?
						4732 ?
							4994 ?
					1096
						3202
						3403 ?
					1097
						3272
							3706
								3755
						3496 ?
							4192 ?
						4386 ?
					1098
					1099
					1100
					1101
						4137
							4169 ?
					1102
						3220 ?
					1103
					1104
					1105
						4559
					1106
						3353 ?
							4363
						3750
							4126
					1107
						3764
					1108
						3963
				872
				873
				874
					3684
				875
				876
				877
					4095
				878
				879
					3548
					4297 ?
				880
					4624 ?
						4667 ?
				881
				882
					3333
						3923 ?
				883
					4795
				884
				885
				886
					4272 ?
				887
				888
				889
				890
					3211 ?
				3247
					3868 ?
			mux 44
				972
				973
					4547 ?
				974
				975
					4152 ?
				976
				977
				978
				979
				980
					3382 ?
						3578 ?
				981
					4081
				982
				983
				984
					3273 ?
				985
				986
				987
				988
					4735 ?
				989
				990
				991
				992
			199
				4012
			200
			201
				3407 ?
					3803 ?
			202
			203
				3377 ?
				4139
					4397
					4707
			204
			205
				3818 ?
				4480
			206
			207
			208
			209
				4058 ?
					4305 ?
				4926
			210
			211
			212
			213
			214
			215
			4461
		mux 5
			mux 9
				mux 16
					mux 21
						mux 109
							mux 130
								2719
								2720
								2721
								2722
								2723
									3557 ?
								2724
									3384 ?
								2725
								2726
								2727
								2728
								2729
									4668 ?
									4874
								2730
								2731
								2732
									3501 ?
										4804
									3733 ?
								2733
									3914 ?
								2734
								2735
								2736
									3170 ?
									3462 ?
								2737
								2738
									3920
									4303
									4831
								2739
									4428
							2282
								4036
								4339 ?
							2283
							2284
							2285
								4359 ?
							2286
							2287
							2288
								3228 ?
									3820
										4483
							2289
							2290
							2291
							2292
							2293
							2294
							2295
								3400
							2296
							2297
							2298
							2299
							2300
								3982
								4981
							2301
						521
						522
							3491
						523
						524
							4613
						525
						526
						527
							3374 ?
								3609 ?
									4857 ?
								3745 ?
									4161
						528
						529
						530
							4982 ?
						531
						532
						533
						534
						535
							4233 ?
						536
						537
						538
						539
						540
							3697
								3977
							4120
					mux 149
						3116
						3117
							3182
								4227
									4747
						3118
						3119
							4520
						3120
							4754
						3121
						3122
						3123
						3124
							3717
						3125
							3571 ?
						3126
							4861 ?
						3127
						3128
							4484
						3129
							3954 ?
								4584
						3130
							4061 ?
						3131
						3132
						3133
						3134
						3135
						3136
							3650 ?
							3695
					427
						3466
							3757 ?
						4371 ?
					428
					429
					430
					431
					432
					433
					434
					435
					436
						4612
					437
					438
					439
					440
					441
					442
					443
						4977 ?
					444
					445
				mux 53
					mux 101
						mux 135
							2823
							2824
							2825
								3364
							2826
							2827
							2828
								3726
									3917 ?
										4939
							2829
								4537 ?
								4932 ?
							2830
								4023
							2831
							2832
							2833
								4084 ?
							2834
							2835
								3246 ?
							2836
								4697
							2837
							2838
							2839
							2840
							2841
								3675
								4294
							2842
							2843
							3467
							4700
						2117
						2118
							4775
						2119
						2120
						2121
						2122
						2123
						2124
							4919 ?
						2125
						2126
						2127
						2128
						2129
						2130
						2131
						2132
						2133
							3694
							4528 ?
						2134
						2135
						2136
							3601 ?
						3378
					mux 117
						2449
						2450
						2451
						2452
						2453
						2454
							4783
						2455
							3747
						2456
							3168
								4582 ?
							3445 ?
						2457
						2458
						2459
						2460
						2461
						2462
							3553 ?
							3587
						2463
						2464
						2465
						2466
							4340
						2467
						2468
							4562 ?
						2469
					1150
						3477 ?
					1151
					1152
					1153
						4411
					1154
						3304 ?
					1155
					1156
					1157
					1158
					1159
					1160
						4436
					1161
						4580 ?
							4709 ?
					1162
						3511
							3793
								4403
						4080
					1163
						3470
							3585
						3878 ?
					1164
						3513
						4372
					1165
					1166
						4887
					1167
					1168
					3648
					4517
				mux 111
					2323
					2324
						3605
						4231
							4701 ?
					2325
						4712
							4743
					2326
					2327
					2328
						3885
					2329
					2330
					2331
					2332
					2333
					2334
					2335
					2336
						4289 ?
							4369
					2337
						3276 ?
						3682 ?
						4093
					2338
					2339
						3528 ?
							3744 ?
					2340
						3314 ?
							3487 ?
								4471
							4510
						3766 ?
							4719 ?
					2341
					2342
					2343
						4079
						4267
				294
				295
				296
					3956
				297
					3381
						3795
				298
				299
					4223
				300
					3297
				301
				302
				303
				304
				305
					3167 ?
				306
				307
				308
				309
				310
				311
					3385 ?
					3973 ?
				3449
			mux 24
				mux 85
					mux 112
						2344
							4641 ?
						2345
						2346
						2347
							4246 ?
						2348
							3768 ?
								3934
						2349
						2350
							3978 ?
								4024
									4302
						2351
							3576
						2352
						2353
						2354
						2355
						2356
							4106 ?
						2357
						2358
						2359
						2360
						2361
							3546
								3556 ?
								4429
								4650 ?
						2362
							3594 ?
						2363
						2364
							3897
						3460
					mux 134
						mux 138
							2886
							2887
							2888
							2889
								3554 ?
								3842 ?
							2890
								4807
							2891
							2892
							2893
								4286
							2894
							2895
							2896
								3512 ?
							2897
								3545 ?
							2898
							2899
								4178 ?
							2900
							2901
							2902
								3895
							2903
							2904
							2905
								3457 ?
							2906
						2803
						2804
						2805
							3424 ?
								3765
									4208 ?
							3809
								4470
						2806
						2807
							4329
							4591 ?
						2808
						2809
							4425 ?
						2810
						2811
							3772 ?
								4349
						2812
						2813
						2814
							4621 ?
						2815
						2816
							3572
							3862
						2817
						2818
							4277
						2819
						2820
						2821
							4344
						2822
					mux 139
						2907
						2908
							3731
								4594
								4760
						2909
							4310
						2910
							3418 ?
							4396
						2911
						2912
							3371
						2913
						2914
							4557
						2915
						2916
						2917
						2918
							3349
								3748 ?
						2919
						2920
							4199 ?
							4789
						2921
							3363 ?
						2922
						2923
						2924
						2925
							3163 ?
								3431 ?
						2926
							4564 ?
						2927
					1792
					1793
					1794
						3930 ?
					1795
					1796
					1797
					1798
					1799
					1800
					1801
					1802
					1803
					1804
					1805
					1806
					1807
						4187
					1808
					1809
					3812
				581
				582
					3517
				583
					4999
				584
				585
				586
				587
				588
				589
				590
				591
					4146 ?
					4151 ?
				592
				593
					3259
					4401 ?
						4823
				594
					4833
					4895
				595
				596
				597
				598
					4796 ?
				599
					3976 ?
					4665 ?
				600
					4278 ?
				3282
				3423
				4175
				4830
			mux 43
				951
				952
				953
				954
					3575
				955
					4043 ?
				956
				957
				958
					3855
				959
				960
					3218 ?
				961
					3626
				962
					3861
						4803
				963
					3791
						4379
							4443
				964
					4092
						4836 ?
				965
				966
				967
				968
					3492
						3753
							4419
							4827
					4168 ?
				969
				970
					3278 ?
						4617
						4715 ?
					4486
					4924
				971
			216
			217
				3521 ?
					4016 ?
			218
			219
			220
			221
			222
			223
				3942
			224
			225
			226
				3583
			227
				3628
				3653
			228
			229
			230
			231
				4575
			232
				3164 ?
					4944 ?
						4958
				3379
					4553
			233
			3543
				4894
		mux 25
			mux 96
				2014
				2015
				2016
				2017
				2018
				2019
					4527
				2020
					3354
				2021
					4077 ?
					4119 ?
				2022
				2023
				2024
				2025
					3550 ?
					3704 ?
				2026
					3879 ?
				2027
				2028
				2029
				2030
					3191
				2031
					4902
				2032
				2033
					4123
						4441
				2034
				4444
			mux 128
				mux 131
					2740
					2741
						4948 ?
					2742
						4730 ?
					2743
					2744
					2745
					2746
					2747
						3185
							3824
					2748
						3788
					2749
					2750
						4458
					2751
						4423
					2752
						3459
					2753
					2754
					2755
					2756
						3634 ?
					2757
					2758
						3538 ?
					2759
						4405 ?
					2760
				2678
					4773
				2679
				2680
				2681
				2682
					3411 ?
				2683
				2684
					3510
				2685
				2686
					3712 ?
					4472 ?
				2687
				2688
				2689
				2690
					4630 ?
				2691
					4850
				2692
					4638
				2693
					4420
				2694
				2695
					3480
				2696
				2697
					3390 ?
						4455
			601
				3362 ?
				4045 ?
			602
				3698 ?
			603
			604
				4183 ?
				4592
			605
			606
			607
			608
			609
				3284
			610
			611
			612
			613
				4639 ?
			614
			615
			616
				3414 ?
			617
				4345
			618
			619
			4051
		mux 32
			mux 90
				mux 148
					3095
						4953
					3096
						4672
					3097
						4595 ?
					3098
					3099
						3432
					3100
						3595
					3101
						3223 ?
							4695 ?
								4868
						3350
						3606 ?
					3102
					3103
					3104
					3105
					3106
					3107
						3593 ?
					3108
						3452 ?
					3109
					3110
					3111
					3112
						4148
					3113
					3114
						3725 ?
					3115
				1892
				1893
					3664 ?
				1894
				1895
				1896
					3789 ?
					4342 ?
				1897
					4675
				1898
				1899
					4062 ?
						4615
				1900
				1901
				1902
				1903
				1904
				1905
				1906
					4270
				1907
					4570
				1908
				1909
				1910
					3767 ?
				1911
					4870
			734
			735
				4055 ?
					4114
						4890
			736
			737
				4221 ?
					4952
			738
			739
				3227
				3642 ?
					4392
			740
			741
			742
				3498
					3742
			743
			744
				4299 ?
				4373 ?
					4505 ?
			745
				3435 ?
				3485 ?
					3936
			746
			747
			748
			749
			750
			751
				3434
			752
				4838 ?
			753
		mux 56
			mux 77
				mux 79
					1669
					1670
					1671
					1672
					1673
						4965
					1674
					1675
					1676
					1677
					1678
						3756
							4326
						3912
					1679
					1680
						4753 ?
					1681
					1682
					1683
					1684
						3835 ?
							4653
					1685
					1686
						3845 ?
					1687
						3181
					1688
					1689
					3398
				1628
				1629
					4097
						4863 ?
				1630
				1631
				1632
					3624 ?
						3665 ?
					4676
				1633
					4312 ?
				1634
					3397
				1635
				1636
				1637
				1638
				1639
					3776
				1640
					3215
						3702
					3740
				1641
				1642
				1643
					4495
				1644
					4787
					4906
				1645
					3179
					3245
				1646
				1647
			mux 129
				2698
				2699
				2700
					3911
				2701
				2702
				2703
				2704
					3443
				2705
				2706
					4633 ?
						4687 ?
						4889
				2707
					4739
				2708
				2709
				2710
				2711
					3965 ?
				2712
					3580
					4374 ?
				2713
				2714
					4529 ?
				2715
				2716
					4248 ?
					4751
				2717
				2718
					3752 ?
						4258 ?
					3859 ?
			1210
				4523 ?
					4666
			1211
				4147
				4683
			1212
			1213
				4094
			1214
				4937 ?
			1215
			1216
			1217
			1218
				3520 ?
					3782
				3867
				4492 ?
			1219
				3489 ?
				3916
					4417
			1220
			1221
				3518 ?
					4909 ?
			1222
			1223
			1224
			1225
			1226
				4442 ?
			1227
			1228
				3962
					4184 ?
		mux 141
			2949
			2950
			2951
			2952
				4319
				4426
			2953
				4954 ?
			2954
			2955
			2956
			2957
			2958
			2959
			2960
			2961
				4684
			2962
			2963
				4015
			2964
			2965
			2966
			2967
				3846 ?
					4756 ?
			2968
			2969
				3558
					3632
				4025
		167
		168
		169
		170
		171
		172
		173
		174
			4366 ?
				4453
		175
		176
		177
			4174 ?
		178
			4839
		179
			3417
				4122
			4907
		180
			4900
			4920 ?
	mux 8
		273
			4251
			4706
				4734 ?
		274
		275
		276
		277
		278
		279
		280
		281
			3602 ?
				4087
				4328 ?
			3728
			3922 ?
		282
		283
		284
			3345
		285
		286
		287
		288
		289
		290
			4260 ?
			4631
		291
		292
		293
			4466
	mux 10 ?
		mux 62
			1329
			1330
				3898
					4268
						4722 ?
			1331
			1332
			1333
			1334
			1335
				4398 ?
				4643 ?
			1336
			1337
			1338
			1339
			1340
			1341
			1342
				3541
				4636
					4637
			1343
			1344
				3395
			1345
			1346
			1347
				3622 ?
			1348
			1349
		mux 123
			2573
			2574
			2575
			2576
			2577
			2578
				3269
					4145
					4437 ?
						4588 ?
			2579
			2580
				4969
			2581
			2582
				4737 ?
			2583
				3264 ?
			2584
			2585
				3507 ?
					3654
			2586
			2587
			2588
				4674 ?
				4791
			2589
				3346
			2590
				3586
					3857 ?
			2591
				4375
				4583
			2592
			2593
				4806 ?
		312
		313
			3544 ?
		314
			3229
		315
		316
		317
		318
			3569 ?
			4788 ?
		319
		320
		321
		322
			3503 ?
				4979
		323
		324
			3190 ?
		325
			3760
				3891
		326
			3816
			4402
		327
		328
		329
		330
			4155 ?
			4816
		4073
			4933
	mux 15
		mux 33
			754
			755
				3721
			756
			757
			758
			759
				3869 ?
			760
			761
				3389
			762
			763
				3882 ?
			764
			765
			766
				3355
					3499 ?
					3523
					4038
				3952 ?
			767
			768
			769
				3444 ?
					4054 ?
			770
				4376
			771
			772
			773
			774
				3360 ?
			3854
		mux 34
			mux 103
				mux 120
					2510
						3207
							3478 ?
								4642 ?
					2511
					2512
						3425
							3705
						3995 ?
					2513
					2514
					2515
					2516
					2517
						3574
					2518
					2519
						3270
					2520
					2521
					2522
						4138
					2523
					2524
					2525
					2526
						4649
					2527
					2528
					2529
						3552 ?
					2530
				2157
				2158
					4893
				2159
				2160
					3394 ?
					4837 ?
				2161
					3838 ?
				2162
				2163
				2164
				2165
				2166
					4777
				2167
					3884
						3993
						4040
							4476 ?
					4702 ?
				2168
				2169
				2170
				2171
					3317
				2172
				2173
				2174
				2175
				2176
				3660
			775
			776
			777
				3416
					4232 ?
						4327 ?
						4407 ?
			778
			779
			780
			781
				4576 ?
			782
			783
			784
				3774
			785
			786
			787
			788
			789
			790
			791
			792
				3260 ?
			793
			794
				3894
		mux 45
			mux 71
				mux 72
					mux 92
						mux 114
							2386
							2387
							2388
							2389
							2390
								4225
									4229
							2391
							2392
								3643 ?
							2393
							2394
							2395
							2396
							2397
							2398
								4410 ?
							2399
							2400
							2401
								4140 ?
							2402
								3482
									4711
							2403
								3640
								4809
							2404
								4992 ?
							2405
							2406
								3555
							3564
							4243
								4348
						1933
							3509 ?
						1934
						1935
							3274 ?
							4717
						1936
						1937
							4357 ?
						1938
						1939
							4728 ?
						1940
						1941
						1942
							4622
						1943
						1944
						1945
							4662
							4966 ?
						1946
						1947
						1948
						1949
							3253
						1950
						1951
							3579 ?
								4454
								4699 ?
						1952
					1528
					1529
					1530
						3250
							4766
					1531
					1532
					1533
					1534
					1535
					1536
						4089 ?
					1537
					1538
					1539
					1540
						3527 ?
					1541
						3361
					1542
					1543
						3340
							3375 ?
						3856 ?
						4973 ?
					1544
					1545
					1546
						3158
					1547
					4253
				mux 122
					2552
					2553
					2554
						3447 ?
							4042 ?
					2555
					2556
					2557
						3463 ?
					2558
					2559
					2560
						4083
					2561
					2562
						4105
					2563
					2564
					2565
						4252 ?
					2566
					2567
						4532
					2568
					2569
						4416
					2570
						3451 ?
							4156
								4257
					2571
					2572
						3778
					4179
				mux 142
					mux 147
						3074
						3075
						3076
						3077
						3078
						3079
						3080
						3081
						3082
							3902 ?
						3083
						3084
						3085
							3430 ?
						3086
							3603 ?
						3087
						3088
							4810
						3089
						3090
						3091
						3092
							4408
						3093
						3094
					2970
						3802
					2971
						4378
							4942
					2972
					2973
					2974
						4288
					2975
						3743 ?
							4211 ?
					2976
						4647
					2977
					2978
					2979
						3516
					2980
						3955 ?
							4072
								4929
					2981
					2982
					2983
					2984
					2985
						4943 ?
					2986
					2987
						3645
					2988
					2989
				1510
					3971
				1511
					4628
				1512
				1513
				1514
				1515
				1516
				1517
					3673 ?
				1518
					3598 ?
				1519
				1520
				1521
				1522
				1523
				1524
				1525
				1526
				1527
			mux 84
				1771
				1772
				1773
				1774
				1775
				1776
					4228 ?
				1777
				1778
				1779
				1780
					4177 ?
				1781
				1782
					4250
				1783
					3805 ?
				1784
				1785
				1786
					3325
						4037
				1787
				1788
				1789
				1790
					4088 ?
				1791
				4213
					4365
			mux 94
				mux 127
					2657
					2658
					2659
					2660
					2661
						3301 ?
							4434 ?
					2662
						4688
					2663
					2664
						3941 ?
					2665
					2666
						3770
							4566 ?
					2667
					2668
					2669
					2670
						3335 ?
					2671
					2672
					2673
						4544 ?
					2674
						3324
					2675
					2676
						3866 ?
					2677
				1973
					3372 ?
						4677
				1974
				1975
				1976
				1977
				1978
				1979
				1980
				1981
				1982
				1983
				1984
					3690
				1985
				1986
				1987
				1988
					3458 ?
						4034
						4997 ?
					4447
						4619
				1989
					4679 ?
				1990
				1991
				1992
					3265 ?
				3336
			993
			994
			995
			996
			997
			998
				4394 ?
			999
				3266 ?
				3887 ?
			1000
			1001
				4998
			1002
			1003
			1004
			1005
			1006
			1007
			1008
			1009
				3210 ?
					4629
			1010
			4963
		409
			4762
		410
		411
		412
			3530 ?
		413
		414
			3968
		415
			4456 ?
		416
			3214
			3300 ?
		417
		418
		419
		420
		421
		422
			3873 ?
			3964
			4314
			4464
		423
			4182 ?
		424
		425
			3334
				4764 ?
		426
	mux 26
		mux 40
			mux 59
				1268
				1269
				1270
				1271
				1272
				1273
				1274
					4176
				1275
					4200 ?
				1276
				1277
				1278
				1279
				1280
					4070 ?
				1281
				1282
				1283
					3732
				1284
				1285
				1286
				1287
					3801 ?
						4793
				1288
			891
				3290 ?
					3387 ?
						4219
			892
			893
			894
				4159 ?
			895
				3758
					4799
			896
				4214 ?
			897
				3994
			898
			899
				3327 ?
					4545 ?
			900
				3829 ?
			901
			902
			903
			904
			905
			906
			907
			908
			909
			910
		mux 47
			mux 61
				mux 63
					mux 86
						1810
						1811
						1812
						1813
						1814
						1815
							3176 ?
						1816
							4770 ?
								4801 ?
									4978
						1817
						1818
						1819
							4884
						1820
						1821
							3248 ?
								4239
							3906 ?
								4866 ?
							4262 ?
						1822
							4530 ?
								4738
							4603 ?
						1823
							3837 ?
								4825
						1824
							3848 ?
						1825
						1826
						1827
						1828
							3775
						1829
						1830
							4881
					1350
					1351
					1352
					1353
					1354
					1355
						4320 ?
					1356
					1357
					1358
					1359
					1360
						3908
					1361
						3376
					1362
						3293 ?
						4771 ?
					1363
					1364
					1365
						4886
					1366
					1367
						3175
					1368
						3318
					1369
				mux 140
					2928
					2929
					2930
						3249
						3889 ?
							4808
					2931
					2932
					2933
					2934
						4813 ?
					2935
					2936
						3295 ?
						3357 ?
						3604 ?
						4792
					2937
					2938
						4589
							4913 ?
					2939
						3979
							4154
							4565 ?
					2940
					2941
					2942
					2943
						3338
					2944
						4112 ?
					2945
						3306
							4651 ?
					2946
					2947
					2948
						4274
						4383 ?
						4936 ?
					4264
				1310
				1311
					3283 ?
				1312
					4171 ?
						4491 ?
						4828
				1313
					3241
					3691
				1314
				1315
				1316
				1317
					3685 ?
				1318
					4346
						4360 ?
				1319
				1320
				1321
					4535 ?
				1322
					3711 ?
					4361 ?
				1323
					4556 ?
					4635 ?
				1324
				1325
				1326
				1327
					3180
						3196 ?
							4681
						4536
							4661
					3216
				1328
				4714
			1031
			1032
			1033
				4578 ?
			1034
				3237 ?
			1035
			1036
				4242
			1037
				3392
			1038
			1039
			1040
				4534
				4725
			1041
			1042
				4983 ?
			1043
			1044
			1045
			1046
			1047
			1048
			1049
			1050
		mux 69
			mux 82
				mux 133
					2782
						3234
					2783
					2784
					2785
					2786
					2787
					2788
					2789
					2790
					2791
						3275 ?
							3637
						3473
					2792
					2793
					2794
					2795
						4167
							4724 ?
					2796
					2797
						3738 ?
							4240 ?
					2798
					2799
					2800
					2801
						3759 ?
							4218 ?
					2802
						3689 ?
					3481
				1732
				1733
				1734
					4355 ?
				1735
					3693
				1736
				1737
					4980
				1738
					3918
					4041
						4412
				1739
				1740
					4767 ?
				1741
				1742
				1743
				1744
				1745
					3997 ?
				1746
				1747
				1748
					4076
				1749
				1750
					4196 ?
					4498 ?
				1751
					4141
						4501 ?
			1471
				3608
			1472
				3192 ?
				4571 ?
			1473
			1474
				3328
			1475
				4768 ?
			1476
			1477
			1478
				3708 ?
			1479
			1480
			1481
			1482
			1483
			1484
			1485
				3667
			1486
				4086
			1487
			1488
				4285 ?
			1489
			1490
			4867
		620
			3277 ?
				3991 ?
				4382 ?
		621
			3953 ?
				4249 ?
		622
			3919 ?
				4478 ?
			4811 ?
			4844
		623
			3933
		624
		625
		626
		627
			3344
		628
		629
			4060 ?
		630
			3596 ?
		631
		632
		633
		634
		635
			3187
				3468 ?
			3446
				4930 ?
			4860
		636
		637
			3251
			4905 ?
	mux 52
		1129
		1130
		1131
			3438
			4217 ?
		1132
		1133
		1134
			4626 ?
		1135
		1136
			3925 ?
		1137
		1138
			3893 ?
		1139
		1140
		1141
		1142
			4118
			4962 ?
		1143
		1144
		1145
			4625 ?
		1146
		1147
			3312
			3474
		1148
			3448 ?
				4027 ?
		1149
		4157
	3204
config: 0