abstract 0
	mux 1 ?
		mux 5
			mux 24
				mux 223
					mux 303
						1777
						1778
						1779
					mux 522
						2153
						2154
						2155
					mux 1037
						mux 1154
							3679
							3680
							3681
						mux 1265
							3991
							3992
							3993
						3368
				mux 611
					mux 707
						2572
						2573
						2574
					2350
					2351
				1505
			mux 46
				mux 89
					mux 345
						mux 405
							mux 637
								mux 776
									2726
									2727
									2728
								mux 1208
									3826
										4718
									3827
									3828
								2410
							mux 698
								2550
									4809 ?
								2551
								2552
								4729
							mux 927
								mux 1228
									3885
									3886
									3887
								3075
								3076
							mux 1499
								4676
								4677
								4678
									4822
						1843
						1844
						4762
					mux 950
						3132
						3133
						3134
					1534
				mux 90
					mux 1470
						4589
						4590
						4591
					1535
					1536
				mux 173
					mux 214
						mux 857
							mux 954
								mux 1057
									3421
									3422
									3423
								3144
								3145
							2905
							2906
						mux 870
							mux 1242
								3927
								3928
								3929
									4848 ?
							2933
							2934
						1650
							4873
					1611
					1612
				mux 242
					mux 662
						2464
						2465
						2466
					mux 1053
						3409
						3410
						3411
						4946
					1688
				mux 576
					2262
					2263
					2264
				mux 642
					mux 980
						3215
						3216
						3217
							4879 ?
					2421
					2422
			mux 69
				mux 79
					mux 129
						mux 148
							mux 216
								mux 476
									mux 791
										mux 900
											3006
											3007
											3008
										2758
										2759
									2060
									2061
								mux 513
									mux 641
										2418
										2419
										2420
									2136
									2137
								1652
								4922
							mux 510
								mux 592
									2302
										4804
									2303
									2304
								2128
								2129
							1581
						mux 276
							mux 515
								mux 930
									3082
									3083
									3084
								mux 982
									3221
									3222
									3223
								2141
									4780
							1737
							1738
						mux 287
							mux 1222
								3867
								3868
								3869
							mux 1397
								4374
								4375
								4376
							1755
						mux 1367
							4285
							4286
							4287
								4724
					mux 299
						mux 336
							mux 963
								3168
								3169
								3170
							mux 1413
								4422
								4423
								4424
							1825
						mux 798
							2773
							2774
							2775
						1768
							4736 ?
					mux 381
						mux 1008
							3286
							3287
							3288
						1910
						1911
				mux 118
					mux 401
						1940
						1941
						1942
							4821
					mux 580
						2273
						2274
						2275
					mux 711
						mux 1201
							mux 1272
								4012
								4013
								4014
							3806
								4884 ?
							3807
						2582
						2583
					mux 801
						mux 990
							mux 1334
								4188
								4189
								4190
							3242
							3243
						mux 1448
							4526
							4527
							4528
						2779
				mux 122
					mux 209
						mux 212
							mux 311
								mux 337
									mux 699
										mux 768
											mux 1235
												3906
												3907
												3908
											2707
											2708
										mux 778
											mux 932
												mux 1005
													3277
													3278
													3279
												3087
												3088
											mux 1429
												4469
												4470
												4471
													4977 ?
												4789
											2731
										2553
										4773
									1826
									1827
								mux 955
									3146
									3147
									3148
								1790
							mux 394
								mux 619
									2367
									2368
									2369
								1927
								1928
							mux 423
								mux 830
									2836
									2837
									2838
								1978
									4687
								1979
							mux 452
								mux 487
									2084
									2085
									2086
										4801
								mux 829
									mux 904
										3016
										3017
										3018
									2834
									2835
								mux 905
									3019
									3020
									3021
							mux 512
								2133
								2134
								2135
							mux 919
								3053
								3054
								3055
							mux 1148
								3663
								3664
								3665
						mux 473
							2054
							2055
							2056
						mux 570
							mux 1422
								4449
								4450
								4451
							2250
							2251
						mux 883
							mux 949
								mux 1097
									3520
									3521
									3522
								3130
								3131
							2966
							2967
						mux 1344
							4217
							4218
							4219
					mux 966
						3175
						3176
						3177
					1557
				mux 559
					2233
					2234
					2235
						4940
					4695
			mux 162
				mux 178
					mux 347
						1847
						1848
						1849
							4892
					mux 564
						2243
						2244
						2245
					mux 1108
						mux 1152
							mux 1438
								4496
								4497
								4498
									4800
							3675
							3676
						3550
						3551
					mux 1164
						mux 1320
							mux 1478
								4613
								4614
								4615
							4149
							4150
						3705
						3706
				mux 528
					2168
						4953 ?
					2169
					2170
				mux 1128
					3605
					3606
					3607
			mux 727
				mux 1241
					3924
					3925
					3926
				2612
				2613
		mux 9
			mux 125
				mux 187
					mux 293
						mux 1099
							3526
							3527
							3528
						mux 1442
							4508
							4509
							4510
								4847
						1760
					mux 1331
						mux 1375
							4309
							4310
							4311
						4180
						4181
					1628
				mux 228
					mux 702
						mux 816
							2810
							2811
							2812
						2558
							4782
						2559
					1668
					1669
				mux 659
					2457
					2458
					2459
				mux 839
					2860
					2861
					2862
			mux 278
				mux 493
					mux 649
						2436
						2437
							4840
							4938 ?
						2438
					2101
						4904
					2102
				mux 511
					2130
					2131
					2132
				1741
			1501
			4816
		mux 22
			mux 25
				mux 48
					mux 685
						mux 1109
							3552
							3553
							3554
						2520
						2521
					1512
					1513
				mux 75
					mux 92
						mux 371
							1891
							1892
							1893
						mux 471
							mux 503
								mux 1302
									4097
										4820
									4098
									4099
								mux 1439
									4499
									4500
									4501
								2119
									4738
										4843
							mux 788
								mux 965
									mux 1055
										3415
										3416
										3417
									mux 1246
										3939
										3940
										3941
									3174
								2753
								2754
							mux 993
								mux 1298
									4085
									4086
									4087
								3248
								3249
						1537
					mux 294
						mux 490
							mux 809
								2795
									4740
								2796
								2797
							2093
							2094
						mux 1211
							3835
							3836
							3837
						1761
					mux 1137
						3631
						3632
						3633
					mux 1494
						4661
						4662
						4663
							4932
				mux 193
					mux 867
						mux 1238
							3915
							3916
							3917
						mux 1350
							4235
							4236
							4237
							4871
								4982
						2929
					mux 877
						2950
						2951
						2952
					1633
				mux 211
					mux 889
						2981
						2982
						2983
					mux 1364
						4276
						4277
						4278
					1647
						4832 ?
				mux 292
					mux 322
						1807
						1808
						1809
					mux 568
						mux 1126
							3599
							3600
							3601
						mux 1187
							3768
							3769
							3770
						2247
					mux 630
						2396
						2397
							4986
						2398
					mux 664
						2469
						2470
						2471
				mux 355
					mux 604
						mux 672
							2490
							2491
							2492
						2332
						2333
					mux 910
						mux 960
							3159
							3160
							3161
						mux 970
							3187
							3188
							3189
						mux 1292
							mux 1474
								4601
								4602
								4603
							4068
							4069
					mux 1324
						4160
						4161
						4162
						4877
				mux 518
					mux 989
						3239
						3240
						3241
					2144
					2145
					4863
				mux 724
					mux 744
						2650
							4778 ?
						2651
						2652
						4779
					mux 1004
						mux 1124
							3593
							3594
							3595
						3275
						3276
					mux 1042
						3381
						3382
						3383
				mux 1129
					3608
					3609
					3610
					4973
				mux 1465
					mux 1472
						4595
						4596
						4597
					mux 1475
						4604
						4605
						4606
							4701 ?
					4576
			mux 70
				mux 259
					mux 313
						mux 469
							mux 562
								mux 713
									2584
									2585
									2586
									4964
								2240
								2241
							2048
							2049
						mux 555
							mux 623
								mux 1424
									4454
									4455
									4456
								2379
								2380
							mux 917
								mux 1001
									3267
									3268
									3269
								mux 1159
									3691
									3692
									3693
								3049
							2224
						1793
					mux 704
						2563
						2564
						2565
					1712
				mux 1383
					4332
					4333
					4334
					4719
				1525
			mux 77
				mux 113
					mux 1078
						3470
						3471
						3472
					1550
					1551
				mux 547
					2204
					2205
					2206
				1527
			mux 164
				mux 388
					mux 1093
						3511
						3512
						3513
					mux 1417
						4434
						4435
						4436
					1919
				mux 1102
					mux 1308
						4114
						4115
						4116
					3533
					3534
				1598
			mux 590
				mux 1393
					4362
					4363
					4364
				2298
				2299
		mux 450
			2022
			2023
			2024
		mux 462
			2037
			2038
			2039
	mux 2
		mux 3
			mux 13
				mux 36
					mux 53
						mux 109
							mux 254
								mux 529
									mux 918
										3050
										3051
										3052
									2171
									2172
										4988
								mux 1205
									3817
									3818
									3819
										4751 ?
								mux 1270
									4006
									4007
									4008
								mux 1359
									4262
									4263
									4264
							1547
							1548
						mux 136
							mux 191
								mux 383
									mux 519
										mux 882
											2963
											2964
											2965
										2146
										2147
									mux 640
										mux 1433
											4481
											4482
											4483
										2416
										2417
									mux 912
										3036
										3037
										3038
								mux 828
									mux 1287
										4053
										4054
										4055
									2832
										4690
											4981
									2833
								1630
							mux 1172
								3726
									4720 ?
									4770 ?
								3727
								3728
									4697
							1566
						mux 194
							mux 895
								2993
								2994
								2995
							mux 1143
								3649
								3650
								3651
							mux 1188
								mux 1311
									4122
									4123
									4124
								3771
								3772
						mux 891
							mux 946
								3121
								3122
								3123
							2986
								4969
							2987
							4945
					mux 210
						mux 279
							mux 312
								mux 663
									mux 838
										mux 988
											mux 1244
												3933
												3934
												3935
											3237
												4864 ?
												4921 ?
											3238
										2858
										2859
									2467
									2468
										4929
									4807
								1791
									4966
								1792
								4994
							mux 824
								2822
								2823
								2824
							1742
								4683
						1645
						1646
							4760 ?
					mux 266
						mux 399
							1935
							1936
							1937
						mux 651
							2442
							2443
							2444
						mux 728
							mux 1049
								mux 1224
									3873
									3874
									3875
										4721 ?
									4891
								3399
								3400
							mux 1225
								3876
								3877
								3878
									4941
								4928
							2614
							4818
						mux 1273
							4015
							4016
								4919 ?
							4017
					4862
				mux 67
					mux 73
						mux 99
							mux 166
								mux 192
									mux 341
										mux 408
											mux 677
												2503
												2504
												2505
												4967
											mux 1041
												3378
												3379
												3380
											1951
										mux 1399
											4380
											4381
											4382
										1836
									1631
									1632
								mux 1232
									3897
									3898
									3899
								1602
							1542
							1543
						mux 1014
							mux 1107
								3547
								3548
								3549
									4913 ?
							3304
							3305
						mux 1171
							3723
							3724
							3725
					mux 203
						mux 237
							mux 1368
								4288
								4289
								4290
							1682
								4796 ?
							1683
						mux 304
							mux 553
								mux 762
									2693
									2694
									2695
								mux 1389
									4350
									4351
									4352
								2220
							mux 751
								mux 851
									2888
									2889
									2890
								2665
									4867
								2666
							1780
						mux 622
							2376
							2377
							2378
						mux 1181
							3750
							3751
							3752
					mux 363
						mux 392
							mux 1290
								4062
								4063
									4917 ?
								4064
							1925
							1926
						mux 481
							2070
							2071
							2072
						mux 617
							mux 749
								mux 1177
									3740
									3741
										4735 ?
									3742
								2660
								2661
							mux 934
								3092
								3093
								3094
							2365
						mux 844
							2870
							2871
							2872
					mux 505
						mux 648
							2433
							2434
								4874
									4920 ?
									4997 ?
							2435
						mux 779
							2732
							2733
							2734
						2120
				mux 155
					mux 189
						mux 818
							2814
							2815
							2816
						mux 1098
							3523
							3524
							3525
						1629
					1589
					1590
				mux 410
					mux 567
						mux 878
							2953
							2954
							2955
						mux 1199
							3800
							3801
							3802
						mux 1326
							4166
							4167
							4168
					mux 1138
						3634
						3635
						3636
					mux 1204
						3814
						3815
						3816
					mux 1392
						4359
						4360
						4361
				mux 761
					mux 911
						3033
							4851
						3034
						3035
					2691
					2692
				mux 821
					mux 961
						3162
						3163
						3164
							4838 ?
					mux 1374
						4306
						4307
						4308
					2819
			mux 35
				mux 133
					mux 286
						1752
							4757 ?
						1753
						1754
					1560
						4878 ?
					1561
					4861
				mux 290
					mux 357
						mux 367
							1882
							1883
							1884
						1864
						1865
					mux 443
						mux 502
							mux 1315
								4134
								4135
								4136
							2117
							2118
						mux 1436
							4490
							4491
							4492
						2008
					1757
				mux 315
					mux 320
						1801
						1802
						1803
					mux 321
						1804
						1805
						1806
					mux 760
						2688
						2689
						2690
				mux 1283
					mux 1406
						4401
						4402
						4403
					mux 1446
						4520
						4521
						4522
					4043
			mux 147
				mux 213
					mux 678
						mux 681
							mux 789
								mux 1306
									4108
									4109
									4110
								mux 1358
									4259
									4260
									4261
								2755
								4962
							mux 1237
								3912
								3913
								3914
							2513
						2506
						2507
					1648
					1649
				mux 679
					2508
						4859
					2509
					2510
				mux 1020
					mux 1371
						4297
						4298
						4299
					3318
					3319
			mux 398
				mux 455
					2026
					2027
					2028
				1933
				1934
			mux 606
				mux 916
					3046
					3047
					3048
				2336
				2337
			mux 1229
				3888
					4799 ?
				3889
				3890
		mux 4
			mux 6
				mux 7
					mux 8
						mux 10
							mux 39
								mux 103
									mux 145
										mux 250
											mux 697
												2547
												2548
												2549
											mux 769
												2709
												2710
												2711
											mux 841
												mux 1194
													mux 1473
														4598
														4599
														4600
													3787
													3788
												mux 1354
													4247
													4248
													4249
												2866
													4752 ?
										mux 411
											1954
											1955
												4907 ?
											1956
										mux 504
											mux 720
												2598
												2599
												2600
											mux 733
												mux 1220
													3861
													3862
													3863
												2625
												2626
											mux 860
												mux 1377
													mux 1447
														4523
														4524
														4525
													4315
													4316
												2913
												2914
											mux 886
												mux 1051
													3403
													3404
													3405
												mux 1120
													3583
														4744 ?
															4826
													3584
													3585
												2974
										mux 638
											mux 774
												mux 1158
													mux 1479
														4616
														4617
														4618
															4685 ?
													3689
													3690
												2723
												2724
											2411
											2412
										mux 794
											2764
											2765
											2766
										mux 913
											mux 1333
												4185
												4186
												4187
											3039
											3040
									mux 160
										1595
										1596
										1597
									mux 432
										mux 610
											2347
											2348
											2349
										mux 885
											2971
											2972
											2973
										mux 1034
											3359
											3360
											3361
									mux 1027
										3338
										3339
											4924 ?
										3340
								mux 376
									mux 382
										mux 1404
											4395
											4396
											4397
										1912
											4793 ?
										1913
									mux 810
										mux 1236
											3909
											3910
											3911
										2798
										2799
									1901
								mux 480
									2067
									2068
									2069
							mux 120
								mux 369
									1887
									1888
									1889
								mux 1328
									mux 1343
										mux 1379
											4320
											4321
											4322
										4215
										4216
									4172
									4173
										4708
								1556
							mux 199
								mux 787
									2750
									2751
									2752
								1640
								1641
						mux 30
							mux 80
								mux 152
									mux 206
										mux 657
											mux 1451
												4534
												4535
												4536
											2455
											2456
										mux 897
											mux 1095
												mux 1345
													4220
													4221
													4222
												3516
												3517
											2999
											3000
										mux 1072
											mux 1139
												3637
												3638
												3639
											mux 1346
												4223
												4224
												4225
											3456
									mux 264
										mux 461
											mux 525
												mux 737
													2635
														4710
													2636
													2637
														4869 ?
												2162
												2163
											mux 544
												mux 545
													mux 603
														mux 669
															2482
															2483
															2484
														mux 1480
															4619
															4620
															4621
														2331
													2200
													2201
												mux 784
													mux 959
														mux 1070
															3451
															3452
															3453
														3157
														3158
													mux 1074
														mux 1263
															3985
															3986
															3987
														mux 1421
															4446
															4447
															4448
														3460
													2744
												2199
											mux 633
												2401
												2402
												2403
												4768
											mux 753
												mux 1253
													mux 1456
														4549
														4550
														4551
													3958
													3959
												2670
												2671
										1720
										1721
									mux 459
										mux 757
											2680
											2681
											2682
											4745
										2033
										2034
									mux 634
										2404
										2405
										2406
									mux 958
										3154
										3155
										3156
								mux 252
									mux 334
										mux 764
											2699
											2700
											2701
											4834
										mux 805
											mux 1495
												4664
												4665
												4666
											2785
											2786
										mux 862
											2918
											2919
											2920
										mux 1089
											3500
											3501
											3502
									mux 451
										mux 671
											2487
												4883 ?
											2488
											2489
										mux 700
											mux 827
												2829
													4885
												2830
												2831
											mux 866
												mux 1006
													3280
													3281
													3282
												mux 1198
													3797
													3798
													3799
													4763
												mux 1259
													mux 1466
														4577
															4703
														4578
														4579
													3975
													3976
											2554
										2025
									mux 683
										mux 1026
											3335
											3336
											3337
											4850
										2515
										2516
								mux 543
									2196
									2197
									2198
							mux 875
								mux 876
									2947
									2948
									2949
								2945
								2946
							mux 1275
								4020
								4021
								4022
						mux 34
							mux 110
								mux 238
									mux 253
										mux 964
											3171
											3172
											3173
										mux 1297
											4082
											4083
											4084
										1705
									mux 594
										2308
										2309
										2310
									1684
								mux 581
									2276
									2277
									2278
								mux 730
									2617
									2618
									2619
							mux 272
								mux 1281
									4037
									4038
									4039
								1732
								1733
							mux 438
								mux 942
									mux 994
										mux 1165
											3707
											3708
											3709
										3250
										3251
									mux 1169
										3718
										3719
										3720
									3113
										4772 ?
								2001
								2002
							mux 560
								mux 1045
									mux 1349
										4232
										4233
										4234
									3390
									3391
								2236
								2237
							mux 616
								2362
								2363
								2364
							mux 780
								2735
									4952
								2736
								2737
						mux 448
							mux 467
								mux 1337
									4197
									4198
									4199
								2045
								2046
							2018
							2019
						mux 1427
							4463
							4464
							4465
					mux 15
						mux 74
							mux 82
								mux 781
									2738
									2739
									2740
								1528
								1529
							mux 632
								mux 680
									mux 1305
										mux 1386
											4341
											4342
											4343
										4106
										4107
									2511
									2512
								mux 820
									mux 1021
										3320
										3321
										3322
									mux 1415
										4428
										4429
										4430
									mux 1423
										mux 1488
											4643
												4989 ?
											4644
											4645
											4682
										4452
										4453
								2400
							mux 652
								2445
								2446
								2447
								4686
						mux 208
							mux 284
								mux 329
									mux 1009
										3289
										3290
										3291
									1816
									1817
								mux 524
									2159
									2160
									2161
									4765
								mux 864
									2923
									2924
									2925
								mux 1304
									4103
									4104
									4105
								mux 1434
									4484
									4485
									4486
									4792
							mux 458
								mux 729
									mux 1387
										4344
										4345
										4346
									2615
									2616
									4856
								mux 944
									3117
									3118
										4706 ?
											4775 ?
									3119
								2032
								4957
							mux 790
								mux 1356
									4253
									4254
									4255
								2756
								2757
						mux 246
							mux 306
								mux 426
									mux 1036
										3365
										3366
										3367
											4707 ?
									1982
									1983
								mux 754
									mux 755
										2674
											4842 ?
										2675
										2676
									2672
									2673
								1783
							mux 1299
								4088
								4089
								4090
								4725
							1694
								4726 ?
						mux 647
							mux 1090
								mux 1269
									4003
									4004
									4005
								3503
								3504
							mux 1370
								4294
								4295
								4296
							2432
						mux 673
							mux 977
								3206
								3207
								3208
								4767
							2493
							2494
						4812
					mux 31
						mux 64
							mux 227
								mux 421
									mux 1038
										3369
										3370
										3371
									mux 1411
										4416
										4417
										4418
									1976
								mux 526
									mux 739
										2641
										2642
										2643
									2164
									2165
								mux 542
									mux 837
										2855
											4984
												4995 ?
										2856
										2857
									mux 1203
										3811
										3812
										3813
									2195
								mux 807
									mux 1127
										3602
										3603
										3604
									2790
									2791
							mux 372
								mux 419
									mux 1234
										3903
										3904
										3905
									1971
									1972
									4936
								mux 735
									mux 1132
										3616
										3617
										3618
									2630
									2631
								1894
								4776
							mux 558
								2230
								2231
								2232
							mux 579
								mux 1110
									3555
									3556
									3557
								2271
								2272
							mux 593
								2305
								2306
								2307
						mux 81
							mux 138
								1569
								1570
								1571
									4717 ?
									4902 ?
							mux 231
								mux 1310
									4119
										4886
									4120
									4121
									4783
								1672
								1673
							mux 485
								mux 1482
									4625
									4626
									4627
								2079
								2080
							mux 508
								mux 1082
									3481
									3482
									3483
								2125
								2126
						mux 132
							mux 141
								mux 165
									1599
									1600
									1601
								mux 169
									mux 296
										mux 831
											2839
											2840
											2841
										1763
										1764
									mux 314
										mux 548
											2207
											2208
											2209
										mux 826
											mux 969
												3184
													4980 ?
												3185
												3186
													4829 ?
											2827
											2828
										1794
									mux 1295
										4076
										4077
										4078
								mux 188
									mux 324
										mux 425
											mux 435
												1994
												1995
												1996
													4696
											mux 552
												mux 600
													2322
													2323
													2324
												2218
												2219
												4732
													4791
											1981
										mux 539
											2187
											2188
											2189
										mux 1111
											3558
											3559
											3560
										mux 1149
											3666
											3667
											3668
									mux 654
										mux 676
											2500
											2501
											2502
										mux 1416
											4431
											4432
											4433
										2450
									mux 903
										3013
										3014
										3015
								mux 260
									mux 1319
										4146
										4147
										4148
									1713
									1714
										4737
										4844 ?
								mux 535
									2181
										4716 ?
									2182
									2183
							mux 149
								1582
								1583
								1584
								4990
							mux 174
								mux 258
									mux 339
										1830
										1831
										1832
									1710
									1711
								1613
								1614
							mux 200
								mux 384
									mux 1185
										3762
										3763
										3764
									1914
									1915
								mux 541
									mux 1193
										3784
										3785
										3786
									2193
									2194
								mux 645
									2427
									2428
										4754
									2429
								mux 915
									mux 1161
										3697
										3698
										3699
									3044
									3045
							mux 205
								mux 295
									mux 563
										mux 777
											mux 859
												2910
												2911
												2912
												4933
											2729
											2730
											4996
										mux 1061
											3432
											3433
											3434
												4733 ?
										2242
									mux 996
										3255
										3256
										3257
									1762
								mux 498
									mux 1066
										mux 1261
											3979
											3980
											3981
										mux 1303
											4100
											4101
											4102
										mux 1388
											4347
											4348
											4349
										4728
									2109
									2110
									4755
								mux 1003
									3272
									3273
									3274
							mux 1213
								mux 1278
									4029
									4030
									4031
								3841
								3842
							4734
						mux 161
							mux 175
								1615
								1616
								1617
							mux 366
								mux 482
									2073
									2074
									2075
								mux 1173
									mux 1476
										4607
										4608
										4609
									3729
									3730
								mux 1435
									4487
									4488
									4489
								mux 1481
									4622
									4623
									4624
							mux 861
								2915
								2916
								2917
						mux 243
							mux 1209
								3829
								3830
								3831
									4795
									4930 ?
							1689
							1690
						mux 323
							mux 550
								2213
									4711 ?
								2214
								2215
								4797
							mux 629
								mux 1252
									3955
									3956
									3957
										4900
											4955 ?
								2394
								2395
							1810
						mux 813
							mux 997
								mux 1419
									4440
									4441
									4442
								3258
								3259
							mux 1444
								4514
								4515
								4516
							2806
					mux 154
						mux 620
							2370
							2371
							2372
						mux 1182
							3753
							3754
							3755
								4987 ?
						1588
				mux 11
					mux 33
						mux 85
							mux 117
								mux 140
									1573
									1574
									1575
								mux 156
									mux 479
										mux 732
											mux 785
												mux 1462
													4567
													4568
													4569
												2745
												2746
											2623
											2624
										mux 1239
											3918
											3919
											3920
										2066
									mux 748
										mux 782
											mux 808
												2792
												2793
												2794
											mux 1460
												4561
												4562
												4563
												4731
											2741
										mux 832
											2842
											2843
											2844
										mux 1293
											4070
											4071
											4072
									1591
										4837
								mux 291
									mux 741
										mux 920
											3056
											3057
											3058
										mux 998
											mux 1050
												mux 1279
													4032
													4033
													4034
												3401
													4833 ?
												3402
											3260
											3261
											4905
										mux 1073
											3457
											3458
											3459
									1758
									1759
								mux 316
									1795
									1796
									1797
								mux 500
									2111
									2112
										4875
									2113
							mux 226
								mux 265
									mux 351
										mux 540
											2190
											2191
											2192
										mux 1133
											3619
											3620
											3621
										1854
											4999
									mux 712
										mux 719
											2595
											2596
											2597
										mux 1029
											3344
											3345
											3346
										mux 1071
											mux 1339
												4203
												4204
												4205
											3454
											3455
										mux 1202
											3808
											3809
											3810
									1722
								mux 1362
									mux 1464
										4573
										4574
										4575
									4271
									4272
								1667
							mux 352
								1855
								1856
								1857
							mux 407
								mux 457
									mux 710
										2579
										2580
										2581
									2030
									2031
								mux 665
									2472
									2473
										4771 ?
									2474
								1950
							mux 670
								mux 853
									2894
									2895
									2896
										4714
								2485
								2486
						mux 87
							mux 104
								mux 387
									mux 650
										2439
										2440
										2441
									mux 1084
										3487
										3488
										3489
									1918
										4939
								mux 855
									2899
									2900
									2901
								1546
								4915
							mux 245
								1691
								1692
								1693
							mux 1147
								3660
								3661
								3662
							mux 1271
								4009
								4010
								4011
						mux 88
							mux 97
								mux 307
									mux 361
										mux 608
											2341
											2342
											2343
										mux 714
											mux 880
												2957
												2958
												2959
												4814
											mux 972
												mux 1468
													4583
													4584
													4585
												3193
												3194
											2587
										1874
											4748 ?
									mux 406
										mux 725
											2608
											2609
											2610
										mux 783
											mux 1180
												3747
												3748
												3749
											2742
											2743
										mux 1063
											mux 1340
												4206
												4207
												4208
											3437
											3438
									mux 766
										mux 796
											2769
											2770
											2771
										2702
										2703
									mux 863
										mux 1160
											3694
											3695
											3696
										2921
										2922
									mux 1153
										mux 1210
											3832
											3833
											3834
										3677
										3678
								mux 1500
									4679
									4680
										4860 ?
									4681
								1540
							mux 101
								mux 330
									1818
									1819
									1820
								mux 742
									mux 962
										3165
										3166
										3167
									2646
									2647
								1545
							mux 119
								mux 126
									mux 137
										mux 359
											1869
											1870
											1871
										1567
										1568
										4934
									mux 364
										mux 599
											mux 773
												2720
												2721
												2722
											2320
											2321
										1877
										1878
									mux 533
										mux 1317
											4140
											4141
											4142
										2178
										2179
								mux 1316
									4137
									4138
										4898
									4139
								1555
									4709 ?
							mux 239
								mux 331
									mux 497
										2106
										2107
										2108
									mux 701
										2555
										2556
										2557
									mux 1166
										mux 1357
											4256
											4257
											4258
										3710
										3711
								mux 344
									mux 1178
										mux 1332
											4182
											4183
											4184
												4788
										mux 1430
											4472
											4473
											4474
											4890
										3743
									1841
									1842
								1685
							mux 269
								1726
								1727
								1728
							mux 833
								mux 873
									2940
									2941
									2942
								mux 884
									2968
									2969
									2970
								2845
						mux 112
							mux 429
								mux 565
									mux 626
										2387
										2388
										2389
									mux 758
										mux 1400
											4383
											4384
											4385
										2683
										2684
									mux 1025
										3332
										3333
										3334
								1984
								1985
							mux 858
								2907
								2908
								2909
							mux 1011
								3295
								3296
								3297
						mux 1471
							4592
							4593
							4594
					mux 1083
						3484
						3485
						3486
					mux 1458
						4555
						4556
						4557
				mux 14
					mux 47
						mux 484
							mux 706
								2569
								2570
								2571
							mux 1010
								3292
								3293
									4761 ?
								3294
								4872
							2078
						mux 726
							mux 1378
								4317
								4318
								4319
							mux 1441
								4505
								4506
								4507
								4944
							2611
						mux 811
							2800
							2801
							2802
					mux 389
						mux 945
							mux 1094
								mux 1113
									3564
									3565
									3566
								3514
								3515
							mux 1174
								3731
								3732
								3733
							3120
						mux 1141
							3643
							3644
							3645
						1920
					mux 636
						mux 951
							3135
							3136
							3137
						mux 1024
							3329
							3330
							3331
						2409
						4828
					mux 1075
						3461
							4692
								4845
						3462
						3463
					mux 1249
						3946
						3947
						3948
				mux 23
					mux 26
						mux 37
							mux 44
								mux 50
									mux 78
										mux 91
											mux 114
												mux 326
													mux 386
														mux 584
															mux 869
																mux 1391
																	4356
																	4357
																	4358
																2931
																2932
															2283
															2284
														mux 1286
															4050
															4051
																4876
															4052
														1917
													mux 427
														mux 517
															mux 532
																2175
																2176
																2177
															mux 577
																2265
																2266
																2267
															mux 947
																3124
																3125
																3126
															mux 1276
																4023
																4024
																4025
														mux 1196
															mux 1366
																4282
																4283
																4284
															3792
															3793
															4899
														mux 1207
															3823
															3824
																4841 ?
															3825
													mux 872
														mux 926
															3072
															3073
															3074
														2938
														2939
													mux 1329
														4174
														4175
														4176
												mux 328
													mux 658
														mux 746
															mux 1032
																3353
																3354
																3355
															mux 1146
																mux 1156
																	mux 1247
																		mux 1361
																			4268
																			4269
																			4270
																		3942
																		3943
																	3684
																	3685
																3658
																3659
															2656
														mux 983
															3224
															3225
																4965
															3226
														mux 1382
															4329
															4330
															4331
															4815
													1814
													1815
												mux 442
													mux 456
														mux 607
															2338
																4943
															2339
															2340
														mux 1351
															4238
															4239
															4240
														2029
													mux 1212
														3838
														3839
														3840
													2007
												mux 933
													3089
													3090
													3091
												mux 1039
													3372
													3373
														4914
													3374
												mux 1289
													4059
													4060
													4061
											mux 142
												mux 185
													mux 338
														mux 621
															2373
															2374
															2375
														1828
														1829
													mux 901
														mux 1068
															mux 1226
																3879
																3880
																3881
																4985
															3447
															3448
														mux 1106
															3544
																4923
															3545
																4689
															3546
														3009
														4897
													mux 1300
														4091
														4092
														4093
												mux 288
													mux 1000
														3264
															4908
														3265
														3266
													mux 1079
														mux 1309
															mux 1402
																4389
																4390
																4391
															4117
															4118
														3473
														3474
													mux 1116
														3572
														3573
														3574
												mux 722
													2603
													2604
													2605
												mux 1274
													mux 1322
														4154
														4155
														4156
														4694
													4018
													4019
												mux 1296
													4079
													4080
													4081
											mux 283
												mux 991
													mux 1002
														mux 1230
															3891
															3892
															3893
														3270
														3271
													3244
													3245
												mux 1022
													3323
													3324
													3325
												1748
												4769
											mux 418
												1968
												1969
												1970
										mux 176
											mux 271
												1729
												1730
												1731
											mux 1231
												3894
												3895
												3896
											1618
										mux 627
											2390
											2391
											2392
										mux 1013
											3301
											3302
												4699
											3303
											4806
									mux 274
										mux 422
											mux 437
												mux 489
													2090
													2091
													2092
												mux 656
													mux 750
														2662
														2663
														2664
													mux 1052
														3406
														3407
														3408
													2454
												2000
												4906
											mux 981
												3218
												3219
												3220
											1977
										1735
										1736
									mux 1144
										3652
										3653
										3654
										4756
								mux 62
									mux 66
										mux 256
											mux 431
												mux 689
													2528
													2529
													2530
												1989
												1990
													4972
											mux 561
												mux 731
													2620
													2621
													2622
												2238
												2239
											1708
										mux 506
											mux 554
												2221
												2222
												2223
											mux 1219
												3858
												3859
												3860
											2121
										mux 908
											3027
											3028
											3029
											4951
									mux 95
										mux 696
											mux 856
												2902
												2903
												2904
											2545
											2546
										1538
										1539
									mux 181
										mux 937
											3099
											3100
											3101
										mux 956
											3149
											3150
											3151
										1622
										4790
									mux 1469
										4586
											4835 ?
										4587
										4588
								mux 819
									mux 1336
										4194
										4195
										4196
									2817
									2818
								mux 1372
									4300
									4301
									4302
								mux 1420
									4443
									4444
										4824 ?
									4445
							mux 111
								mux 172
									mux 225
										mux 631
											mux 909
												3030
												3031
													4764 ?
												3032
											mux 1282
												4040
												4041
												4042
											2399
										1665
										1666
									1609
									1610
								mux 1288
									4056
									4057
									4058
								1549
							mux 186
								mux 349
									mux 586
										2288
										2289
											4961
										2290
									1851
									1852
								1626
								1627
							mux 613
								2353
								2354
								2355
						mux 1030
							3347
							3348
							3349
						1506
					mux 27
						mux 98
							mux 222
								1660
								1661
								1662
							mux 244
								mux 268
									mux 1155
										mux 1453
											4540
											4541
											4542
										3682
										3683
									mux 1407
										4404
										4405
										4406
									1725
								mux 277
									mux 666
										mux 1157
											3686
											3687
											3688
										2475
										2476
											4894
									1739
									1740
								mux 661
									2461
									2462
									2463
								mux 1496
									4667
									4668
									4669
							1541
						mux 100
							mux 102
								mux 350
									mux 618
										mux 943
											3114
											3115
											3116
										mux 1150
											3669
											3670
											3671
										2366
									mux 1380
										4323
										4324
										4325
									1853
								mux 494
									mux 763
										2696
										2697
										2698
									2103
									2104
								mux 687
									mux 823
										mux 976
											3203
											3204
											3205
										mux 1360
											4265
											4266
											4267
										2821
										4811
									mux 1449
										4529
										4530
										4531
									2525
								mux 840
									2863
									2864
									2865
							mux 612
								mux 695
									2542
										4925 ?
									2543
									2544
								mux 1096
									mux 1264
										3988
										3989
										3990
									3518
									3519
								2352
								4777
							1544
						mux 275
							mux 373
								mux 569
									mux 572
										2253
										2254
										2255
									2248
									2249
								1895
								1896
							mux 557
								mux 1048
									3396
									3397
									3398
								2228
								2229
							mux 1284
								4044
									4817 ?
								4045
								4046
						mux 495
							mux 1118
								mux 1151
									3672
									3673
									3674
								3578
								3579
							mux 1403
								4392
								4393
								4394
							mux 1457
								4552
								4553
								4554
					mux 32
						mux 1064
							3439
								4916 ?
							3440
							3441
						1507
						1508
					mux 143
						1576
						1577
						1578
					mux 184
						mux 235
							1676
							1677
							1678
						mux 281
							mux 416
								1963
								1964
									4870 ?
								1965
							1745
							1746
						mux 846
							mux 1018
								3312
								3313
								3314
							2875
							2876
						mux 1017
							mux 1189
								mux 1450
									mux 1485
										4634
										4635
										4636
									4532
									4533
								3773
								3774
							3310
							3311
						mux 1091
							3505
							3506
							3507
					mux 723
						mux 1459
							4558
							4559
							4560
						2606
						2607
				mux 71
					mux 131
						mux 391
							1922
							1923
							1924
						mux 597
							mux 1445
								4517
								4518
									4825
								4519
							2316
							2317
						mux 775
							mux 845
								mux 1125
									3596
									3597
									3598
								2873
								2874
							mux 1440
								4502
								4503
								4504
							2725
						4968
					mux 190
						mux 247
							1695
							1696
							1697
						mux 492
							2098
							2099
							2100
						mux 1136
							3628
							3629
							3630
					mux 598
						mux 1321
							4151
							4152
							4153
						2318
						2319
				mux 1088
					3497
					3498
					3499
			mux 12
				mux 16
					mux 17
						mux 18
							mux 54
								mux 58
									mux 158
										mux 195
											mux 849
												2882
												2883
												2884
												4866
											1634
											1635
											4895
										mux 280
											mux 938
												mux 1105
													3541
													3542
														4839
													3543
												3102
												3103
											1743
											1744
										mux 402
											1943
											1944
											1945
									mux 413
										mux 486
											2081
											2082
											2083
										mux 538
											mux 625
												2384
												2385
												2386
											mux 1385
												4338
												4339
												4340
											mux 1432
												4478
												4479
												4480
										mux 693
											mux 928
												mux 1396
													4371
													4372
													4373
													4935
												3077
												3078
											2538
											2539
									mux 1217
										3852
										3853
										3854
								mux 63
									mux 433
										mux 441
											mux 516
												mux 771
													2715
													2716
													2717
												2142
												2143
											mux 898
												3001
												3002
												3003
													4927 ?
											2006
										mux 1058
											3424
											3425
											3426
										1991
									mux 509
										mux 1140
											3640
											3641
											3642
										mux 1454
											4543
											4544
											4545
										2127
										4849
									1521
										4805
								mux 163
									mux 282
										mux 474
											mux 992
												mux 1443
													4511
													4512
													4513
												3246
												3247
											2057
											2058
										mux 1059
											3427
											3428
											3429
										1747
									mux 375
										mux 1054
											3412
											3413
											3414
										1899
										1900
									mux 404
										mux 643
											mux 1086
												mux 1221
													3864
													3865
													3866
												3492
												3493
											2423
											2424
											4705
										mux 890
											mux 1223
												3870
												3871
												3872
											2984
												4741
											2985
										1949
									mux 1243
										3930
										3931
										3932
								mux 170
									1606
									1607
									1608
								mux 207
									mux 221
										mux 400
											mux 1395
												4368
												4369
												4370
											1938
											1939
										mux 521
											2150
											2151
											2152
										mux 1080
											3475
											3476
											3477
									mux 333
										mux 1117
											3575
											3576
											3577
											4693
										1823
										1824
									mux 464
										mux 690
											2531
											2532
											2533
										2042
										2043
									mux 703
										2560
										2561
										2562
							mux 72
								mux 105
									mux 139
										mux 499
											mux 549
												2210
												2211
												2212
											mux 1257
												3969
												3970
												3971
											mux 1426
												4460
												4461
												4462
										mux 843
											mux 892
												mux 1227
													3882
													3883
													3884
													4743
														4971
												mux 1256
													3966
													3967
													3968
												2988
											mux 1414
												4425
												4426
												4427
											2869
										1572
									mux 230
										mux 605
											mux 747
												2657
												2658
												2659
											2334
											2335
										mux 756
											2677
												4787 ?
											2678
											2679
										mux 850
											2885
											2886
											2887
										mux 1135
											3625
											3626
											3627
									mux 273
										mux 716
											mux 1313
												4128
												4129
												4130
												4688
											2590
											2591
										mux 1493
											4658
											4659
											4660
											4827
										1734
								mux 262
									1715
									1716
									1717
								1526
							mux 520
								mux 1492
									4655
									4656
									4657
								2148
								2149
							mux 609
								2344
								2345
								2346
							mux 874
								mux 1455
									4546
									4547
									4548
								2943
								2944
						mux 1179
							3744
							3745
							3746
								4974
						1502
					mux 29
						mux 55
							mux 76
								mux 86
									1531
									1532
									1533
								mux 124
									mux 183
										1623
										1624
										1625
									mux 229
										mux 342
											mux 1291
												4065
												4066
												4067
											1837
											1838
										1670
										1671
									mux 377
										mux 466
											mux 483
												mux 1206
													3820
													3821
													3822
												2076
												2077
											mux 571
												mux 583
													2280
													2281
													2282
												mux 804
													mux 1081
														3478
														3479
														3480
													2783
													2784
												2252
											mux 1033
												3356
												3357
												3358
													4727
										mux 848
											mux 1015
												mux 1044
													3387
														4747
													3388
													3389
												3306
												3307
											2880
											2881
										mux 1251
											3952
												4854
											3953
											3954
									mux 1233
										3900
										3901
											4712
										3902
								mux 134
									1562
									1563
									1564
								mux 179
									mux 219
										mux 267
											mux 1338
												4200
												4201
													4830 ?
												4202
											1723
											1724
												4750 ?
										mux 332
											mux 812
												2803
												2804
												2805
											1821
											1822
										mux 566
											mux 740
												mux 1115
													3569
													3570
													3571
												2644
												2645
											mux 1019
												3315
												3316
												3317
											2246
									1620
									1621
								mux 215
									mux 396
										mux 674
											2495
											2496
											2497
										mux 691
											mux 888
												2978
												2979
												2980
													4998
											2534
											2535
										1929
									mux 615
										2359
										2360
										2361
									1651
							mux 168
								mux 614
									2356
									2357
									2358
								1604
								1605
							mux 501
								2114
								2115
								2116
							4722
						mux 159
							mux 1076
								3464
								3465
								3466
							1593
							1594
						mux 575
							2259
							2260
							2261
					mux 41
						mux 201
							mux 257
								mux 327
									mux 496
										mux 825
											mux 1056
												3418
													4983 ?
												3419
												3420
											2825
											2826
										mux 1067
											mux 1301
												4094
												4095
												4096
													4865 ?
											3445
											3446
										2105
									mux 1245
										3936
										3937
										3938
										4785
									1813
								mux 340
									1833
									1834
									1835
								1709
							mux 263
								mux 847
									2877
									2878
									2879
								1718
								1719
							1642
						1509
						1510
					mux 51
						mux 417
							mux 527
								mux 574
									2256
									2257
									2258
								2166
								2167
							1966
								4975
							1967
						1514
							4959 ?
						1515
					mux 94
						mux 108
							mux 157
								mux 1168
									3715
									3716
									3717
								mux 1431
									4475
									4476
									4477
								1592
							mux 379
								1904
								1905
								1906
							mux 385
								mux 635
									mux 1260
										mux 1266
											3994
											3995
											3996
										3977
										3978
									2407
									2408
								mux 1277
									4026
									4027
									4028
								1916
						mux 325
							mux 906
								3022
								3023
								3024
							1811
							1812
						mux 1487
							4640
							4641
								4715 ?
							4642
					mux 1248
						mux 1390
							4353
							4354
								4803 ?
							4355
						3944
						3945
				mux 19
					mux 28
						mux 40
							mux 121
								mux 236
									1679
									1680
									1681
								mux 302
									mux 948
										3127
										3128
										3129
									1775
									1776
								mux 362
									mux 468
										mux 852
											2891
											2892
											2893
										mux 1195
											3789
											3790
											3791
										2047
										4956
											4960
									1875
									1876
										4954 ?
								mux 578
									2268
										4950
									2269
									2270
								mux 817
									mux 1134
										3622
											4786 ?
												4846 ?
											4937 ?
										3623
										3624
									mux 1425
										4457
										4458
										4459
									2813
								mux 1254
									3960
									3961
									3962
							mux 220
								mux 1028
									3341
									3342
									3343
								1658
								1659
							mux 335
								mux 358
									1866
									1867
									1868
								mux 531
									mux 587
										2291
										2292
										2293
									mux 815
										mux 929
											3079
											3080
											3081
										mux 1040
											3375
											3376
											3377
										2809
									2174
								mux 624
									2381
									2382
									2383
							mux 646
								mux 941
									3110
									3111
									3112
								2430
								2431
						mux 83
							mux 436
								1997
								1998
								1999
							mux 445
								2010
								2011
								2012
								4753
							1530
						mux 153
							mux 686
								2522
								2523
									4903 ?
								2524
							1586
							1587
						mux 167
							mux 197
								1637
									4901
								1638
								1639
							mux 241
								mux 348
									mux 1016
										mux 1294
											4073
											4074
											4075
										3308
										3309
									mux 1409
										4410
										4411
										4412
									1850
									4912
								1686
								1687
							1603
						mux 182
							mux 217
								1653
								1654
								1655
							mux 298
								mux 534
									mux 1167
										3712
										3713
										3714
									mux 1477
										4610
										4611
										4612
									2180
								1766
								1767
							mux 675
								mux 708
									2575
									2576
									2577
								2498
								2499
							mux 759
								2685
								2686
									4836
								2687
						mux 434
							mux 1342
								4212
								4213
								4214
								4931
							1992
							1993
					mux 38
						mux 43
							mux 146
								mux 1314
									4131
									4132
									4133
										4813 ?
								1579
								1580
							mux 343
								mux 1122
									3588
									3589
									3590
								1839
								1840
							mux 752
								2667
								2668
								2669
							4993
						mux 836
							2852
							2853
							2854
						mux 1170
							mux 1175
								3734
								3735
								3736
							3721
							3722
						mux 1268
							4000
							4001
							4002
					mux 60
						mux 116
							mux 978
								3209
								3210
								3211
							1553
							1554
						1517
						1518
					mux 68
						mux 93
							mux 128
								mux 289
									mux 446
										mux 1463
											4570
											4571
											4572
										2013
										2014
										4853
									mux 717
										mux 800
											mux 1318
												4143
												4144
												4145
											2777
											2778
										mux 871
											2935
											2936
											2937
										mux 1262
											3982
											3983
											3984
									1756
								mux 309
									mux 428
										mux 767
											2704
											2705
											2706
										mux 786
											2747
											2748
											2749
										mux 1046
											mux 1100
												mux 1410
													4413
													4414
													4415
												3529
												3530
											mux 1214
												3843
												3844
												3845
											3392
										mux 1047
											3393
											3394
											3395
									1786
									1787
								1558
							mux 368
								mux 1031
									3350
									3351
									3352
								1885
								1886
							mux 692
								mux 952
									3138
									3139
									3140
								2536
									4823
								2537
						mux 802
							mux 1069
								mux 1123
									mux 1461
										4564
										4565
										4566
									3591
									3592
								3449
								3450
							2780
							2781
						1524
					mux 743
						mux 1190
							3775
							3776
							3777
						2648
						2649
					mux 1255
						3963
						3964
						3965
				mux 224
					mux 806
						2787
						2788
						2789
					1663
					1664
				mux 902
					3010
					3011
					3012
			mux 106
				mux 151
					mux 171
						mux 353
							1858
							1859
							1860
						mux 360
							mux 380
								1907
								1908
								1909
							1872
							1873
						mux 797
							mux 974
								3197
								3198
								3199
							mux 1007
								3283
								3284
								3285
							2772
					mux 591
						mux 772
							mux 814
								mux 822
									mux 893
										mux 1428
											4466
											4467
											4468
										2989
											4713
										2990
									mux 1267
										3997
										3998
										3999
										4949
									2820
								2807
								2808
							2718
							2719
						2300
						2301
					1585
				mux 180
					mux 301
						1772
						1773
							4702 ?
						1774
					mux 378
						mux 1347
							4226
							4227
							4228
						1902
						1903
					mux 409
						mux 865
							2926
							2927
							2928
						1952
						1953
					mux 1365
						4279
						4280
						4281
				mux 628
					mux 1035
						3362
						3363
						3364
					mux 1335
						4191
						4192
						4193
					2393
			mux 424
				mux 463
					mux 986
						3231
							4868
						3232
							4798
						3233
					2040
					2041
				mux 478
					2063
					2064
					2065
				1980
		mux 21
			mux 354
				mux 1341
					4209
					4210
						4970
					4211
				1861
				1862
			1503
			1504
		mux 42
			mux 84
				mux 150
					mux 204
						mux 310
							mux 668
								2479
								2480
								2481
							1788
								4723
							1789
								4784 ?
						mux 705
							2566
							2567
							2568
						mux 1330
							4177
							4178
							4179
					mux 249
						mux 1103
							3535
							3536
							3537
						1701
						1702
					mux 412
						mux 803
							mux 879
								mux 931
									mux 1437
										4493
										4494
										4495
											4700
									3085
									3086
								mux 984
									3227
									3228
									3229
										4858
								2956
								4758
							mux 1250
								3949
								3950
								3951
							2782
								4742
								5000
						mux 1183
							3756
							3757
							3758
						1957
							4774
					mux 596
						mux 1381
							4326
							4327
							4328
						2314
						2315
							4911
				mux 556
					2225
					2226
					2227
				mux 770
					2712
					2713
					2714
			mux 453
				mux 472
					mux 551
						mux 1489
							4646
							4647
							4648
						2216
						2217
					2052
					2053
				mux 588
					mux 718
						2592
						2593
						2594
					mux 924
						3068
						3069
						3070
					2294
				mux 1384
					4335
					4336
					4337
			mux 653
				mux 793
					mux 1131
						mux 1307
							4111
							4112
							4113
						3614
						3615
					mux 1176
						3737
						3738
						3739
					2763
				2448
				2449
			mux 1327
				4169
				4170
				4171
		mux 49
			mux 390
				mux 721
					mux 995
						3252
						3253
						3254
					2601
					2602
				mux 1043
					3384
					3385
					3386
				1921
			mux 439
				mux 444
					mux 694
						mux 1486
							4637
							4638
							4639
								4698 ?
						2540
							4948 ?
						2541
					mux 1373
						4303
						4304
						4305
					2009
				mux 595
					2311
					2312
					2313
				2003
			mux 887
				2975
				2976
				2977
			mux 899
				mux 1200
					3803
					3804
					3805
				3004
				3005
		mux 52
			mux 56
				mux 546
					mux 1077
						3467
						3468
						3469
					2202
					2203
				mux 894
					mux 1491
						4652
						4653
						4654
					2991
					2992
				1516
			mux 57
				mux 115
					mux 454
						mux 738
							2638
							2639
							2640
						mux 1101
							mux 1186
								3765
								3766
								3767
							3531
							3532
						mux 1483
							4628
							4629
							4630
					mux 854
						mux 1197
							3794
							3795
							3796
						2897
						2898
					1552
				mux 123
					mux 144
						mux 196
							mux 202
								mux 1060
									mux 1142
										3646
										3647
										3648
									3430
									3431
								1643
								1644
							mux 925
								mux 1012
									3298
									3299
									3300
								mux 1312
									4125
									4126
									4127
										4855
								3071
							1636
						mux 234
							mux 393
								mux 602
									2328
									2329
									2330
								mux 868
									mux 967
										3178
											4852
										3179
										3180
									mux 1325
										4163
										4164
										4165
									2930
								mux 968
									3181
									3182
									3183
								mux 1348
									4229
									4230
									4231
							mux 414
								mux 667
									mux 1412
										4419
										4420
										4421
									2477
									2478
								1958
								1959
							mux 536
								mux 589
									2295
									2296
									2297
								mux 896
									2996
									2997
									2998
								2184
							mux 1240
								3921
								3922
								3923
						mux 285
							1749
							1750
							1751
								4766
						mux 415
							1960
							1961
							1962
						mux 430
							1986
							1987
							1988
						mux 939
							3104
							3105
							3106
					mux 218
						mux 1376
							4312
							4313
							4314
						1656
							4819 ?
						1657
					mux 318
						mux 460
							mux 682
								mux 936
									3096
									3097
									3098
								mux 1280
									mux 1369
										4291
										4292
										4293
									4035
									4036
								2514
							2035
							2036
						1798
						1799
					mux 715
						mux 907
							mux 999
								mux 1452
									4537
									4538
									4539
										4704 ?
											4881
								3262
								3263
							3025
							3026
						2588
						2589
					mux 935
						mux 957
							mux 1119
								3580
								3581
								3582
							3152
							3153
						mux 1498
							4673
							4674
							4675
								4857
						3095
				mux 135
					mux 233
						mux 346
							mux 447
								2015
								2016
								2017
							1845
							1846
						mux 1215
							3846
							3847
							3848
						1675
							4976
					mux 530
						mux 1353
							4244
							4245
							4246
						mux 1401
							4386
								4893 ?
							4387
							4388
								4880
						2173
					1565
						4759
				mux 240
					mux 319
						mux 365
							1879
							1880
							1881
						mux 1085
							mux 1191
								3778
								3779
								3780
							3490
							3491
						1800
					mux 601
						2325
						2326
						2327
					mux 1092
						3508
						3509
						3510
						4978
				mux 374
					mux 475
						mux 582
							mux 881
								2960
								2961
								2962
							mux 1114
								mux 1145
									3655
									3656
									3657
								3567
								3568
							2279
						mux 660
							mux 792
								2760
									4947 ?
								2761
								2762
							mux 953
								3141
								3142
								3143
							2460
						2059
					1897
					1898
						4888
			mux 59
				mux 127
					mux 270
						mux 356
							mux 979
								3212
									4739
								3213
								3214
							mux 1497
								4670
								4671
								4672
									4918
							1863
						mux 477
							mux 834
								2846
								2847
									4781 ?
								2848
							mux 1285
								4047
								4048
								4049
							2062
						mux 914
							3041
							3042
							3043
						mux 975
							3200
							3201
							3202
					mux 440
						mux 973
							mux 1218
								3855
								3856
								3857
							3195
							3196
							4942
						2004
						2005
					mux 514
						2138
						2139
						2140
				mux 177
					mux 198
						mux 261
							mux 449
								mux 684
									2517
									2518
										4808
									2519
									4958
								2020
									4831 ?
								2021
							mux 745
								2653
								2654
									4926
								2655
							mux 1087
								3494
								3495
								3496
						mux 488
							2087
							2088
							2089
						mux 1363
							4273
							4274
								4746 ?
							4275
						mux 1405
							4398
								4882
							4399
							4400
					mux 255
						mux 300
							1769
							1770
							1771
							4684
						1706
							4802
						1707
					1619
				mux 251
					mux 1162
						mux 1216
							3849
							3850
							3851
						3700
						3701
					1703
					1704
				mux 1323
					4157
					4158
					4159
			mux 65
				mux 940
					3107
					3108
					3109
				1522
				1523
			mux 130
				mux 232
					mux 573
						mux 644
							mux 765
								mux 842
									mux 1163
										3702
											4887
										3703
										3704
									2867
									2868
								mux 985
									mux 1112
										3561
										3562
										3563
									mux 1484
										4631
										4632
										4633
									3230
								mux 1467
									4580
									4581
									4582
										4979 ?
							2425
							2426
						mux 1121
							mux 1355
								4250
								4251
								4252
							3586
							3587
						mux 1490
							4649
							4650
								4910
							4651
					mux 639
						2413
						2414
						2415
					1674
				mux 308
					mux 734
						2627
						2628
						2629
					1784
					1785
				1559
				4991
		mux 470
			mux 1192
				3781
				3782
				3783
			2050
			2051
		mux 537
			mux 688
				mux 1398
					4377
					4378
					4379
				2526
				2527
			2185
				4909 ?
			2186
	mux 20
		mux 395
			mux 795
				mux 1352
					4241
						4794 ?
					4242
					4243
				2767
				2768
			mux 971
				3190
				3191
				3192
					4691 ?
						4730 ?
			mux 1130
				3611
				3612
				3613
		mux 403
			1946
			1947
			1948
		mux 1394
			4365
			4366
			4367
	mux 45 ?
		mux 61
			mux 107
				mux 507
					2122
					2123
					2124
				mux 799
					mux 921
						3059
						3060
						3061
					mux 1418
						4437
						4438
						4439
					2776
				mux 835
					2849
					2850
					2851
				mux 1104
					3538
					3539
					3540
					4889
			1519
			1520
		mux 736
			2632
			2633
			2634
		1511
	mux 96
		mux 248
			1698
			1699
			1700
		mux 297
			mux 317
				mux 420
					1973
					1974
					1975
				mux 491
					2095
					2096
					2097
				mux 523
					2156
					2157
					2158
				4810
			mux 655
				2451
				2452
				2453
					4896
			1765
		mux 305
			mux 370
				mux 465
					mux 1023
						3326
						3327
						3328
					mux 1258
						3972
						3973
						3974
					2044
					4749
				mux 1184
					3759
					3760
					3761
				1890
			1781
			1782
		mux 585
			2285
			2286
			2287
	mux 397 ?
		1930
			4963
		1931
		1932
	mux 709 ?
		mux 987
			3234
			3235
			3236
		mux 1062
			mux 1408
				4407
				4408
				4409
			3435
			3436
		2578
	mux 922
		3062
		3063
		3064
	mux 923
		3065
		3066
		3067
	mux 1065
		3442
		3443
			4992
		3444
config: 0