abstract 0
	xor 1
		mux 3
			4..7 4
				mux 7
					0..3 8
						xor 17
							3..3 24
								or 54
									or 530
										1849
										1850
										1851
											4361 ?
												4994 ?
										3577
									xor 585
										1981
											3460 ?
												4338
										1982
										1983
									mux 715
										2312
										2313
										2314
											3162
										3156
								or 450
									1664
									1665
									1666
									3244
								2..3 536
									or 574
										mux 871
											2753
											2754
												3386
												4892
											2755
										1957
										1958
											4682
									xor 873
										mux 939
											2951
												4478 ?
											2952
												4001 ?
											2953
										xor 977
											3064
											3065
												4791 ?
											3066
												3937 ?
											4698
										2759
											4381 ?
									1866
										3171
										4130
								mux 847
									mux 879
										2775
										2776
											4754
											4928
										2777
											3493 ?
										4759
									2684
									2685
									4307
							mux 39
								mux 47
									or 50
										or 70
											or 150
												xor 209
													xor 737
														2374
														2375
														2376
															4034 ?
													1198
													1199
														3725 ?
														3933
												mux 403
													1563
													1564
														3832
															4915 ?
													1565
												mux 495
													xor 569
														1945
														1946
															3626
														1947
													or 834
														xor 917
															2886
															2887
																4274
															2888
															3343
														mux 999
															3128
															3129
																4884
															3130
																4782
															3418
														2650
													1768
													3469
														4600
											xor 637
												or 674
													2208
														3951 ?
													2209
														3690 ?
													2210
														3483 ?
												mux 675
													2211
													2212
														4269
													2213
														3515
												2114
													3161 ?
														4835 ?
												3154
													3254 ?
													3982
														4076
													4700
											xor 769
												2463
													4191
												2464
												2465
													3358 ?
														4688
													4684 ?
													4731 ?
												4377
										mux 359
											or 370
												1485
													4108
												1486
												1487
													4713
											mux 731
												2357
												2358
													4605 ?
												2359
											1462
										mux 559
											1921
											1922
												4921
											1923
												3490
												4179 ?
										3443
									mux 71
										0..0 76
											xor 105
												mux 111
													or 122
														xor 141
															mux 151
																1107
																	3852
																1108
																1109
																	3402
																	3765
																		3902
																			4696
																			4902 ?
															xor 309
																1363
																1364
																1365
															0..3 716
																mux 987
																	3093
																		4158
																	3094
																	3095
																	3305
																		4957
																2315
																2316
																	3583 ?
															xor 981
																3076
																3077
																	4188 ?
																3078
																	3914
																	4571
																		4988
																	4728 ?
																3430
														xor 665
															2182
															2183
																3665
																	4631
															2184
																3787
															4107
														1075
														4242
													1067
														3671 ?
														4235 ?
														4308 ?
													1068
														3554
												1058
												1059
													4373 ?
											mux 611
												2049
												2050
												2051
											xor 773
												2475
												2476
												2477
											2..3 956
												3001
													3836
												3002
												3003
													4256
													4965
										xor 225
											or 266
												mux 347
													mux 427
														xor 765
															or 966
																3031
																	3894
																		4023 ?
																			4199 ?
																3032
																3033
																	3534 ?
															2452
																3598
																	3603
																		4634
															2453
														1615
															4401 ?
														1616
													1438
													1439
														3388 ?
												or 366
													mux 639
														2117
															4572
														2118
															3906
														2119
													1476
													1477
														3255
													3263
												2..2 384
													mux 575
														1959
														1960
														1961
															3454
															3793 ?
																4584 ?
														3166
															3288 ?
													1518
													1519
													4094
														4422 ?
												3..3 616
													or 642
														2126
														2127
															4718 ?
														2128
															3798 ?
															4517 ?
													2062
													2063
														3427 ?
												0..1 664
													2179
													2180
														4000 ?
													2181
												3669
												4995
											xor 633
												xor 705
													mux 895
														2823
															4464 ?
																4590 ?
														2824
														2825
														4270
													or 982
														3079
														3080
														3081
															4445
													2286
														3551
															4710
														4911 ?
													3287
												mux 727
													2346
														4644 ?
													2347
													2348
													3282
												2105
											mux 643
												2129
													3714
												2130
												2131
													3509 ?
														4630 ?
											3755
										xor 377
											or 614
												2056
												2057
												2058
												4403
											1503
											1504
												3173
												4872
										0..0 600
											xor 985
												3087
													4473 ?
												3088
													3224 ?
														3643 ?
												3089
												3797
													4860 ?
											2018
												3202 ?
											2019
												4768
											3457
									mux 79
										or 182
											1150
											1151
											1152
											3687
										1037
										1038
									or 174
										mux 179
											or 282
												1312
													3995 ?
												1313
												1314
											xor 481
												1738
													4155 ?
												1739
												1740
											1143
										mux 439
											or 722
												2331
												2332
												2333
											xor 901
												2840
												2841
												2842
													3901 ?
													4362
													4425 ?
												4862
											1644
										1134
									2..2 604
										2029
										2030
										2031
											4801
										4370
											4449
									3..3 924
										2907
										2908
											3694
										2909
											3666 ?
								or 86
									xor 189
										xor 221
											xor 333
												xor 729
													2351
													2352
													2353
													4368
												1415
													3351
														4399 ?
												1416
													3686 ?
											xor 761
												2441
												2442
												2443
													4212 ?
														4623
														4820 ?
											1212
											4112
										mux 239
											xor 249
												mux 307
													1..3 840
														2665
														2666
															4874
														2667
													1358
														4933
													1359
													4304
												2..3 864
													2732
													2733
													2734
														3278 ?
														4066 ?
													4067
														4181
												1264
											0..2 352
												mux 739
													2380
													2381
														4476
													2382
												1450
													4901
												1451
											mux 595
												2004
												2005
													3492 ?
												2006
											0..3 892
												2814
													4068 ?
												2815
												2816
												3803
											mux 907
												2856
													3953
												2857
												2858
										1163
											4643 ?
										3732
									or 942
										2960
											4413
										2961
										2962
											3408 ?
									1042
								1015
									3178
									3315
										3949 ?
								3451
							mux 63
								xor 101
									2..2 380
										mux 391
											1536
											1537
											1538
											3563
										1509
											3246
										1510
									1054
										3186 ?
											3848 ?
											4214 ?
										4141
									1055
								or 190
									or 570
										1948
											4020 ?
												4538 ?
										1949
										1950
									1164
									1165
									3420
								or 434
									1631
									1632
									1633
										3678
										4909
							1..3 192
								or 202
									or 390
										1533
											3146
												3866 ?
										1534
											4424 ?
										1535
											4720
									1182
										4453
									1183
									4196
								mux 491
									or 718
										2320
										2321
										2322
											4412 ?
										4149
									mux 899
										2834
											4429
										2835
										2836
											3250 ?
											4087 ?
									1763
										3233
										4730
								1166
							or 198
								or 206
									mux 387
										1525
										1526
										1527
											3571
												3625
													4396
										4469
									xor 425
										or 442
											xor 593
												1999
													3651 ?
														4719 ?
												2000
												2001
													4198
												3700
													4555 ?
											1649
											1650
										1610
										1611
											4667 ?
									mux 695
										2262
										2263
										2264
										4417
									4206
								xor 405
									1568
										4949 ?
									1569
									1570
										4090 ?
											4359 ?
									3518
								xor 833
									2647
										4537
									2648
										4463 ?
										4628 ?
											4836
									2649
								3252
									4183 ?
							xor 289
								mux 947
									2975
									2976
									2977
								1329
								1330
									3580
							mux 367
								xor 397
									1551
										4208
									1552
									1553
									3747
								1478
								1479
								4545
									4868
							xor 701
								mux 979
									3070
										4450 ?
									3071
										4792
									3072
										3708
											4594
												4661
											4942
									4071
										4226
										4849 ?
								2275
									3517
								2276
								3389
									4366 ?
						mux 27
							or 110
								xor 113
									or 166
										mux 199
											1175
												3805 ?
											1176
											1177
												4025 ?
												4288
											4320
										or 246
											xor 485
												mux 511
													1807
													1808
														3137
														3695 ?
														4316 ?
													1809
												xor 553
													1905
														3682 ?
													1906
													1907
												or 898
													2831
													2832
													2833
														3882 ?
												4589
											0..2 740
												2383
													3974
												2384
													4770 ?
												2385
												4796
											or 946
												2972
													3306
												2973
												2974
										1124
											4564 ?
										4427
									2..3 256
										or 974
											3055
											3056
												4138
											3057
										1272
										1273
											4322 ?
										4779
									0..0 284
										mux 523
											or 682
												mux 995
													3116
														3616 ?
													3117
													3118
												2229
												2230
												3652
											1837
											1838
												3441 ?
													4117 ?
														4999
										1317
										1318
											4951
										3335
									1..1 420
										1598
										1599
										1600
										3738
								0..3 288
									1..4 308
										1360
											3185
										1361
											3987
										1362
											3363
										4391
									1327
									1328
								xor 321
									1391
									1392
									1393
										3591
								0..3 932
									2930
									2931
									2932
							1..1 124
								1077
								1078
								1079
							xor 133
								or 134
									1..2 496
										1769
										1770
											4602 ?
										1771
									mux 651
										0..2 688
											1..4 780
												2495
													3481
													4818 ?
												2496
													3182 ?
												2497
													4238 ?
														4385 ?
														4477 ?
												4947
											2244
												3341
												4562 ?
											2245
												4392
										xor 821
											2612
											2613
												3385
											2614
										2148
										3471
									1090
										4272 ?
								xor 157
									2..4 184
										xor 285
											1319
											1320
											1321
										or 362
											mux 411
												1..2 592
													or 662
														or 986
															3090
															3091
																4961
															3092
														2177
														2178
													or 746
														2400
														2401
														2402
															3560 ?
																4524
													1998
												1583
												1584
												4497
											xor 449
												or 790
													or 926
														2913
															3593 ?
														2914
														2915
															3647
													2525
													2526
												1662
													4854
												1663
												3455
											1468
												3711 ?
										1156
										3731
									or 550
										mux 803
											2559
											2560
											2561
												4989
										xor 857
											2712
											2713
												3912
											2714
												3813 ?
										1899
											3238
												4798
											3952 ?
									xor 565
										mux 703
											2280
											2281
											2282
										1935
										1936
								xor 317
									0..2 472
										or 654
											or 846
												mux 991
													3105
													3106
													3107
												2682
													3602
												2683
													3808
												3782
											2154
											2155
										1717
										1718
									mux 791
										xor 913
											2874
											2875
											2876
										xor 973
											3052
											3053
												3999 ?
													4726
											3054
												4673 ?
											3932
										2527
										3516
									1382
									3352
										3812 ?
								or 330
									xor 501
										1784
										1785
											3141
												3329
													4022
										1786
											3911
										3918
											4162
									1410
										4805
									1411
								1..2 848
									2686
									2687
										4766
									2688
						xor 29
							0..5 80
								0..1 508
									2..2 520
										mux 619
											2069
											2070
											2071
										1830
										1831
											3444 ?
									1801
									1802
									4781
								mux 535
									mux 827
										2629
											4573
										2630
										2631
											4317
												4725 ?
									1864
									1865
										4823
								xor 717
									2317
									2318
									2319
										4799 ?
									4675
								0..3 872
									2756
										3692
									2757
									2758
								or 918
									2889
									2890
									2891
										3698
							xor 305
								xor 361
									1465
										4699 ?
									1466
									1467
								xor 365
									1473
									1474
									1475
										3568 ?
									3332
										4531 ?
											4712
								or 526
									or 638
										1..2 756
											2429
												4314
											2430
												4542 ?
											2431
												4882 ?
										2115
										2116
									1841
										4656 ?
									1842
										4142 ?
									3728
								0..2 708
									2292
									2293
									2294
									3201
										4124 ?
											4876 ?
							or 318
								1383
								1384
								1385
									3307
										4279
						1..3 48
							1..3 116
								xor 121
									mux 459
										mux 555
											1910
												3136 ?
											1911
											1912
										1686
											3683
											4052
											4839 ?
										1687
										3575
											4063 ?
									1..4 728
										0..1 784
											2507
											2508
											2509
												3395
												4458 ?
										2349
											4165 ?
										2350
											3280 ?
										3320
									mux 863
										2729
										2730
											3445 ?
												4251
												4760
												4967 ?
											4248
										2731
											3934 ?
												4336 ?
									xor 893
										2817
											3310
												3552 ?
											4666
										2818
										2819
								or 178
									xor 613
										2053
											3537
											4353 ?
										2054
											4579
										2055
									1141
									1142
										4586
									4486
								xor 445
									1653
									1654
									1655
										3225
									4670
								mux 843
									2673
									2674
									2675
									3330
							xor 265
								or 382
									or 562
										1928
										1929
										1930
											3188 ?
												3323
													4509 ?
										3819
											3957 ?
											4325
									or 970
										3043
											4863 ?
										3044
										3045
									1514
								1286
									4045 ?
								1287
							or 494
								or 522
									1834
									1835
									1836
								2..3 696
									mux 975
										3058
											3969 ?
										3059
										3060
									2265
										4964 ?
									2266
										3147 ?
										4742
									4054
								or 782
									2501
									2502
										3724
									2503
										3221 ?
										3273
										3544 ?
						mux 51
							or 82
								2..2 132
									1..3 144
										mux 191
											xor 381
												1511
												1512
												1513
												3285
											1..1 388
												3..3 400
													1559
													1560
														3208 ?
															4457
													1561
														4481
												1528
												1529
											2..3 480
												0..2 712
													2303
													2304
													2305
												xor 909
													2862
													2863
													2864
												1737
											2..2 588
												or 670
													2196
														3226
															4604 ?
															4732
															4980
													2197
													2198
														3930
												mux 875
													2763
														3758
													2764
													2765
												1988
										or 210
											1200
											1201
											1202
											4914
										or 578
											1964
												3864 ?
											1965
												3980 ?
											1966
									mux 147
										xor 185
											1157
											1158
												3777 ?
											1159
												4757
										1..3 300
											1351
											1352
												4614
											1353
											4049
										1102
										4857
									1..2 336
										2..3 528
											mux 571
												mux 627
													xor 693
														2257
															3304 ?
																3642 ?
														2258
														2259
															4613
													2088
													2089
												or 726
													2343
														3621 ?
													2344
														3321
													2345
														4164
												1951
												3572
													3619
													3664
											or 594
												mux 955
													2998
													2999
													3000
														4813 ?
														4936 ?
												2002
													3301
													4954 ?
												2003
													4627
														4683 ?
														4697
											1846
												3433
													3520 ?
												3734 ?
													4930 ?
										or 770
											2466
											2467
											2468
										or 878
											2772
											2773
											2774
												4333
												4390
									4056
								mux 247
									1258
									1259
										3421 ?
										3675
									1260
										3613 ?
											3655
												3693 ?
													4585 ?
													4663 ?
									4232
								2..3 276
									or 462
										mux 487
											1..1 492
												xor 533
													1858
													1859
													1860
												1764
													4474 ?
												1765
											1752
											1753
											4827
										1692
										1693
											3943 ?
									mux 723
										2334
										2335
										2336
										3337
									1304
										4636 ?
								3548
							2..3 376
								mux 383
									1515
									1516
									1517
									3562
								mux 547
									or 702
										2277
											3994 ?
											4543
										2278
											4011
										2279
										3414
									1891
										3453 ?
											4440 ?
										4577
									1892
									4444
								1502
								4097
							or 630
								2096
								2097
								2098
							mux 671
								2199
								2200
								2201
								4637
							1..1 876
								2766
								2767
									3716
								2768
								4753
						mux 67
							mux 87
								mux 283
									mux 303
										or 378
											mux 967
												3034
												3035
												3036
													3349
												3775
													4241 ?
											1505
											1506
												3209
													3372
														4528
											3705
										mux 415
											or 698
												or 754
													2423
													2424
														4804 ?
													2425
														4518
													4714
												mux 919
													2892
														3676
														3729 ?
															3768
													2893
														3979 ?
															4960 ?
													2894
														3585
														3921
												2270
											mux 743
												2391
												2392
												2393
											xor 749
												2408
												2409
												2410
													3489
														4593 ?
												4925
											3383
												4220
													4344 ?
												4347
										or 510
											or 634
												mux 687
													2241
													2242
													2243
												2106
													4708 ?
												2107
													4825
											1805
											1806
												3781
												4264
									1315
										4227 ?
										4398
									1316
										3347 ?
										3721
										3770
									4104
										4118
								1..3 652
									mux 667
										or 922
											2901
												4135
											2902
											2903
												3257 ?
													4209
										2188
										2189
									2149
										4442
									2150
								1043
								3398
							or 90
								mux 99
									mux 107
										mux 483
											1744
												3727
											1745
												3574 ?
												3617
												3752 ?
											1746
											3862
										1062
											3917
											3928
												4847 ?
										1063
									1051
									1052
									3720
								xor 497
									1772
									1773
										3494
									1774
								xor 829
									2635
										3842
									2636
										4294
									2637
							1031
						or 586
							or 618
								2066
									4343 ?
									4908 ?
								2067
								2068
									3164 ?
										3319
											4706
										4885 ?
								4929
							or 798
								or 962
									3019
									3020
									3021
									4653
								2546
									3735
								2547
							1984
					mux 23
						xor 33
							2..4 44
								3..3 64
									1027
										4375 ?
									1028
									1029
										3667
								or 66
									or 734
										2365
											3459
												3697 ?
										2366
											3679 ?
												3929
											4194
										2367
									mux 771
										2469
										2470
											4410 ?
										2471
										4461
									1030
								or 78
									xor 81
										or 102
											0..0 128
												xor 165
													or 194
														1168
															3412
																3437 ?
															4669
														1169
															4349 ?
														1170
													3..3 296
														mux 679
															2221
																3942
															2222
															2223
																3149
																4889 ?
															3192
														1343
														1344
															3356
																4672
													0..1 356
														xor 641
															2123
															2124
															2125
														xor 757
															2432
																4985 ?
															2433
															2434
																3440 ?
														1457
													mux 435
														1634
														1635
														1636
															3302 ?
																4350
												1085
													4195 ?
												1086
												3181
											mux 155
												xor 217
													or 310
														1366
															3449 ?
																4243 ?
															4285
														1367
														1368
													1207
														3977
															4701 ?
													1208
														3883 ?
															4114 ?
												or 306
													or 374
														1496
														1497
														1498
													0..3 544
														mux 655
															2156
																3853 ?
															2157
															2158
																4406
														1884
															3500
															3712 ?
																3997 ?
																4907
															4278 ?
														1885
															3261 ?
													mux 935
														2939
															3899 ?
															4166 ?
														2940
														2941
														3448
												mux 335
													or 474
														1722
														1723
															3783
															4460
																4780
																4966 ?
															4645 ?
														1724
															3983 ?
														3600
													xor 969
														3040
															4986 ?
														3041
														3042
															4856 ?
														3601
													1419
														4443
											xor 177
												1138
													3487
														3638
													3863 ?
													4764 ?
												1139
												1140
												3187
											mux 287
												mux 419
													or 822
														2615
														2616
															3873 ?
														2617
													or 842
														2670
														2671
														2672
														3199
															4187
																4837
													1597
														3801 ?
															4916
													3774
												1325
												1326
											mux 431
												1624
													4681 ?
												1625
												1626
											mux 631
												2099
													4922
												2100
												2101
										mux 119
											xor 257
												or 314
													1..2 816
														0..3 880
															2778
															2779
																4340 ?
																	4358 ?
															2780
																3757
														2598
														2599
													1376
														3292 ?
														4042 ?
															4069 ?
																4556
													1377
													3370
												1274
												1275
													3207 ?
													3604 ?
												4312
											xor 281
												mux 339
													or 402
														or 454
															1674
																4053
															1675
															1676
														or 690
															2249
															2250
															2251
																4601
														mux 691
															2252
															2253
																3475 ?
																4772
															2254
																3954
																4152
															3878
														3464
													xor 509
														xor 625
															mux 659
																2168
																2169
																2170
																	3219
																		3272
																			3525 ?
																			4662 ?
															2083
															2084
																3195
														1803
														1804
													xor 537
														1867
														1868
															4483
														1869
													mux 775
														2481
														2482
														2483
												or 554
													xor 777
														2486
														2487
														2488
													1908
														3339 ?
													1909
														3435 ?
												1311
											or 322
												3..3 732
													2360
														4411 ?
													2361
													2362
												1394
												1395
													3299
														4502 ?
											0..0 796
												2540
												2541
												2542
												3152
										0..1 364
											2..2 484
												1747
												1748
													3348 ?
												1749
											1471
												3905 ?
											1472
											3816
										or 658
											2165
											2166
												3507 ?
													4578 ?
											2167
									xor 197
										or 238
											xor 389
												1530
												1531
												1532
													3799
														3833
														3869 ?
															4257
																4329 ?
																4880 ?
											1245
												3561
											1246
												4574
										or 286
											1322
											1323
												3270
													3828
											1324
										xor 889
											2805
											2806
											2807
												3587 ?
												3718 ?
									xor 733
										1..3 900
											2837
											2838
											2839
										2363
											3277
												3723 ?
										2364
									or 786
										2513
										2514
											4767
										2515
											4200
								or 158
									or 438
										0..0 476
											1728
											1729
												4687
											1730
											3271
												4974
										1642
											3791
										1643
											4671
										3274
									mux 959
										3010
										3011
											3550
												3810 ?
												4065 ?
											4941
										3012
											4650 ?
									1114
										4541
								or 694
									mux 751
										2414
										2415
											4679 ?
										2416
											3618 ?
												4510 ?
											3854 ?
										4271
									2260
										3884 ?
									2261
									4012
										4591 ?
								4207
								4253
							mux 267
								mux 583
									mux 779
										2492
										2493
											3392
											4079
												4554 ?
												4814
													4852 ?
										2494
											4275 ?
										3704
									1976
									1977
										4309 ?
									3524
								1288
								1289
							1010
								3259 ?
									3584 ?
							3353
						0..2 212
							or 218
								mux 255
									or 498
										1775
										1776
										1777
									2..4 908
										2859
										2860
										2861
										3228
									1271
										3573 ?
										4654 ?
								mux 323
									mux 503
										1790
											4077 ?
										1791
										1792
											4485
											4533
									1396
									1397
									4033
								1209
									3467 ?
									4686
							xor 965
								3028
									4234
										4323
								3029
									3644 ?
								3030
								4807
							1203
						or 254
							xor 293
								1..3 788
									2519
									2520
									2521
									3837
								1338
								1339
								4147
							mux 591
								1995
								1996
								1997
							1270
						1..1 412
							1585
							1586
								3897 ?
							1587
					mux 35
						or 94
							xor 617
								0..2 676
									mux 883
										2787
											3776
												3975 ?
											4745
										2788
										2789
											3384 ?
											4560
									2..2 904
										2848
										2849
										2850
											4811
										4744
									2214
									3578
										4979
								2064
									4522 ?
								2065
								3463
									4472
							1048
								4335 ?
									4822 ?
							1049
							4267
						3..3 328
							1..2 444
								or 478
									xor 581
										1970
											4691
										1971
										1972
										4221
									1733
									1734
									3177
								or 914
									2877
										4501 ?
										4513
											4516
									2878
										4829 ?
									2879
										4154
								1652
							1408
							1409
							4280
						mux 819
							2606
								3699
							2607
								3696
								4119
									4723
									4953
								4638
							2608
								4313
					xor 69
						1034
							3452 ?
								3689 ?
									4867
						1035
							3355 ?
						1036
							3222
								3606 ?
							3413 ?
					or 346
						2..3 704
							2283
							2284
								4171 ?
							2285
							4978
						1436
						1437
						4828
					3300
				or 10
					xor 41
						or 542
							1880
								3786 ?
								4360 ?
							1881
							1882
						mux 551
							1..4 812
								2586
									4436 ?
								2587
								2588
								3279
							1900
							1901
						1016
						3191
					xor 93
						or 106
							xor 941
								2957
									3313 ?
										3947 ?
								2958
								2959
									4250
							1060
							1061
							3945
								4172
									4363 ?
						or 274
							1298
								3134 ?
							1299
								4433
								4935
							1300
							4380
						xor 341
							mux 355
								or 386
									1522
									1523
										4064
									1524
								1455
								1456
								4790
							1426
							1427
							3242
						or 358
							4..4 612
								xor 753
									2420
									2421
									2422
										4111
								xor 781
									2498
									2499
										4030
											4093
										4163
									2500
										3632
								2052
									3218
								4418
							1460
							1461
								3907
							4086
						mux 395
							mux 519
								xor 961
									3016
										4003 ?
									3017
									3018
										4156 ?
											4231
										4249 ?
									4479
								1828
								1829
									4303 ?
								3745
									3861 ?
							or 758
								2435
									3268 ?
										3530
											4070 ?
									4096 ?
								2436
								2437
							1547
						3..4 532
							1855
							1856
							1857
							3214
						4131
							4871
					1003
						4300 ?
						4447
				or 26
					1..3 84
						mux 567
							1940
							1941
							1942
						or 738
							2377
							2378
							2379
						1039
						3876
					xor 353
						3..3 596
							mux 607
								2037
								2038
								2039
								4299
							2007
							2008
						1452
						1453
						3258
					1..3 724
						2337
						2338
							3817
							4106
						2339
						4059
							4616 ?
					4567
						4809 ?
				or 62
					mux 159
						1115
						1116
							4283 ?
						1117
					0..1 432
						xor 849
							2689
							2690
							2691
						1627
						1628
							4301
						4520
					mux 839
						0..3 992
							3108
							3109
								3559
								3964
									4587
							3110
						2663
						2664
					3637
				or 126
					2..3 264
						mux 615
							2059
							2060
							2061
							4609
						mux 635
							2108
							2109
							2110
							4004
								4734
						1285
							3293
								4091
									4121
										4570
					1082
					1083
						4626
				mux 175
					xor 345
						or 666
							2185
							2186
								3796
							2187
						1434
							3333
						1435
						4755
					1135
						4438 ?
						4945 ?
					1136
				or 482
					1741
						4833 ?
					1742
						3373
						3877 ?
					1743
						3371 ?
							4488
				0..3 804
					2562
					2563
						4259 ?
					2564
					4850
			or 6
				or 18
					xor 357
						xor 853
							2701
							2702
								3376 ?
							2703
								3785
									4647 ?
						1458
							4948
						1459
					or 414
						mux 587
							1985
								3514 ?
								4499
							1986
								3778 ?
								4224
							1987
								4371
						1590
						1591
					1007
						3482 ?
							3823 ?
								3988 ?
							4830 ?
							4950 ?
				xor 21
					or 22
						2..4 28
							mux 507
								1798
								1799
								1800
								3535
							1008
							1009
								4523
							3350
								4311
									4597 ?
						xor 45
							or 74
								1..3 92
									mux 143
										mux 219
											mux 343
												1431
													3992
														4240 ?
															4357 ?
												1432
												1433
											xor 661
												2174
												2175
													3436
													3939
												2176
													3722
												3472
											mux 903
												2845
												2846
													3344
													3872
														3938 ?
															4467 ?
													4898 ?
												2847
										1098
											4293 ?
										1099
											3338
									1046
										4057
										4565 ?
									1047
								xor 169
									xor 201
										0..3 512
											1810
											1811
												3981
											1812
										1180
											4690
										1181
									1128
									1129
										4415 ?
									4040
								or 342
									1428
										4769 ?
									1429
									1430
									3428
							2..3 944
								2966
								2967
								2968
							1020
						xor 57
							0..3 208
								2..2 332
									xor 369
										1482
										1483
										1484
									4..4 440
										or 806
											2568
											2569
											2570
										1645
											4237 ?
										1646
										4318
									1414
								1196
								1197
									3175
							xor 253
								mux 295
									mux 319
										1386
											4356
											4466 ?
										1387
										1388
											3611
												3629 ?
										3795
									1341
									1342
									3856
										4038 ?
								or 558
									1918
										3458
										3594
											4239
										4402 ?
									1919
									1920
								1269
									4133 ?
										4840
							1025
								4812
						3231
							4640
							4831
					or 170
						xor 313
							xor 589
								1989
								1990
									3840 ?
									4372 ?
								1991
							1374
							1375
						xor 929
							2921
							2922
							2923
								3251
								4277 ?
							4576
						1130
							4937
						4174
					or 934
						2936
						2937
							4428 ?
						2938
				or 30
					6..6 40
						0..1 56
							0..5 156
								xor 229
									1227
										4205 ?
									1228
										4073
									1229
									3311
								or 230
									xor 261
										or 302
											or 514
												xor 649
													2142
													2143
														3179 ?
													2144
												1815
													3961
													4219 ?
												1816
											1356
												3963
													4727
											1357
												4596 ?
											3140
										xor 869
											2747
											2748
											2749
												3595 ?
										1279
										3821
									1230
									1231
								mux 231
									1..2 824
										2621
											4877 ?
										2622
											3362 ?
												3486
													3488 ?
													3946 ?
													4148 ?
										2623
											3567
									1232
									1233
										4140
								xor 413
									or 598
										2012
										2013
											4992
										2014
									1588
									1589
								xor 789
									2522
									2523
										3155 ?
											4934 ?
										4451
									2524
									4150
								3290
							1..1 572
								4..4 792
									2528
									2529
										4387 ?
									2530
										4658 ?
									4611
								1952
									4339 ?
									4544 ?
								1953
							1024
								4167 ?
						mux 315
							1378
								4197 ?
									4341
										4817
							1379
								4203
							1380
								3989
							3229
						3..3 340
							mux 747
								2403
								2404
									3331
										4043 ?
										4703
								2405
								4959
							1424
							1425
								4021 ?
									4529 ?
						or 426
							1612
							1613
								4352 ?
							1614
						2..3 768
							2460
							2461
							2462
						3661
					xor 61
						xor 137
							mux 187
								mux 263
									1282
									1283
										3925 ?
									1284
										3230 ?
								xor 297
									or 446
										mux 531
											1852
												4026
													4842
											1853
											1854
												4007 ?
													4660
														4927
												4641
											3673
										1656
											3176
												4016
												4615 ?
										1657
										4448
									1345
									1346
									4912
								0..4 344
									xor 453
										xor 605
											2032
											2033
											2034
										1672
										1673
									mux 543
										or 750
											2411
												3826
												4680 ?
											2412
											2413
												3766 ?
													3806 ?
											4738
										xor 805
											2565
											2566
											2567
										1883
											3245
												3746
									or 950
										2984
											4346 ?
										2985
										2986
									4692
								or 866
									2738
										4319 ?
											4408 ?
										4530 ?
									2739
									2740
									3276
								or 910
									2865
										3172
											3555
												4956 ?
											3822 ?
										3296
									2866
									2867
								3360
							0..2 236
								mux 259
									or 262
										1..2 404
											xor 865
												2735
													3345
												2736
												2737
													3253
											1566
												3858
												4132
												4606
													4716 ?
											1567
										1280
											3628 ?
												4006 ?
										1281
									mux 515
										1..3 668
											2190
											2191
											2192
										1817
										1818
											4289
									xor 545
										or 830
											2638
											2639
											2640
												3317
													4746 ?
										1886
										1887
											3570 ?
											4039
												4145 ?
												4711 ?
												4943
									xor 577
										mux 759
											0..3 844
												2676
													3564
												2677
												2678
													3312 ?
													4029
												4997
											0..3 920
												2895
												2896
												2897
													4685
												4521
											2438
											3361
										1962
										1963
									xor 813
										2589
											3465
											3529
												4236 ?
										2590
											3237 ?
											3484
												4897
										2591
								xor 837
									2657
									2658
									2659
										3198
										3653 ?
										4230 ?
								1241
							1091
							3802
								4926 ?
						xor 173
							or 278
								mux 299
									xor 933
										2933
											3303 ?
										2934
										2935
										3404
									1349
									1350
										4101
									3409
										4082
											4484 ?
										4786 ?
								mux 683
									3..3 684
										2233
										2234
										2235
											3639 ?
											4968
									2231
										4404
									2232
										3986 ?
										4846 ?
									4113
										4216
								0..4 884
									2790
										4157 ?
										4374 ?
									2791
										3857
										4511
										4881 ?
									2792
									3366
										3470
								3769
							3..3 408
								1574
								1575
									3197
									3707 ?
								1576
							or 470
								1713
									4092
								1714
								1715
									3880 ?
							or 626
								2085
									3260 ?
										4633 ?
										4794 ?
									3750 ?
										3811
								2086
									3478
								2087
						3..3 580
							xor 669
								2193
								2194
								2195
							mux 735
								2368
								2369
									3965
										4838 ?
								2370
								4382
									4490 ?
							xor 817
								2600
								2601
								2602
									4137 ?
								3243
									4215 ?
					xor 117
						or 534
							1861
							1862
								4899
							1863
								4802
									4844
						2..4 736
							2371
							2372
							2373
							4674
						1072
							3733 ?
					or 410
						1580
							4788
						1581
						1582
						4102
				or 34
					xor 49
						mux 55
							1..3 104
								xor 245
									1255
									1256
									1257
									3158
								1056
								1057
							2..2 164
								1121
								1122
									4603 ?
								1123
								3579
									4504 ?
							0..0 312
								1371
								1372
								1373
									3998 ?
								3450
									4169 ?
							mux 479
								xor 689
									2246
									2247
									2248
										4252 ?
									3893
								1735
								1736
									3830 ?
							xor 921
								2898
									4664
								2899
									4060 ?
									4535 ?
								2900
									3915 ?
						mux 211
							or 214
								2..2 244
									or 422
										or 978
											3067
												4582 ?
											3068
											3069
										1603
										1604
										3608
									1253
										4144 ?
									1254
								mux 251
									0..4 772
										2472
											3557 ?
											3807 ?
										2473
										2474
											3504 ?
												4072
											3924 ?
												3927 ?
										3740
									1265
									1266
									4266
										4553 ?
											4752 ?
								0..0 260
									mux 363
										xor 801
											2554
												3545
													4832 ?
												4088
											2555
											2556
										1469
										1470
									or 430
										or 602
											2023
											2024
											2025
										1622
										1623
										4284
											4642 ?
									xor 457
										xor 953
											2993
											2994
											2995
										1681
										1682
										4940
									3680
										4084
											4561 ?
								or 398
									1554
									1555
									1556
										4617 ?
								mux 915
									2880
									2881
									2882
										3531
								mux 927
									3..4 984
										or 994
											0..3 1000
												3131
												3132
													3322
												3133
											3114
											3115
											3232
												4100 ?
										3085
										3086
											4495 ?
										3189
									2916
									2917
							xor 681
								2226
								2227
								2228
									4505
										4735
								4192
							or 890
								2808
								2809
									4651
								2810
									4027 ?
						1021
							3480
								4190
						3547
							4435
					1011
					1012
						3236 ?
					3702
						3890 ?
				0..0 168
					or 466
						1701
						1702
						1703
							3809
							4416 ?
						3163
					1126
						4225
						4378
					1127
						4095
							4789 ?
					3235
						3706
						3991 ?
				0..0 744
					2394
						3447
							4722 ?
					2395
						3749
					2396
					3334
						4657
			mux 15
				2..5 16
					mux 19
						xor 85
							xor 513
								xor 997
									3122
										3701
									3123
									3124
								1813
								1814
							1040
								4893
							1041
						xor 145
							or 538
								1870
								1871
								1872
									3215
									4475
							1100
								3871
							1101
								4737
								4787 ?
						xor 153
							1..1 504
								1793
								1794
									4707
								1795
							0..3 752
								2417
									4244
								2418
								2419
							1112
							4855
						0..1 204
							1187
								3589 ?
							1188
							1189
								3788 ?
						mux 455
							mux 707
								or 850
									2692
									2693
										3325 ?
											3703
												3751 ?
									2694
										3870
									4455
								2290
									4471
								2291
								3542
							1..1 860
								2720
									4151
									4736
								2721
									4109
									4332 ?
								2722
									4327
							1677
						3249
							3736
					2..3 52
						xor 877
							2769
							2770
								3960 ?
							2771
								3681 ?
							4659
						1022
						1023
						3717
					xor 161
						mux 163
							xor 181
								1147
								1148
								1149
								4580
							xor 213
								0..2 324
									1398
										3739 ?
											3976
										3789
											4364
									1399
										3393
											3640 ?
												3868
											3814
												4439
												4527 ?
									1400
									4724
								xor 329
									or 394
										1544
										1545
											3281 ?
										1546
									xor 433
										mux 807
											2571
												3713
											2572
											2573
										1629
										1630
									0..3 436
										mux 923
											2904
											2905
												4592
											2906
												4540
										1637
										1638
									or 486
										or 886
											2796
											2797
												3597 ?
													4890 ?
												4695
											2798
											3203
										1750
											3295
										1751
											3908 ?
										4815
								xor 489
									1757
										3536 ?
										4864
									1758
										4498 ?
									1759
										4740
									3659
								4176
							or 406
								0..2 660
									2171
									2172
										3845 ?
									2173
								1571
								1572
								3357
						1..3 252
							xor 269
								or 298
									mux 423
										or 590
											1992
											1993
											1994
										1605
										1606
										4116
									1347
									1348
								0..1 392
									or 958
										3007
										3008
										3009
									1539
									1540
										4677 ?
											4709
								1292
							1267
							1268
						or 270
							xor 469
								1710
									3641 ?
										4583
								1711
									4024 ?
										4773 ?
								1712
							xor 573
								1954
								1955
								1956
									3966
								4503
							xor 825
								1..3 836
									2654
									2655
										4420 ?
										4891
									2656
								2624
								2625
						xor 673
							2205
							2206
								4546
								4595 ?
							2207
								3895 ?
							4419
								4702 ?
					xor 521
						xor 989
							3099
								3956 ?
							3100
								3374 ?
									4321
								4047 ?
							3101
						1832
							4105 ?
								4998
						1833
							3538 ?
					2..3 628
						2090
							4843 ?
						2091
						2092
				0..8 20
					0..2 36
						mux 95
							mux 351
								1..2 416
									3..3 648
										xor 685
											or 774
												2478
												2479
													4888
												2480
													3142 ?
											2236
												4834 ?
											2237
												3346 ?
													4103 ?
														4295
												3609 ?
										3..3 976
											3061
											3062
											3063
												3792 ?
										2141
											3190
												3767 ?
										4465
									or 810
										2580
										2581
											3502 ?
												3630
											3985
										2582
										4632
									1592
										3794
											4771 ?
								1448
								1449
								4331
							xor 437
								1639
								1640
									3180 ?
								1641
								4625
							1050
						0..0 304
							xor 385
								xor 461
									mux 699
										0..3 868
											2744
											2745
											2746
												4800
										0..1 960
											3013
											3014
												3950
													4432 ?
											3015
										2271
									1690
										4287
											4430
											4539 ?
									1691
										3461 ?
									4005
								1520
								1521
								4185
							or 506
								mux 527
									1843
										4526
									1844
									1845
										3506 ?
										4434 ?
											4993
										4558
										4733
											4944
								0..0 568
									2..3 936
										2942
											3424 ?
											3672
											4932 ?
										2943
											3674
										2944
									1943
										3419
									1944
									3533
								1..3 672
									2202
									2203
									2204
							2..2 776
								mux 811
									2583
									2584
										3326 ?
										4228 ?
											4446 ?
									2585
										4202 ?
								2484
								2485
							or 858
								mux 891
									2811
									2812
									2813
									3827
								2715
									3267 ?
										3432 ?
											3926
								2716
									4310 ?
										4414
									4405
										4500
						xor 325
							or 610
								2046
								2047
								2048
							1401
							1402
								3308 ?
					xor 37
						0..0 112
							xor 125
								xor 421
									1..2 748
										xor 809
											2577
											2578
											2579
												3831
											4276
										2406
											4648 ?
										2407
											3269 ?
									1601
									1602
								1080
									3364 ?
								1081
									3275
								4324
							mux 603
								2026
								2027
								2028
								4886
							1069
								3485 ?
									4035 ?
								3860 ?
							3439
						mux 183
							1153
								4351 ?
							1154
							1155
						1013
							3216 ?
					mux 43
						or 242
							mux 711
								2300
								2301
									3168 ?
								2302
							1250
							1251
						0..1 720
							2326
								3973 ?
							2327
							2328
								4919 ?
						1019
							3456
								4785 ?
							4348 ?
						4962
					or 46
						xor 89
							xor 493
								0..1 524
									0..3 636
										2111
										2112
											4496
										2113
											4480 ?
										4845
									1839
										3610
									1840
								1766
									4487
								1767
								3294
							or 502
								1787
									3730 ?
								1788
								1789
							1045
							4002
						0..2 108
							4..4 180
								1144
									3935
								1145
									3148 ?
									3501 ?
										4598 ?
									4218
								1146
									4032 ?
									4210 ?
								3262
							or 938
								2948
								2949
								2950
								3656
							1064
								3710
						0..2 240
							or 258
								1276
									4795 ?
										4853
								1277
								1278
									3645
							0..0 980
								3073
								3074
									4704
								3075
									3847 ?
								3227
							1247
					1..2 68
						or 814
							2592
							2593
							2594
						1032
							4729
							4778
								4883 ?
						1033
							3234 ?
						4136
					mux 75
						0..1 96
							or 98
								mux 131
									xor 205
										1190
										1191
										1192
										3367
											3394 ?
									xor 557
										mux 763
											xor 845
												2679
													3396
												2680
												2681
												3771
											2447
											2448
											3566
										1916
										1917
											3157
												3624
										4865
									1089
								mux 215
									1..2 468
										1707
										1708
										1709
									1204
									1205
								0..2 460
									2..4 516
										1819
										1820
										1821
											4384 ?
										4286
									1688
										3406
									1689
								mux 835
									2651
									2652
										3967 ?
									2653
										4080
							0..2 268
								or 350
									1445
									1446
									1447
										3553
											3855 ?
											3958 ?
											4575 ?
								1290
								1291
							mux 271
								or 418
									1594
										4619 ?
											4621
									1595
										4973 ?
									1596
									4972
								mux 859
									2717
									2718
									2719
								1293
									4437 ?
										4678
											4963 ?
								3438
							or 518
								1825
									3368 ?
								1826
									3474
								1827
						mux 203
							1184
								3523
									3541
									3900
								4159
									4255 ?
								4468 ?
							1185
							1186
								3241 ?
							3780
						mux 311
							mux 787
								2516
									3841
										4955 ?
								2517
								2518
								3605
							1369
							1370
						mux 563
							1..1 940
								2954
									3375
										3923 ?
								2955
								2956
							1931
							1932
							4620
						1..1 680
							mux 719
								2323
									3505
								2324
									3145 ?
								2325
									3948
									4048
										4376
											4996 ?
								3196
									3820 ?
							2224
							2225
							3753
					mux 83
						mux 243
							0..1 808
								2574
								2575
									4315
								2576
							or 826
								2626
								2627
									3378 ?
								2628
							1252
								3614 ?
						mux 599
							2015
							2016
								3834
									4859 ?
							2017
							3399
						mux 795
							2537
							2538
								3397 ?
								4819
							2539
						3354
							4078 ?
							4920
					3..3 100
						or 146
							or 546
								1888
								1889
									4296
								1890
									4386
								4134
							or 742
								xor 885
									2793
									2794
										3662
										4168
									2795
								2389
									3971
								2390
								4913
							xor 937
								2945
									3685
								2946
								2947
							3340
						mux 471
							2..3 852
								2698
									4213
								2699
								2700
							2..2 988
								3096
									3804 ?
								3097
								3098
							1716
							3867
						1053
				mux 91
					or 130
						mux 207
							1193
							1194
							1195
								3881 ?
						1087
						1088
							3247
								4041 ?
									4875
						4355
					2..2 152
						mux 327
							mux 663
								or 854
									2704
										3920 ?
									2705
									2706
								2..3 928
									2918
										3316 ?
									2919
										3875
											4918
									2920
								mux 971
									3046
									3047
										3144
									3048
										3510 ?
										3511
									3165
							1406
								4306 ?
									4493 ?
								4694
							1407
							4969
						1110
							4175
						1111
						4975
					xor 277
						or 290
							1331
								3211 ?
									4456 ?
								3649
							1332
							1333
								4952 ?
						1305
							3835 ?
							3919
							4462
						1306
					0..2 488
						1754
							4646 ?
						1755
							3886 ?
								4869 ?
						1756
							3959
								4848 ?
							4525 ?
					xor 601
						2020
						2021
						2022
					xor 657
						2162
							3265 ?
								3761
									3784
						2163
							4010 ?
						2164
							3184
						4110
							4797 ?
					3815
				or 802
					mux 823
						2618
						2619
						2620
							4354 ?
					2557
						3200
					2558
			0..0 216
				mux 235
					or 762
						2444
						2445
						2446
							4334
					1239
					1240
					3773
				mux 467
					1704
						4622
					1705
						3677 ?
					1706
						3874 ?
							3984 ?
						4383
				1206
				3264
			1..4 428
				1617
					3888
				1618
				1619
				3898
		xor 13
			0..2 248
				1261
				1262
					3762
						4452 ?
				1263
					4765
			or 686
				2238
				2239
				2240
			1005
		xor 65
			or 326
				1403
					4201 ?
						4705
				1404
				1405
					3754
			0..4 556
				1913
				1914
				1915
				5000
			1..3 632
				2102
					3615
					4342
				2103
				2104
				4397
			or 870
				2750
					4178 ?
				2751
					4031 ?
						4873 ?
				2752
		mux 115
			mux 375
				1499
					3569 ?
						4044 ?
				1500
				1501
			or 838
				2660
					3565 ?
				2661
					4115 ?
					4400
					4552 ?
				2662
					3309 ?
				4983
			1071
				4407
					4655 ?
			4139
				4861
		or 222
			1..1 320
				or 730
					2354
					2355
						3532 ?
						3818
					2356
					3838
				1389
				1390
					4624
				3590
			1213
				3996 ?
			1214
	or 2 ?
		xor 5
			xor 25
				6..6 32
					or 38
						mux 167
							or 490
								1760
								1761
									3473
										4569
									3576
								1762
							or 678
								2218
								2219
									4186
								2220
								3748
							1125
								4982 ?
							3220
						1..2 888
							2802
							2803
								4557 ?
							2804
						1014
							3382 ?
					3..3 60
						mux 127
							mux 499
								1778
								1779
									4748
								1780
							or 874
								2760
									4515 ?
								2761
								2762
							1084
						xor 233
							xor 337
								1420
								1421
								1422
									4337
									4409
								4229
									4273
							2..3 644
								2132
								2133
								2134
									4028
								4514
									4588 ?
							1237
						1026
							3508
								3691
						3174
					or 154
						or 766
							2454
							2455
								4784 ?
							2456
								4326 ?
						mux 783
							2504
								3790
									3889 ?
							2505
							2506
							4291
						1113
						4793
					0..2 452
						1669
						1670
						1671
							4246
							4608 ?
					1..1 540
						mux 867
							2741
								4639
									4649
							2742
								3556
							2743
						1876
							4581
						1877
					3496
						4122 ?
				or 42
					mux 399
						xor 793
							2531
							2532
								3204
							2533
						1557
						1558
							3159
							4211
					1017
					1018
						3431
						4223
					3972
				or 58
					0..3 136
						mux 171
							mux 331
								xor 645
									mux 911
										2868
										2869
											3153
										2870
									2135
									2136
									3843
								1412
								1413
							1131
							1132
								3377
									4551 ?
									4987
								4689 ?
							3342
						2..2 448
							xor 621
								2074
								2075
								2076
							1660
								3491
							1661
						or 606
							0..3 656
								2159
								2160
									3289 ?
								2161
								4878
							2035
							2036
					0..2 160
						3..3 348
							mux 371
								mux 539
									1873
									1874
										4550
									1875
										3462 ?
									3922
								1488
								1489
									3422 ?
										4262
							1440
							1441
								4265 ?
									4777
						xor 477
							or 650
								2145
								2146
								2147
									4923 ?
							1731
							1732
							4821
						1118
							4153
								4441 ?
					or 458
						1683
						1684
						1685
							3879 ?
						3286
					xor 529
						or 894
							2820
							2821
								3369 ?
								3592 ?
							2822
								4824
						1847
						1848
					3..3 620
						or 990
							3102
							3103
							3104
						2072
							4017
								4245
						2073
					3410
				xor 73
					2..3 200
						mux 407
							xor 549
								1896
									4217 ?
										4803 ?
								1897
								1898
							xor 785
								2510
								2511
									3479 ?
										3759
								2512
									4061 ?
									4098 ?
							1573
							3212
						1178
						1179
					3..3 228
						1224
						1225
						1226
					mux 275
						1301
						1302
							4756
						1303
						4222
					xor 409
						1577
							3327
								4302
							4184 ?
						1578
							3336 ?
								3365
						1579
					xor 517
						1822
						1823
							3314 ?
						1824
							4938
					0..1 856
						3..4 896
							2826
								3167 ?
									3839
								4125
							2827
								3266
									4508 ?
							2828
							4492
						2710
							4008 ?
						2711
				xor 241
					0..3 272
						mux 291
							1334
							1335
								3359 ?
									3620 ?
							1336
						1294
						1295
					1248
						4062
					1249
			1001
				4233
				4761 ?
			1002
				3248
			3623
		xor 9
			mux 11
				1..3 12
					mux 31
						xor 53
							3..3 424
								1607
									3636
										4958
									3910
								1608
									3379 ?
								1609
								4906
							xor 465
								1698
									3936
								1699
									3846
								1700
							mux 951
								2987
									4775 ?
								2988
								2989
								3599
						xor 77
							1..2 88
								mux 103
									xor 301
										1..3 760
											or 902
												xor 945
													2969
													2970
													2971
													3160
												2843
													3540
												2844
												3390
											2439
												3519
											2440
										1354
											3213
										1355
											4258
											4739 ?
												4879
									2..2 576
										or 622
											xor 721
												or 882
													2784
														4924
													2785
													2786
												2329
													3904
												2330
													3499 ?
														4454 ?
														4482 ?
															4870
												3139
											2077
											2078
												3170 ?
										or 646
											2137
												3631
											2138
												3990 ?
											2139
												3646 ?
												3715 ?
												4328 ?
										0..1 820
											2609
												4665
											2610
											2611
									or 714
										2309
											3425 ?
												3892
										2310
										2311
									3612
										3944
											4423
								1..4 220
									or 954
										mux 983
											3082
											3083
											3084
												3526 ?
												4367
										2996
											3400 ?
											4365
										2997
									1210
										4046 ?
											4290
									1211
										4599 ?
									3800
								1044
									3239
							or 118
								mux 123
									xor 149
										mux 195
											1171
											1172
											1173
												3423
												3446 ?
													3549
											3940
										1105
										1106
									2..2 224
										1215
										1216
										1217
											3546 ?
										4506
									1076
								1073
									3719
								1074
								4808
							or 138
								xor 713
									2306
										4013 ?
									2307
									2308
								1092
								1093
							2..2 172
								or 334
									xor 401
										xor 609
											2043
											2044
												4146 ?
											2045
												3429
										xor 697
											2267
												3477
												3865
													4193
													4896
											2268
												3151 ?
											2269
										1562
									1417
									1418
								xor 441
									2..2 608
										2040
										2041
										2042
											4014
											4841 ?
									1647
									1648
										4298 ?
									4715
								1133
									4085
								4489
							2..2 700
								2272
									3849 ?
									4128 ?
								2273
								2274
									4081
										4204 ?
								3851
									4297
									4345 ?
						mux 135
							or 186
								or 338
									mux 623
										1..2 800
											2551
											2552
											2553
										2079
											3581 ?
										2080
									mux 799
										2548
											4519 ?
										2549
											4747
										2550
											3970
										3324
									1423
								1160
								1161
									3442 ?
								3407
							mux 223
								or 582
									1973
										3183
											4389
										4143 ?
									1974
										3558
										4036 ?
									1975
										3528 ?
								xor 741
									2386
									2387
										4260
											4693 ?
									2388
										3607 ?
											4292 ?
								mux 767
									2457
									2458
									2459
								1..2 832
									2644
									2645
									2646
							3..3 232
								1234
								1235
								1236
							or 250
								1..1 316
									1..3 500
										1781
										1782
											3887 ?
												3978
												4305 ?
										1783
											3298 ?
												3380 ?
												3756 ?
												3844 ?
												4129
												4900 ?
									mux 815
										2595
										2596
										2597
									1381
									3684
										4050
								xor 373
									1493
										3434
										4507 ?
									1494
										3135
										4512
									1495
								2..3 828
									2632
									2633
									2634
							4..4 280
								3..3 948
									2978
									2979
									2980
								1309
									4749
								1310
									3417
								4612
							1..2 964
								3025
								3026
								3027
								4887
						0..0 140
							or 354
								0..3 396
									1548
									1549
									1550
								0..0 564
									0..1 968
										3037
										3038
										3039
									1933
										3522
										4610 ?
									1934
									4532
								1454
									3318
								3401
							xor 417
								mux 443
									xor 505
										0..1 624
											or 906
												xor 949
													2981
													2982
														3764 ?
													2983
														3742
												2854
												2855
													3772 ?
												3726
											2081
											2082
										1796
										1797
											3539 ?
									3..3 692
										xor 925
											2910
												3941 ?
											2911
												4009 ?
											2912
										2255
											3497 ?
											4721 ?
										2256
										3466
											3760 ?
									1651
										4120 ?
											4629
											4774
									3391
								2..3 464
									xor 905
										2851
											3512 ?
										2852
											3403
										2853
											3256
												4075
									1696
									1697
										4563
								1593
								3962
									4394 ?
									4816 ?
							mux 447
								mux 887
									2799
									2800
									2801
								1658
									3824 ?
									4421
								1659
									3779
										4037
									4268 ?
							or 778
								2489
								2490
								2491
						0..3 292
							or 566
								1937
									4099
									4717 ?
										4984 ?
								1938
								1939
								3635
							mux 579
								1967
									3763 ?
								1968
								1969
							1337
							4618
						or 706
							2287
								3657
								3896 ?
									4977
							2288
							2289
						or 862
							2726
								3291
							2727
							2728
								3634
									4393 ?
								3955
								4051
							4741
						4180
					xor 473
						1719
						1720
							4161 ?
						1721
						3741
					1004
					3205
						3240
							4806 ?
							4905 ?
				mux 59
					0..1 72
						xor 109
							or 794
								2534
									3498 ?
								2535
								2536
							1065
								3913
							1066
						xor 349
							1442
								3284 ?
									3825
								3885 ?
							1443
							1444
								3586
						xor 861
							2723
							2724
							2725
								3194
									3217 ?
										4858 ?
									3622
							4330
					or 234
						or 818
							2603
								3916
							2604
							2605
							4866
						mux 855
							2707
								3297
									4970
							2708
							2709
						1238
					xor 709
						mux 931
							2927
							2928
								3150 ?
									4762 ?
							2929
							3744
						2295
						2296
						3138
					4763
				xor 97
					xor 129
						or 162
							3..3 456
								1678
								1679
									4494 ?
								1680
									4851 ?
							1119
							1120
						2..2 196
							0..2 360
								xor 677
									2215
										4536 ?
											4971
									2216
									2217
								1463
									4083 ?
										4379
									4395
								1464
							xor 745
								2397
									4247 ?
								2398
								2399
								3709
							1174
						3..3 996
							3119
								4173 ?
								4750
							3120
							3121
					or 142
						xor 541
							xor 797
								2543
									3476
								2544
									4676 ?
								2545
							1878
								3495 ?
							1879
						1096
						1097
						4910
					0..0 176
						or 294
							1..3 372
								1490
									4426
								1491
								1492
									3210 ?
										4917 ?
							xor 429
								1..3 952
									2990
										4470
									2991
										3426 ?
											4126
										3513
									2992
								1620
									3387
								1621
									3582 ?
							1340
								3648 ?
						xor 897
							or 998
								3125
								3126
									4189
								3127
									4055 ?
										4826 ?
									4904
									4991
								4607
							2829
								3283 ?
							2830
						1137
							3411
						4015
							4548
					xor 273
						0..3 560
							1924
							1925
								4547 ?
								4946
							1926
								4976 ?
						1296
						1297
							3416
								4263
									4652
				or 114
					1..3 120
						or 226
							1218
								3627
							1219
							1220
								4254 ?
						mux 279
							xor 561
								xor 841
									mux 943
										2963
											3931 ?
										2964
										2965
									2668
									2669
										4459 ?
								1..1 912
									2871
									2872
									2873
								1927
								3415
									3891 ?
							1307
							1308
							3743
						1..3 368
							0..4 548
								1893
								1894
								1895
								4074
									4903
							1480
							1481
						1..1 552
							1902
							1903
								4894 ?
							1904
							4931
						0..1 972
							3049
							3050
							3051
								3850
							4810
					mux 475
						1725
						1726
							4369 ?
						1727
						4491
					1070
						3903 ?
						4261 ?
					4783
				3..3 148
					mux 451
						xor 881
							2781
							2782
								4019
							2783
							3143
								4939 ?
						1667
							3688 ?
						1668
							3381
						3660
							4160 ?
					1103
					1104
						3405
							4170 ?
				xor 193
					mux 379
						mux 463
							xor 993
								3111
									3654 ?
								3112
								3113
									4281
									4568 ?
							1694
								3503 ?
									4177 ?
							1695
						1507
						1508
							3206
					xor 525
						0..1 584
							1978
							1979
							1980
								3668 ?
						or 930
							2924
							2925
							2926
						mux 963
							3022
								4743 ?
							3023
							3024
							4981
						4668
					1167
					4559
				mux 755
					2426
						3658
							4282
					2427
					2428
						3328 ?
							3588 ?
				3829
			1..2 188
				mux 227
					1221
					1222
					1223
						4089 ?
				2..3 764
					2449
					2450
					2451
				1162
			xor 237
				1242
				1243
				1244
			xor 629
				2093
				2094
				2095
			or 710
				2297
				2298
				2299
				3527
			xor 957
				3004
				3005
				3006
					3169
						3650
		xor 393
			1541
			1542
				3223 ?
				4534
				4635 ?
			1543
			3909
		xor 653
			2151
				3521
					3670 ?
					4058
			2152
				3543
					4431 ?
			2153
		xor 725
			2340
			2341
			2342
				4566 ?
			3633
		3993
			4758
		4549
	or 14 ?
		mux 139
			mux 851
				2695
					4127
				2696
				2697
			1094
			1095
		xor 597
			2009
			2010
			2011
				4182 ?
					4751 ?
		1006
			4990
	0..1 640
		2120
		2121
			3193
				4388 ?
			3468
				3596
				3968 ?
		2122
			3737
				4123 ?
	mux 647 ?
		mux 831
			2641
				3859
			2642
			2643
		1..2 916
			2883
			2884
			2885
				3663
		2140
			4018 ?
				4895
			4776
config: 0