abstract 0
	xor 1
		21
		22
		23
		24
		25
		26
		27
		28
		29
		30
		31
		32
		33
		34
		35
		36
		37
		38
		39
		40
		41
	or 2
		mux 3
			60
			61
				438 ?
			62
			63
			64
				494 ?
			65
			66
			67
			68
			69
			70
			71
			72
			73
			74
				495
			75
				475 ?
			76
			77
				463
			78
			79
			80
				443
		5..9 4
			or 6
				4..10 8
					155
					156
					157
					158
					159
					160
					161
					162
						483
							498 ?
					163
					164
					165
					166
					167
					168
					169
					170
					171
					172
					173
					174
					175
				or 10
					mux 19
						381
						382
						383
						384
							441 ?
						385
						386
							424
						387
						388
						389
						390
						391
						392
						393
						394
						395
						396
						397
						398
						399
							470
						400
						401
					195
					196
					197
					198
					199
					200
						472 ?
					201
					202
					203
					204
					205
						440
					206
					207
					208
						496
					209
						478 ?
							493 ?
					210
					211
					212
					213
						480
						490
					214
				5..17 16
					318
					319
					320
						428 ?
						436 ?
							465 ?
					321
						485 ?
					322
					323
					324
					325
					326
					327
					328
					329
					330
					331
					332
					333
					334
					335
					336
					337
					338
				119
				120
				121
				122
				123
				124
				125
				126
					484
				127
				128
				129
				130
				131
				132
					439
					479
				133
				134
				135
				136
			xor 9
				mux 11
					xor 17
						339
						340
						341
						342
						343
						344
						345
						346
						347
						348
							455 ?
						349
						350
						351
						352
						353
						354
						355
						356
						357
							456 ?
						358
						359
						426
							477 ?
					215
						500
					216
						449 ?
					217
					218
					219
					220
					221
					222
					223
					224
						461
					225
					226
					227
					228
					229
					230
					231
					232
					233
					234
				or 14
					277
					278
					279
						457 ?
					280
					281
					282
					283
					284
					285
					286
					287
						488 ?
					288
					289
					290
					291
						447
					292
					293
					294
					295
					296
					297
				176
				177
				178
				179
				180
					435
				181
				182
					444 ?
				183
				184
				185
				186
				187
				188
					464 ?
				189
					430
					434 ?
				190
					462
				191
				192
					448 ?
				193
				194
			81
			82
				469 ?
					497
			83
			84
			85
			86
			87
			88
			89
			90
			91
			92
			93
			94
			95
			96
			97
			98
			99
		xor 5
			mux 7
				xor 13
					256
						429 ?
					257
					258
					259
					260
					261
					262
					263
					264
					265
					266
					267
						425
					268
					269
					270
					271
					272
					273
					274
					275
					276
				mux 15
					or 18
						360
						361
						362
							473 ?
						363
						364
							459 ?
						365
							492 ?
						366
						367
							487
						368
						369
							486
						370
						371
						372
						373
						374
						375
						376
						377
							471 ?
						378
						379
						380
					298
						466 ?
					299
					300
					301
					302
					303
					304
					305
					306
					307
					308
					309
					310
					311
					312
					313
					314
					315
					316
					317
				0..3 20
					402
						454
					403
					404
						427 ?
					405
					406
						437
							489 ?
					407
					408
					409
					410
						423
					411
					412
					413
					414
					415
					416
					417
					418
						446
							468 ?
								481 ?
						451
							467 ?
					419
						460 ?
					420
					421
						491
					422
				137
				138
				139
				140
				141
				142
					442
				143
					474 ?
				144
				145
					482
				146
				147
					476
				148
				149
				150
					445
					452
				151
				152
				153
				154
			0..7 12
				235
				236
					433 ?
				237
				238
				239
					499 ?
				240
				241
				242
				243
				244
				245
				246
				247
				248
				249
				250
					453 ?
				251
				252
				253
				254
				255
			100
			101
			102
			103
				458
			104
			105
				431
			106
			107
				450
			108
			109
			110
			111
			112
			113
			114
			115
			116
			117
			118
		42
		43
		44
		45
		46
		47
		48
		49
		50
		51
		52
		53
		54
		55
		56
			432 ?
		57
		58
		59
config: 0