abstract 0
	mux 1
		5..6 2
			mux 3
				0..1 8
					mux 15
						2..3 20
							161
							162
							163
						0..1 34
							mux 112
								365
								366
								367
							184
								497
							185
						2..2 38
							mux 81
								mux 144
									453
									454
									455
								286
								287
								487
							192
							193
						mux 65
							244
							245
							246
						mux 133
							421
							422
							423
							491
					mux 59
						230
						231
						232
					152
				mux 17
					mux 35
						mux 49
							mux 137
								433
								434
								435
									494 ?
							213
							214
						1..4 88
							mux 136
								430
								431
								432
							302
							303
							483
						186
					1..3 78
						278
						279
						280
					158
				151
			mux 7
				0..2 10
					mux 11
						mux 39
							0..1 44
								mux 99
									mux 119
										mux 122
											389
											390
											391
										mux 143
											450
											451
											452
										384
									mux 131
										415
										416
										417
									332
								mux 118
									381
									382
									383
								205
							mux 117
								378
								379
								380
							194
						2..3 40
							195
							196
							197
						mux 51
							0..1 68
								253
								254
								255
							1..2 74
								mux 105
									mux 113
										368
										369
										370
									347
									348
								271
								272
							216
					mux 114
						mux 142
							447
								479 ?
							448
							449
						371
						372
					155
				mux 89
					304
					305
					306
				mux 129
					409
					410
					411
				mux 130
					412
					413
					414
			0..3 18
				mux 53
					219
					220
					221
				159
				160
			mux 25
				mux 43
					202
					203
					204
					482
				mux 97
					326
					327
					328
				168
			mux 57
				0..2 86
					0..1 92
						mux 95
							321
							322
							323
							475
						313
						314
							477
					297
					298
				227
				228
			2..3 70
				259
				260
					481
				261
			mux 79
				281
				282
				283
			1..1 84
				291
				292
				293
		mux 13
			mux 29
				173
				174
				175
			mux 37
				189
				190
				191
			1..3 94
				318
				319
				320
		mux 21
			mux 110
				360
				361
				362
					490 ?
			164
			165
		mux 55
			3..3 72
				265
				266
				267
			mux 108
				mux 125
					398
					399
					400
				355
				356
			223
		mux 69
			256
			257
			258
		mux 73
			268
			269
			270
	0..3 4 ?
		mux 5
			0..1 30
				mux 45
					206
					207
					208
				176
					500
				177
			mux 47
				mux 128
					mux 148
						465
							492
						466
						467
					407
					408
				209
				210
			mux 71
				262
				263
				264
			mux 103
				342
				343
				344
		1..2 6
			3..3 12
				mux 63
					239
					240
					241
				mux 132
					418
					419
					420
				156
					476
			0..2 14
				0..2 24
					0..1 80
						mux 147
							462
							463
							464
						284
						285
					mux 115
						mux 141
							444
							445
							446
						373
						374
					167
				1..1 32
					1..2 76
						mux 116
							375
							376
							377
						mux 135
							427
							428
							429
						276
					180
						486 ?
					181
				mux 67
					250
					251
					252
			2..4 52
				mux 83
					mux 87
						299
						300
						301
					mux 126
						401
						402
						403
					290
				217
				218
				478
		1..3 16
			mux 41
				2..2 56
					224
					225
					226
					493
				198
				199
			mux 138
				436
				437
				438
			157
		mux 19
			mux 77
				mux 107
					352
					353
					354
				mux 149
					468
					469
						474 ?
					470
				277
					484 ?
			mux 127
				404
				405
				406
			mux 134
				424
				425
				426
		2..2 22
			2..3 64
				mux 85
					294
					295
					296
				242
				243
			0..2 100
				333
					485 ?
				334
				335
			166
		0..3 36
			mux 102
				339
				340
				341
			187
			188
	mux 9 ?
		mux 104
			mux 120
				mux 124
					395
					396
					397
				mux 146
					459
					460
					461
				385
			345
			346
		153
		154
	mux 23 ?
		1..1 42
			3..3 82
				3..3 96
					mux 121
						386
						387
						388
					324
					325
				288
				289
			200
			201
		0..3 48
			0..2 50
				mux 109
					357
					358
					359
				mux 111
					mux 139
						439
							495 ?
						440
						441
					363
					364
					480
				215
			211
			212
		1..3 54
			2..2 90
				307
				308
				309
			0..3 98
				329
				330
				331
			222
		2..3 60
			2..2 62
				236
				237
				238
					488
			mux 93
				315
				316
				317
			mux 145
				456
				457
				458
			499
	0..3 26
		2..2 28
			mux 33
				mux 75
					273
					274
					275
				182
				183
			171
			172
		169
		170
	mux 27 ?
		mux 31
			mux 140
				mux 150
					471
						498 ?
					472
					473
				442
				443
			178
			179
		0..3 46
			mux 61
				233
				234
				235
			3..3 66
				247
				248
				249
					496
			mux 123
				392
				393
				394
		mux 91
			310
			311
			312
	0..2 58 ?
		mux 101
			336
			337
			338
		mux 106
			349
			350
			351
		229
			489 ?
config: 0