abstract 0
	xor 1 ?
		or 2
			xor 5
				or 22
					142
					143
					144
						472 ?
					416
				128
				129
					399 ?
					467 ?
			0..1 20
				2..2 76
					255
					256
						437 ?
					257
						428
				139
				140
					495 ?
			0..0 48
				191
				192
				193
					431
				404
			0..1 118
				373
				374
					401 ?
					451
				375
		or 6
			0..2 8
				xor 13
					or 26
						150
						151
						152
					mux 39
						xor 69
							239
							240
								491
							241
						1..3 107
							340
							341
							342
						174
					134
				xor 25
					147
					148
					149
				xor 85
					0..1 115
						364
							398
						365
							475
						366
					279
					280
						452
					482
				0..3 105
					334
					335
					336
			130
			131
				407 ?
		xor 9
			0..0 24
				mux 71
					mux 87
						0..1 117
							370
							371
								487
									493
							372
							427
						284
						285
							492 ?
					244
					245
						421 ?
				145
				146
				433
			xor 29
				0..2 36
					or 54
						0..2 64
							1..4 124
								390
									479 ?
								391
								392
								414
							226
							227
						203
						204
					xor 65
						228
						229
							425 ?
						230
					168
						498
					423
						473
				or 50
					mux 55
						205
						206
						207
					or 82
						271
						272
						273
							463 ?
					195
				157
				443
			0..2 60
				1..2 109
					346
					347
					348
				216
					441 ?
				217
					435 ?
			4..4 68
				236
				237
					403 ?
				238
				466
		0..2 16
			xor 33
				xor 73
					xor 93
						301
						302
						303
					2..4 121
						381
						382
							418
						383
						412
					0..3 125
						393
							490 ?
						394
						395
				or 98
					316
						458 ?
					317
					318
					406
				164
				396
			0..4 92
				298
				299
				300
					484
				408
			1..1 96
				310
					483
				311
					459 ?
				312
		xor 77
			1..3 108
				343
				344
				345
			258
			259
		429
	mux 3 ?
		1..4 4
			mux 15
				mux 43
					180
					181
					182
				0..2 72
					246
					247
					248
					448
				135
			126
			127
			402
				424 ?
		mux 7
			or 10
				mux 35
					165
					166
					167
				mux 91
					295
						430
							457
								476 ?
					296
						426
							471
					297
				132
					397 ?
			mux 11
				mux 31
					0..1 32
						161
						162
							445 ?
						163
							469
					mux 47
						188
						189
						190
					xor 49
						mux 67
							233
							234
							235
							449
						mux 95
							307
							308
							309
						194
				mux 59
					213
					214
					215
				133
			xor 17
				mux 19
					1..2 28
						0..3 40
							or 58
								210
								211
								212
							3..3 123
								387
								388
								389
							175
							462
						155
						156
						438
					1..3 56
						or 70
							1..1 80
								265
									500
								266
								267
							242
							243
						or 78
							1..2 102
								325
								326
									497
								327
									480 ?
									486 ?
							260
							261
						1..1 106
							337
								461 ?
							338
							339
					or 74
						249
						250
						251
						496
					xor 89
						289
							434 ?
						290
						291
				136
				137
					488 ?
			mux 63
				223
				224
				225
			xor 81
				268
				269
					420
				270
					417
			3..3 84
				276
				277
					464 ?
				278
					477 ?
				447
		1..2 12
			or 18
				xor 21
					mux 27
						mux 83
							2..2 101
								322
								323
								324
									444 ?
										468 ?
											474 ?
							274
							275
						153
						154
					1..2 110
						349
						350
							470 ?
						351
					141
				xor 41
					176
					177
					178
				138
			1..2 44
				mux 51
					196
						422
					197
					198
						415 ?
				183
				184
			or 46
				1..2 116
					367
					368
						419
					369
				186
				187
			xor 57
				or 90
					292
					293
					294
				208
					481
				209
			or 62
				220
				221
				222
				478
		or 14
			or 30
				158
				159
					450 ?
				160
			xor 45
				or 66
					0..3 114
						361
						362
						363
					231
					232
				2..3 120
					378
					379
					380
						499
				185
			xor 61
				mux 75
					252
						453 ?
					253
					254
						494
					465
				218
				219
			mux 79
				262
				263
					446
					455 ?
				264
			0..4 119
				3..3 122
					384
					385
					386
				376
					454 ?
				377
				439
		or 34
			xor 37
				or 42
					xor 97
						313
						314
						315
					0..2 104
						331
							405
						332
						333
					179
				169
				170
					410 ?
			or 86
				281
					432
				282
				283
			mux 99
				0..0 103
					328
					329
						442 ?
							456 ?
					330
					413
				1..2 113
					358
					359
					360
				319
			0..0 111
				352
				353
				354
				411
	mux 23 ?
		or 38
			171
			172
			173
				489
		xor 53
			0..3 100
				1..3 112
					355
					356
					357
				320
				321
			201
			202
				440 ?
		1..1 88
			286
			287
				436 ?
					460 ?
			288
	1..1 52 ?
		or 94
			304
			305
			306
				485 ?
		199
		200
			409
	400 ?
config: 0