abstract 0
	mux 1 ?
		mux 2
			mux 4
				mux 5
					92
						494 ?
					93
					94
					95
						345
					96
						328
						409
					97
					98
					99
						322
					100
						444 ?
					101
					102
					103
					104
						429 ?
					105
					106
						320 ?
					107
					108
					109
					110
					111
					112
				72
				73
					481 ?
				74
				75
				76
				77
					388
				78
				79
				80
				81
					389
				82
				83
				84
					353
					430 ?
					448
				85
					445
				86
				87
				88
				89
				90
				91
					447 ?
			mux 11
				mux 13
					mux 14
						276
						277
							355 ?
						278
							338
								342
								395 ?
									415 ?
								456 ?
							359
								496 ?
								498
						279
							390 ?
						280
							361 ?
							404
						281
						282
							358 ?
								419
						283
							327 ?
							329 ?
						284
						285
						286
						287
						288
						289
						290
							480 ?
						291
						292
						293
						294
						295
						296
					256
						457
					257
					258
					259
					260
						461 ?
					261
					262
					263
						341
							385
					264
					265
					266
					267
					268
					269
					270
						369
							431 ?
								488
								492
					271
					272
						375 ?
					273
						362 ?
							391
						400 ?
							475
					274
						396 ?
						463 ?
					275
					356
				215
				216
					348
						469
							483
				217
					420 ?
				218
				219
				220
					399 ?
				221
					495 ?
				222
					332
						422
				223
				224
					365 ?
					366 ?
				225
				226
				227
				228
				229
					349 ?
				230
				231
				232
					339
					376 ?
				233
				234
			36
			37
				402 ?
			38
				347 ?
			39
				394
				435
			40
			41
			42
				436 ?
				477 ?
			43
			44
			45
			46
			47
			48
			49
			50
				462 ?
				466 ?
			51
			52
			53
				427
			54
		16
		17
		18
		19
			323
				455
		20
		21
		22
		23
			412 ?
		24
		25
		26
			398 ?
		27
		28
			442 ?
		29
		30
			377
		31
		32
		33
		34
			384
			410 ?
		35
			381
	mux 3 ?
		mux 6
			mux 9
				173
				174
				175
					465
				176
				177
				178
				179
					354
				180
				181
				182
					331
				183
				184
				185
				186
				187
					343
				188
				189
					374
					472
				190
				191
				192
				193
			mux 10
				194
				195
				196
					336
				197
				198
					484 ?
				199
					318
						368
				200
				201
					474
				202
					379
						468 ?
				203
				204
					411 ?
				205
					423
				206
					416
				207
				208
				209
				210
				211
				212
				213
				214
			113
				452
			114
			115
				453 ?
				460 ?
			116
			117
				326 ?
			118
			119
				401
			120
			121
			122
			123
				493 ?
			124
			125
			126
			127
			128
				425
			129
			130
				370 ?
					426
			131
				408
				428
			321
		mux 7
			mux 15
				297
				298
				299
				300
					478 ?
				301
					325
				302
					482
				303
					386 ?
					458
				304
				305
				306
				307
					387
				308
				309
					363
				310
				311
					380
				312
				313
					371 ?
						382
				314
				315
				316
					351
					459 ?
				317
					421
			132
			133
			134
			135
				393 ?
			136
				450
			137
			138
			139
				333 ?
			140
			141
				441 ?
				454 ?
				479 ?
			142
				324 ?
					467 ?
				334 ?
				360
					489 ?
				449 ?
				476 ?
			143
				373
				486 ?
			144
				443 ?
			145
				437
			146
			147
			148
			149
			150
			151
		mux 8
			152
			153
			154
			155
			156
			157
			158
			159
			160
			161
				487
			162
				392
					434
			163
			164
				378 ?
			165
				413
				414 ?
			166
			167
			168
				397
			169
				432
			170
				439
			171
			172
				367
					372
						433
							446
							473 ?
					403
		mux 12
			235
				405
			236
			237
			238
				438
			239
				319
				424 ?
				470
				500 ?
			240
				330
			241
				344
					485 ?
					497
			242
			243
				357
				471
			244
			245
			246
				440
			247
				346
				418 ?
					499
			248
			249
			250
			251
			252
			253
			254
			255
				407
		55
			451 ?
		56
			406 ?
		57
		58
		59
		60
			364 ?
		61
			340
				383 ?
		62
		63
		64
		65
			464
		66
			337 ?
		67
		68
		69
			350 ?
			352
				490
			417
		70
		71
			335
			491
config: 0