abstract 0
	3..3 1
		2..2 4
			154
			155
			156
		151
		152
	1..3 2 ?
		0..3 6
			0..1 15
				0..1 19
					2..3 124
						395
						396
						397
					169
					170
				4..4 36
					2..3 139
						439
						440
						441
					193
					194
						496
					491
				0..1 41
					2..2 46
						1..3 61
							1..1 63
								246
								247
									485 ?
								248
							241
							242
						1..1 126
							400
							401
							402
						211
					3..3 74
						0..2 87
							2..2 118
								378
								379
								380
							296
							297
						270
						271
					0..2 110
						1..3 125
							1..1 144
								454
								455
								456
							398
							399
						1..3 129
							409
							410
							411
						357
					1..1 130
						412
						413
						414
				0..2 43
					0..3 115
						369
						370
						371
					1..2 148
						465
						466
						467
					205
			2..2 27
				1..1 35
					3..3 72
						0..1 95
							2..2 134
								424
								425
								426
							316
							317
						267
						268
					191
					192
						483
					494
				3..3 42
					0..3 94
						313
						314
						315
					203
					204
						492
				2..2 45
					208
					209
					210
			159
		0..2 29
			178
			179
			180
		153
	3..6 3
		2..2 5
			0..1 8
				2..3 17
					166
					167
					168
				3..3 22
					1..2 26
						1..1 62
							243
							244
							245
						176
						177
					2..2 34
						188
						189
						190
					2..3 55
						229
						230
						231
					0..3 108
						352
						353
							474 ?
						354
					1..1 136
						430
						431
						432
				2..2 105
					343
					344
					345
				3..3 122
					3..3 138
						436
						437
						438
					390
					391
			157
			158
		0..3 7
			0..3 25
				2..3 77
					1..1 111
						358
							478
						359
						360
					3..3 120
						384
						385
						386
					276
				0..1 119
					381
					382
					383
				175
					493 ?
			160
			161
		1..2 10
			1..1 33
				0..1 106
					346
					347
					348
				186
				187
			1..2 83
				285
				286
				287
			3..3 97
				321
				322
				323
			0..2 98
				324
				325
				326
			1..3 100
				329
				330
				331
		0..3 12
			2..3 67
				1..2 109
					3..3 137
						433
							488 ?
						434
						435
					355
					356
				256
				257
			164
			165
		1..2 16
			2..3 20
				0..1 21
					1..3 23
						1..1 38
							0..1 68
								2..3 84
									288
									289
									290
								3..3 86
									0..1 140
										442
										443
										444
									294
									295
								258
							196
							197
						1..1 69
							259
							260
							261
						0..1 73
							0..1 75
								1..1 92
									308
									309
									310
										482
								272
								273
									481
							0..1 88
								298
								299
								300
							269
						2..3 135
							427
							428
							429
					1..3 30
						181
						182
						183
					172
				0..1 64
					249
					250
					251
				171
			1..1 24
				0..3 107
					349
					350
					351
				173
				174
			1..2 37
				0..2 49
					3..3 56
						2..2 59
							1..3 102
								0..3 147
									462
									463
									464
								335
								336
							237
							238
						2..2 79
							2..3 112
								2..3 133
									421
									422
									423
								361
								362
							277
							278
						232
					0..1 99
						0..3 143
							451
							452
								498 ?
							453
							476
						327
						328
					216
					486
				2..3 53
					0..2 127
						403
						404
						405
							499
					226
					227
				195
					477
						487
			0..3 91
				305
				306
				307
		2..2 48
			2..3 50
				217
				218
				219
			0..2 141
				445
				446
				447
			215
				480 ?
	4..4 9 ?
		1..1 28
			2..2 58
				0..2 150
					471
					472
					473
				235
				236
			1..1 113
				363
				364
					500
				365
					490
			0..2 116
				372
				373
				374
		1..1 44
			0..1 47
				212
				213
				214
			206
			207
		0..1 54
			2..3 65
				2..3 123
					392
					393
					394
				252
				253
			1..2 117
				375
				376
				377
			228
		0..3 70
			262
			263
			264
	2..2 11 ?
		0..3 81
			280
			281
				489 ?
			282
				495
		162
		163
		484
	1..2 13 ?
		0..1 40
			200
				475
			201
			202
		1..2 85
			291
			292
			293
		1..1 131
			415
			416
			417
	3..3 14
		1..1 18
			1..1 31
				1..2 32
					1..1 71
						0..1 121
							387
							388
							389
						265
						266
					184
					185
				3..3 57
					0..3 60
						3..3 78
							0..3 90
								3..3 103
									337
									338
									339
								303
								304
							2..4 96
								318
								319
								320
								497
							3..3 128
								406
								407
								408
						239
						240
					233
					234
				3..3 82
					1..2 89
						1..1 132
							418
							419
							420
						301
						302
					283
					284
			3..3 51
				220
				221
				222
			2..2 52
				223
				224
				225
			1..2 142
				448
				449
				450
					479
		0..1 39
			1..1 76
				0..3 93
					1..1 104
						340
						341
						342
					311
					312
				274
				275
			198
			199
		1..3 145
			2..2 149
				468
				469
				470
			457
			458
		1..1 146
			459
			460
			461
	3..3 66
		0..1 80
			0..3 101
				332
				333
				334
			1..3 114
				366
				367
				368
			279
		254
		255
config: 0