abstract 0
	mux 1 ?
		mux 2
			151
			152
			153
		mux 3
			mux 5
				mux 14
					mux 16
						mux 56
							226
							227
							228
						mux 75
							276
							277
							278
						mux 126
							402
							403
							404
					mux 18
						mux 53
							mux 58
								232
								233
								234
							mux 101
								336
								337
								338
							221
						mux 115
							370
							371
							372
						163
					mux 20
						mux 33
							mux 72
								268
								269
								270
							179
							180
						mux 73
							mux 103
								341
								342
								343
							271
							272
						mux 92
							mux 125
								399
								400
								401
							312
							313
								478
					mux 34
						mux 39
							mux 49
								mux 148
									466
									467
									468
									492
								210
								211
							mux 57
								229
								230
								231
							192
						mux 147
							463
							464
							465
						181
					mux 47
						205
						206
						207
				mux 36
					mux 64
						245
						246
						247
					184
					185
				154
			mux 7
				mux 24
					mux 54
						222
						223
						224
					mux 78
						280
						281
						282
					mux 100
						mux 119
							381
							382
							383
						334
						335
				mux 26
					167
					168
					169
				mux 27
					mux 70
						262
						263
						264
					170
					171
				mux 48
					mux 146
						460
						461
						462
					208
					209
				mux 111
					361
					362
					363
			mux 10
				mux 13
					mux 81
						288
						289
						290
					mux 82
						mux 123
							393
							394
							395
						291
						292
					mux 127
						405
						406
						407
				158
				159
					483
			mux 17
				mux 29
					mux 40
						mux 51
							215
							216
							217
						mux 71
							265
							266
							267
						193
					mux 76
						mux 79
							283
							284
							285
						mux 90
							mux 104
								344
									484 ?
								345
								346
							mux 120
								384
								385
								386
									488 ?
							mux 144
								454
								455
								456
							479
						279
					mux 87
						mux 113
							366
							367
							368
						302
						303
					mux 95
						319
						320
						321
				mux 31
					mux 121
						387
						388
							490 ?
						389
					176
					177
				mux 86
					299
					300
						475 ?
					301
				mux 99
					331
					332
					333
				mux 124
					396
					397
					398
			mux 46
				mux 135
					428
					429
					430
				mux 143
					451
					452
					453
				204
				487
			mux 55
				mux 94
					316
					317
						481 ?
						493 ?
					318
				mux 130
					mux 145
						457
						458
						459
					414
					415
				225
			mux 83
				293
				294
				295
			mux 133
				422
				423
				424
		mux 6
			mux 19
				mux 22
					mux 142
						448
							491 ?
						449
						450
					164
					165
				mux 45
					mux 66
						251
						252
						253
					mux 77
						mux 89
							307
							308
							309
						mux 136
							431
							432
							433
						mux 139
							439
							440
							441
					203
				mux 98
					328
					329
					330
			mux 37
				186
				187
					497
						500 ?
				188
			mux 38
				189
				190
				191
			mux 80
				mux 128
					408
					409
					410
				286
				287
		mux 41
			194
			195
			196
		mux 44
			200
			201
			202
	mux 4
		mux 8
			mux 12
				mux 21
					mux 35
						mux 61
							mux 74
								273
								274
								275
							mux 88
								304
								305
								306
							mux 96
								322
								323
								324
							mux 114
								mux 122
									390
									391
									392
								mux 140
									442
									443
									444
								369
						182
						183
					mux 43
						mux 84
							mux 102
								mux 137
									434
									435
									436
								339
								340
							296
							297
						198
						199
					mux 52
						218
						219
						220
						477
				mux 23
					mux 42
						mux 65
							248
							249
							250
						mux 68
							mux 97
								325
								326
								327
							257
							258
						197
							494
					mux 50
						212
						213
						214
						496
					166
				mux 30
					mux 112
						mux 134
							425
							426
							427
						364
							476 ?
						365
					174
					175
			mux 69
				259
				260
				261
					486
			mux 105
				347
				348
				349
					495
			mux 129
				411
				412
				413
		mux 9
			155
			156
			157
		mux 93
			mux 150
				472
				473
				474
			314
			315
	mux 11 ?
		mux 15
			mux 141
				445
					485 ?
				446
				447
			161
			162
				498 ?
		mux 85
			mux 106
				350
				351
				352
				480
			mux 110
				mux 132
					419
					420
					421
				359
				360
			298
		160
	mux 25 ?
		mux 32
			mux 63
				242
				243
				244
			mux 116
				373
				374
				375
			178
		mux 107
			mux 117
				mux 138
					mux 149
						469
						470
						471
						482
					437
					438
				376
				377
					499 ?
			mux 118
				378
				379
				380
			353
		mux 108
			mux 131
				416
				417
				418
			354
			355
	mux 28
		mux 62
			mux 67
				254
				255
				256
			240
			241
		172
			489
		173
	mux 59 ?
		mux 91
			mux 109
				356
				357
				358
			310
			311
		235
		236
	mux 60
		237
		238
		239
config: 0