abstract 0
	xor 1 ?
		or 2
			mux 7
				xor 17
					or 22
						0..2 24
							mux 35
								178
									482
								179
								180
							or 38
								1..1 40
									188
									189
									190
								mux 71
									250
									251
									252
										498 ?
								mux 87
									1..3 120
										378
										379
										380
									292
									293
							mux 39
								mux 55
									2..3 72
										253
										254
										255
									215
									216
								186
								187
						165
						166
					or 50
						209
						210
						211
					or 66
						239
						240
							495 ?
						241
				or 94
					309
					310
					311
				mux 117
					370
					371
					372
			or 14
				155
				156
				157
				488
			or 30
				1..3 48
					or 74
						3..3 124
							390
							391
								486 ?
							392
						2..3 144
							449
							450
							451
								474
								490
						259
						475
					mux 125
						393
						394
						395
					205
				or 82
					0..3 142
						444
						445
						446
					278
					279
				xor 93
					306
					307
					308
			xor 37
				mux 59
					mux 133
						417
						418
						419
					0..3 138
						432
						433
						434
					225
				184
				185
			xor 81
				mux 113
					359
					360
					361
				276
				277
			491
		mux 3
			0..2 4
				3..3 32
					3..3 84
						283
						284
						285
					173
					174
				xor 41
					mux 111
						353
						354
						355
					191
					192
				or 90
					298
					299
					300
			1..2 8
				2..2 12
					xor 13
						0..2 36
							181
							182
							183
						mux 99
							mux 131
								411
								412
								413
							322
							323
						mux 107
							343
							344
							345
					xor 33
						mux 79
							270
							271
							272
						175
						176
					0..3 128
						402
						403
						404
				xor 25
					mux 27
						mux 109
							mux 139
								435
								436
								437
							349
							350
						168
						169
					or 42
						mux 47
							202
							203
							204
						193
						194
					or 62
						229
						230
						231
				xor 29
					xor 57
						220
						221
						222
						489
					171
					172
				xor 69
					2..2 76
						262
						263
						264
					246
						496 ?
					247
				2..3 80
					273
					274
					275
			or 18
				2..4 20
					1..1 52
						1..3 56
							217
							218
							219
						mux 75
							mux 147
								458
								459
								460
							260
							261
						3..4 104
							1..2 150
								467
								468
								469
							335
								493
							336
							471
					xor 53
						or 86
							289
							290
							291
						mux 121
							381
							382
							383
						212
					or 58
						mux 101
							327
							328
							329
							478
						223
						224
					mux 67
						242
						243
						244
						484
					xor 97
						317
						318
						319
				or 26
					2..2 28
						xor 45
							xor 49
								206
								207
								208
							1..1 68
								3..3 102
									330
									331
									332
								1..3 108
									346
									347
										477
											483
											497
									348
								245
							198
						mux 83
							280
							281
								476 ?
							282
						170
					mux 63
						1..4 130
							408
							409
							410
								487 ?
							485
						232
						233
					167
				161
			xor 61
				3..3 100
					324
					325
					326
				2..2 114
					mux 127
						399
						400
						401
					362
					363
				228
		xor 9
			0..2 64
				0..2 116
					367
					368
					369
				234
				235
			1..3 110
				mux 149
					464
					465
					466
				351
				352
			152
		mux 11
			1..2 44
				3..3 60
					0..1 88
						mux 105
							337
							338
							339
						mux 141
							441
							442
							443
						294
					226
					227
				xor 65
					236
					237
					238
				197
			153
			154
		mux 19
			mux 43
				or 78
					mux 115
						364
						365
						366
							473
					268
						479 ?
					269
				195
				196
			0..2 112
				356
				357
				358
			162
		mux 51
			or 70
				mux 129
					405
					406
						470
					407
				248
				249
			mux 119
				1..2 132
					414
					415
						494
					416
				376
				377
			0..2 146
				455
				456
				457
		2..2 96
			314
			315
			316
		mux 123
			387
			388
			389
	xor 5 ?
		or 10
			0..3 16
				mux 23
					mux 31
						or 34
							or 46
								199
								200
								201
							xor 89
								295
								296
									472
								297
							177
							500
						xor 77
							265
							266
							267
							499
						mux 135
							423
							424
							425
					or 54
						xor 73
							256
							257
							258
						213
						214
					1..2 136
						426
						427
						428
					0..3 140
						438
						439
						440
				159
				160
				492
			2..2 92
				303
				304
				305
			3..3 134
				420
				421
				422
		xor 85
			286
			287
			288
		mux 95
			mux 137
				429
				430
				431
			312
			313
		1..3 106
			340
			341
			342
	or 6
		xor 21
			1..3 126
				396
				397
				398
			163
			164
		0..2 122
			384
			385
			386
		151
	mux 15 ?
		mux 91
			or 98
				0..3 118
					373
					374
					375
				320
				321
			301
			302
		0..3 148
			461
			462
			463
		158
			480
	mux 103
		mux 143
			mux 145
				452
				453
				454
					481 ?
			447
			448
		333
		334
config: 0