abstract 0
	xor 1 ?
		or 2
			xor 65
				mux 75
					244
						349
							362
								478
							470
								492 ?
					245
					246
						454 ?
				mux 83
					266
						491 ?
					267
					268
				219
					391 ?
						481
							496 ?
			101
			102
				403
				440
			418
		mux 7
			or 58
				mux 59
					201
					202
					203
				199
					332 ?
						339 ?
						431
				200
				389
			106
			107
				337
				360
				466
		xor 9
			xor 13
				112
				113
					421 ?
				114
			xor 25
				or 30
					xor 45
						172
						173
							334
							438 ?
						174
					137
					138
				127
				128
				343
					487 ?
			108
				344
		mux 11
			3..3 12
				xor 37
					xor 49
						3..3 76
							247
								486 ?
							248
								385
									428
							249
						or 86
							xor 93
								295
								296
									452 ?
								297
							275
							276
						mux 95
							301
							302
							303
						or 98
							310
								408 ?
							311
								399 ?
							312
							434
						1..4 100
							316
								396 ?
							317
							318
								451
							321
					154
					155
					394
				110
				111
			xor 17
				xor 21
					0..0 24
						124
							336 ?
								345 ?
									489
								359
						125
							410 ?
								446 ?
							419 ?
							490
						126
							320 ?
								463
									484 ?
						319
					0..2 28
						2..3 80
							258
							259
							260
						132
						133
						462
					xor 73
						238
							346 ?
						239
						240
					xor 77
						250
							488 ?
							493
						251
						252
							405 ?
						406
							415 ?
					mux 91
						289
						290
						291
							378 ?
								449
					382
				xor 33
					143
					144
						437 ?
					145
						390 ?
							412 ?
								433
				mux 55
					xor 85
						272
						273
						274
					192
					193
					361
			mux 47
				176
					351
						384
				177
				178
					420
			328
		mux 19
			or 26
				or 94
					298
					299
					300
				129
					322 ?
						347 ?
					331
					380 ?
				130
				479
			mux 31
				or 66
					220
					221
					222
						386
							476 ?
								483
					411
				139
					395 ?
					407 ?
				140
					416
						455 ?
			1..1 32
				or 62
					210
						356
					211
						409 ?
					212
				141
				142
					473
			mux 63
				213
					388 ?
					413 ?
				214
					426 ?
				215
		mux 27
			or 50
				2..3 84
					269
					270
						414 ?
						469
					271
						460
				180
				181
					353
						387
			3..3 68
				or 70
					0..3 72
						235
						236
							370 ?
								471
									494
							436
						237
							393 ?
							444 ?
					231
					232
						376 ?
							474
						461
				226
				227
					348 ?
			131
		or 42
			164
				352
			165
			166
				458 ?
		mux 67
			223
			224
			225
				375 ?
			381
		xor 81
			or 90
				286
				287
				288
					429 ?
					439
					485 ?
			261
			262
				366 ?
					445 ?
			383
				400 ?
		423
			482 ?
	mux 3 ?
		2..2 4
			or 14
				or 38
					156
					157
						477
					158
				3..3 52
					184
					185
					186
				115
				340
					357 ?
					450 ?
					480 ?
			or 46
				0..2 96
					304
					305
					306
						350 ?
				mux 99
					313
					314
					315
					404
				175
			2..2 48
				xor 53
					187
					188
						358
						456 ?
					189
				or 78
					xor 89
						283
						284
						285
					253
						368
							453
					254
				179
				495
			0..4 60
				204
				205
				206
				367
		or 10
			mux 15
				2..3 16
					0..1 20
						xor 29
							134
								448
							135
							136
						1..1 36
							151
								365 ?
									435 ?
							152
								379
							153
							417
						mux 71
							or 82
								263
								264
								265
									354 ?
							233
							234
								342
								355 ?
					0..3 64
						216
							401 ?
						217
						218
					118
					397
				116
				117
				326
					465 ?
			mux 43
				mux 79
					255
					256
					257
						363
				167
				168
			109
		or 34
			146
				402
			147
			148
				424
		xor 97
			307
				425
			308
			309
	xor 5
		3..4 8
			or 22
				120
				121
				122
					325 ?
						472
			mux 35
				mux 39
					or 54
						xor 61
							207
							208
								475 ?
							209
						190
						191
					159
					160
						442
				149
					430 ?
				150
					341 ?
				329
					497
			xor 69
				228
				229
					432
				230
					369
				338
					398
						498 ?
			422
		or 18
			0..0 40
				xor 41
					161
						499 ?
					162
					163
					330
				or 74
					241
					242
					243
					335
				mux 87
					277
					278
						323 ?
							427
					279
					333
				2..3 92
					292
					293
						457
					294
						324
							364 ?
								392
			xor 57
				196
					441 ?
				197
				198
					377
				468
			119
			443
		mux 23
			0..2 44
				169
				170
				171
			mux 51
				2..2 56
					1..2 88
						280
						281
						282
						371
							374
								447
									464
										500
					194
						459 ?
					195
				182
				183
				373
			123
		372
	or 6 ?
		103
			327 ?
		104
		105
		467
config: 0