abstract 0
	xor 1
		mux 3
			or 34
				xor 41
					0..3 52
						xor 65
							mux 91
								292
								293
								294
							227
							228
							484
						198
						199
					or 86
						mux 103
							325
								410
							326
								432 ?
							327
						278
						279
					176
					477
				163
					420 ?
						472 ?
					456
				164
			or 54
				202
					468 ?
					489 ?
				203
				204
			126
				426
		xor 5
			mux 7
				xor 13
					or 22
						mux 108
							339
							340
							341
						143
						144
					2..2 28
						mux 39
							171
							172
							173
							482
						0..2 56
							207
								424
							208
							209
						151
					0..4 92
						295
						296
						297
						493
				mux 55
					xor 69
						3..3 76
							xor 89
								286
								287
								288
								433
									491 ?
							253
							254
								401
						237
						238
						396
					205
					206
				3..3 80
					mux 112
						350
						351
						352
							467 ?
					263
						394 ?
							463 ?
							487
					264
				444
			2..3 60
				217
				218
				219
				470
			129
			442
		xor 17
			mux 27
				mux 51
					195
					196
						418
					197
				1..3 64
					0..3 84
						mux 120
							372
							373
								411
							374
								391
									417 ?
										466 ?
						273
						274
							480
					225
					226
				150
				500
			or 38
				168
				169
				170
			137
		mux 123
			381
			382
			383
	or 2 ?
		2..3 4
			2..3 8
				mux 31
					xor 53
						or 74
							2..2 88
								283
								284
								285
								460
							249
							250
							497
						200
						201
							393 ?
					155
					156
						454 ?
				130
				131
			127
			128
		xor 9
			or 10
				mux 11
					mux 95
						304
						305
						306
						486
					132
					133
				mux 15
					1..3 100
						318
						319
						320
					134
					135
						492
					494
				3..4 16
					or 18
						xor 21
							mux 114
								356
								357
								358
								438
							141
							142
						xor 81
							or 94
								301
									451 ?
								302
								303
									428
									440
							265
							266
						138
					2..3 36
						mux 43
							mux 121
								375
								376
									485 ?
								377
									397 ?
							178
								421 ?
							179
								405 ?
						0..3 48
							mux 59
								or 70
									239
									240
									241
										390
								mux 105
									mux 110
										mux 118
											367
											368
											369
											453
										345
											431
										346
									331
									332
									457
								216
							or 82
								267
								268
								269
									419
							189
							446
						xor 85
							275
							276
							277
						mux 119
							mux 125
								387
								388
								389
							370
							371
								469
					136
					474
			or 14
				mux 23
					or 46
						mux 75
							mux 115
								359
								360
								361
								445
							251
							252
							408
						185
							448 ?
						186
					mux 87
						280
						281
						282
					145
					479
				or 26
					xor 29
						2..4 72
							mux 107
								336
								337
									435 ?
								338
							244
								422 ?
							245
							427
						mux 113
							353
							354
							355
						152
							447
					or 30
						or 42
							xor 57
								210
								211
								212
							mux 116
								mux 124
									384
										476 ?
									385
										443 ?
									386
								362
									475 ?
								363
									430
								404
									458
							177
							423
						153
						154
					xor 77
						or 78
							257
							258
							259
						255
						256
							437 ?
						499
					434
				xor 37
					mux 117
						364
						365
						366
					166
						450
						488 ?
					167
						452 ?
					481
				mux 47
					or 66
						229
						230
						231
						490
					187
					188
					483
				mux 79
					260
					261
					262
			mux 19
				mux 83
					270
					271
						496 ?
					272
						399
						407
							409 ?
								439 ?
					395
				or 98
					312
					313
						415 ?
							459
					314
				mux 99
					315
						471
					316
					317
			1..2 24
				mux 63
					or 90
						289
							412
						290
							473
						291
					mux 111
						347
						348
						349
					224
				xor 93
					298
						462 ?
					299
					300
				146
			xor 61
				220
				221
				222
		xor 45
			mux 67
				xor 73
					246
					247
					248
				232
				233
					425 ?
						449 ?
			183
			184
			414
		xor 49
			190
			191
			192
			465
		or 50
			mux 71
				2..2 96
					307
					308
					309
				242
					478 ?
				243
					398 ?
			193
			194
		mux 122
			378
				400 ?
			379
			380
				441
	or 6
		0..2 12
			mux 35
				or 58
					213
					214
					215
				mux 106
					333
						402 ?
							429
						495 ?
					334
					335
					436
				165
				461
			2..3 40
				mux 102
					mux 109
						342
							403 ?
						343
						344
					323
					324
					464
				174
				175
				498
			or 62
				2..2 68
					234
					235
					236
						406
				xor 97
					mux 101
						mux 104
							328
							329
							330
						321
						322
					310
					311
				223
		3..3 20
			0..1 32
				157
				158
				159
					392
					416 ?
			139
			140
		xor 25
			147
				455
			148
			149
		3..3 44
			180
			181
			182
			413
	xor 33 ?
		160
		161
		162
config: 0