abstract 0
	mux 1 ?
		0..6 2
			mux 5
				1..1 8
					mux 21
						1..3 24
							167
							168
							169
						mux 29
							mux 37
								189
								190
									486 ?
								191
							1..1 50
								2..4 84
									1..1 116
										2..4 136
											426
											427
											428
											470
										367
										368
									283
									284
									471
								214
								215
							mux 59
								234
								235
								236
						163
					0..2 22
						mux 135
							423
							424
							425
								480
						164
						165
					mux 119
						375
						376
						377
				1..3 20
					mux 115
						364
						365
						366
					161
						484
					162
				152
			2..3 10
				mux 73
					260
					261
					262
				153
					499 ?
				154
			mux 11
				mux 27
					1..1 56
						mux 87
							289
							290
							291
						227
						228
					174
					175
				1..2 46
					206
					207
					208
				1..2 48
					210
					211
						498
					212
						495
				mux 63
					mux 103
						330
							478 ?
						331
						332
						496
					241
					242
				0..1 76
					2..3 150
						467
						468
						469
					267
					268
				2..3 130
					408
					409
					410
			mux 25
				0..1 128
					402
					403
					404
				170
				171
			2..2 30
				176
				177
				178
			1..2 42
				mux 77
					0..3 122
						384
						385
						386
						500
					269
					270
				197
				198
			2..3 100
				mux 117
					369
					370
					371
				324
				325
		mux 3
			mux 13
				1..3 66
					1..2 110
						351
						352
						353
					0..1 142
						443
							475 ?
						444
						445
					247
				155
				156
			1..3 38
				192
				193
				194
			151
		3..3 4
			0..1 16
				mux 19
					mux 55
						224
						225
						226
					0..2 72
						3..3 144
							449
							450
							451
						258
						259
					160
				mux 33
					mux 53
						219
						220
						221
					182
						487
					183
						483
				mux 99
					321
					322
					323
			mux 39
				3..4 40
					1..1 98
						318
						319
						320
					2..2 134
						420
						421
						422
					195
					490
				mux 45
					203
					204
					205
				mux 61
					2..3 138
						432
						433
						434
					238
					239
				mux 75
					3..3 124
						390
						391
						392
					265
					266
					491
			1..3 82
				2..3 126
					396
					397
					398
				278
				279
			mux 129
				405
				406
				407
		1..5 6
			mux 7
				mux 23
					0..2 28
						mux 65
							244
								492
							245
							246
						mux 67
							248
							249
							250
						mux 123
							387
							388
							389
					1..2 58
						0..2 140
							mux 149
								464
								465
								466
							438
							439
						232
						233
							485 ?
					166
				3..3 74
					1..2 92
						0..2 106
							339
							340
							341
						302
						303
						494
					263
					264
					472
				0..3 148
					461
					462
					463
						474
			mux 9
				1..1 12
					0..3 14
						0..3 36
							2..3 44
								mux 57
									229
										489 ?
									230
									231
								mux 113
									mux 125
										393
										394
										395
									359
									360
								202
							mux 47
								0..3 70
									3..3 112
										mux 143
											446
											447
											448
										357
										358
									mux 127
										399
										400
										401
									254
									481
								mux 101
									326
									327
									328
								209
							188
						mux 105
							336
							337
							338
						157
					mux 43
						199
						200
							482
						201
					mux 89
						mux 109
							348
							349
							350
						294
						295
					mux 95
						309
						310
						311
				mux 17
					mux 81
						2..3 104
							333
							334
							335
						mux 111
							354
							355
							356
						mux 137
							429
							430
							431
					158
						476
						477 ?
					159
				0..2 26
					2..3 60
						mux 83
							280
							281
							282
						mux 131
							411
							412
							413
						237
					172
					173
				3..3 102
					1..3 118
						372
						373
						374
					0..1 146
						455
						456
						457
					329
				1..2 108
					345
					346
					347
				497
			mux 15
				mux 49
					mux 69
						251
						252
						253
					0..1 120
						378
						379
						380
					213
				0..1 80
					mux 93
						304
						305
						306
					276
					277
				2..3 90
					296
					297
					298
			0..1 32
				2..3 52
					1..3 64
						1..1 86
							mux 91
								299
								300
								301
							287
							288
						mux 107
							342
							343
							344
						243
					mux 121
						381
						382
						383
					218
				2..2 78
					271
					272
					273
					493
				181
			mux 35
				2..4 68
					0..3 96
						312
						313
						314
					1..3 114
						361
						362
						363
					mux 145
						452
						453
						454
					479
				186
				187
		2..2 18
			mux 31
				mux 71
					255
					256
					257
				179
				180
			mux 41
				0..2 94
					mux 141
						440
						441
						442
					307
					308
				mux 147
					458
					459
					460
				196
			mux 51
				mux 79
					mux 85
						mux 133
							417
							418
							419
						285
							488
						286
					274
					275
				216
				217
		1..2 132
			414
			415
			416
	2..3 34
		2..3 54
			3..3 62
				2..2 88
					mux 97
						315
							473
						316
						317
					292
					293
				mux 139
					435
					436
					437
				240
			222
			223
		184
		185
config: 0