abstract 0
	mux 1 ?
		3..4 2
			mux 3
				2..3 6
					mux 11
						mux 47
							mux 53
								216
								217
								218
							202
								494 ?
							203
						3..3 108
							350
							351
							352
						0..1 114
							365
							366
							367
					0..2 16
						0..1 36
							mux 85
								3..3 149
									467
									468
									469
								289
								290
							188
							189
						0..2 84
							1..3 86
								291
								292
								293
							0..1 98
								320
								321
								322
							288
						160
					1..3 118
						376
						377
						378
					0..3 133
						419
						420
						421
				mux 15
					mux 51
						210
						211
						212
					mux 59
						mux 87
							294
							295
							296
							498
						0..1 88
							2..2 107
								347
								348
								349
							297
							298
						228
					159
				0..3 80
					280
					281
					282
				2..3 148
					464
					465
					466
			1..2 18
				mux 39
					2..3 42
						1..1 52
							213
							214
							215
						0..2 123
							389
							390
							391
						0..1 142
							446
							447
							448
					1..1 62
						233
						234
						235
					2..2 96
						316
						317
						318
				161
				162
				486
			mux 19
				2..2 44
					2..3 68
						247
						248
						249
					3..3 103
						335
						336
						337
					3..3 137
						431
						432
						433
				163
				164
			2..2 144
				452
				453
				454
		0..1 4
			1..3 8
				mux 9
					1..2 102
						332
						333
						334
					155
						480
						497
					156
						493
				153
				154
			0..4 10
				mux 65
					240
					241
					242
				mux 97
					0..3 141
						443
						444
						445
					0..1 147
						461
						462
						463
					319
				2..2 105
					341
					342
					343
				488
			6..7 12
				mux 13
					1..3 64
						2..2 128
							404
							405
							406
						238
						239
					157
					158
				mux 17
					mux 25
						mux 61
							230
							231
							232
							482
								491 ?
						173
						174
						499
					2..2 30
						2..3 34
							mux 37
								190
								191
								192
							183
							184
						mux 45
							0..1 58
								1..1 125
									395
									396
									397
								226
								227
							199
							200
						178
					0..3 135
						425
						426
						427
				mux 27
					2..2 40
						mux 43
							196
							197
							198
						mux 69
							250
							251
							252
						194
					mux 55
						0..1 56
							mux 89
								299
								300
								301
							223
							224
						1..2 109
							1..3 124
								392
								393
									474 ?
								394
							1..2 136
								428
								429
								430
							353
						222
					mux 67
						0..3 110
							354
							355
							356
						1..2 143
							449
							450
							451
						246
					2..2 104
						338
						339
						340
							485
				mux 41
					0..2 48
						204
						205
						206
					1..2 127
						401
						402
						403
					195
				0..2 46
					mux 93
						0..1 115
							0..2 129
								407
								408
								409
							368
							369
							484
						309
						310
					0..3 112
						1..3 119
							1..3 145
								455
								456
								457
							379
							380
						360
						361
					201
				mux 49
					207
					208
					209
						475
				1..3 54
					219
					220
					221
			1..2 14
				mux 23
					mux 33
						mux 35
							185
							186
							187
						mux 79
							277
							278
							279
						182
					168
					169
				0..4 26
					mux 29
						2..3 76
							269
							270
							271
							495
						0..3 120
							381
							382
							383
						177
							481
					3..3 131
						413
						414
						415
					1..1 134
						422
						423
						424
					0..2 150
						470
						471
						472
				2..3 132
					416
					417
					418
					478
			1..3 20
				2..2 24
					170
					171
					172
				mux 57
					2..2 72
						mux 77
							0..3 113
								362
								363
								364
								479
							272
								489
							273
						259
						260
					mux 83
						0..3 101
							329
							330
								500
							331
						1..3 146
							458
							459
							460
						287
					225
						483
				165
			mux 21
				mux 63
					0..3 92
						306
						307
						308
					236
					237
						492 ?
				166
				167
			1..3 100
				326
				327
				328
		mux 5
			mux 81
				283
				284
				285
			2..3 138
				434
				435
				436
			151
				473
		2..3 28
			1..2 60
				mux 71
					256
					257
					258
				mux 95
					313
					314
					315
				229
			175
			176
		mux 31
			2..2 94
				1..1 122
					386
					387
					388
				311
				312
			179
			180
			487
		3..3 106
			344
				476
			345
			346
	mux 7 ?
		0..2 22
			2..3 32
				1..3 70
					253
					254
					255
				mux 99
					323
					324
					325
						496 ?
				181
			0..1 38
				1..2 50
					mux 75
						0..2 139
							437
							438
							439
						267
						268
					2..3 78
						274
						275
						276
					2..2 82
						2..2 90
							302
							303
							304
						2..3 126
							398
							399
							400
						286
					0..1 111
						357
						358
						359
					1..3 117
						373
						374
						375
					2..2 140
						440
						441
						442
				mux 91
					0..1 116
						370
						371
						372
					0..3 121
						2..2 130
							410
							411
							412
						384
						385
					305
				193
			mux 73
				261
				262
				263
		0..3 66
			243
			244
			245
		152
			477
				490 ?
	2..3 74 ?
		264
		265
		266
config: 0