abstract 0
	6..20 1
		2..15 2
			34
				337 ?
			35
				481 ?
			36
				390
				427 ?
					458 ?
			37
				408
			38
			39
			40
			41
			42
			43
				469
			44
			45
			46
				456 ?
			47
			48
				401
			49
			50
			51
			52
			53
			54
				350 ?
		10..19 8
			151
			152
			153
			154
				438 ?
			155
			156
			157
				426 ?
			158
			159
				412
			160
			161
			162
			163
			164
				417
			165
				434 ?
					466
			166
			167
				352
				364
			168
				442
			169
				404 ?
			170
			171
				365
		12..17 11
			214
			215
			216
			217
				323 ?
			218
				378
					499
			219
				325 ?
			220
				354 ?
			221
				375
			222
			223
				374
					424
			224
			225
			226
			227
			228
				347 ?
			229
			230
			231
			232
			233
			234
				416
		16
			467 ?
		17
			477
		18
		19
		20
			397 ?
				443
				457
			444
		21
			453
		22
		23
		24
			472 ?
		25
			407
			437 ?
		26
		27
		28
			351 ?
		29
			497 ?
		30
		31
			324
		32
		33
	11..18 3
		4..14 4
			1..6 7
				5..14 9
					172
					173
					174
						388 ?
					175
						362
							470
					176
						336
						372
							445
					177
					178
					179
					180
					181
					182
						418
					183
						413
					184
					185
					186
						433
					187
					188
					189
					190
						321
							459 ?
						371 ?
					191
						491
					192
				19..20 12
					235
					236
						357
					237
						495 ?
					238
					239
					240
					241
					242
						355 ?
						455
							464 ?
					243
					244
						363 ?
						423
							429 ?
					245
					246
					247
					248
					249
					250
					251
					252
					253
						425
					254
					255
				19..20 13
					256
					257
						446
					258
						462 ?
					259
					260
					261
					262
						332 ?
					263
						419
					264
						391
							414 ?
						395
					265
						409
						478
							492 ?
					266
						341
							400 ?
					267
						398
					268
					269
						385
					270
					271
					272
						383 ?
						460 ?
					273
						356
							410 ?
					274
					275
					276
				7..14 14
					277
					278
						451
					279
					280
						335
							440 ?
					281
					282
					283
					284
						344 ?
							487
						463
					285
					286
						349
							394 ?
								488 ?
					287
					288
					289
						373
					290
					291
						389 ?
							496
					292
					293
						358
					294
					295
						484
					296
						447
							474
					297
					422
				10..19 15
					298
					299
						482 ?
					300
						340 ?
					301
					302
					303
					304
					305
						348
					306
					307
					308
					309
						345
						353
					310
					311
					312
					313
					314
					315
					316
						330
					317
						421
					318
						411 ?
					329
				135
				136
					379 ?
					471
				137
				138
				139
				140
					450 ?
				141
					376
				142
					342
					403 ?
					430 ?
				143
				144
				145
					328
					381
						386 ?
				146
					431
				147
					449
				148
				149
					473
				150
				490
			74
				333
			75
			76
			77
				485 ?
			78
				500
			79
				393 ?
					476 ?
			80
			81
			82
			83
				454 ?
			84
			85
			86
			87
			88
			89
			90
				326
			91
			92
			93
			479
		2..2 6
			114
				369
			115
				343
			116
			117
			118
				493 ?
			119
			120
			121
				368
			122
			123
			124
				384 ?
			125
			126
			127
				392
			128
			129
			130
			131
				480 ?
			132
			133
			134
		55
			334 ?
				415 ?
		56
		57
		58
			380
			405
		59
		60
			338 ?
				399
				494 ?
		61
			448 ?
				461 ?
		62
		63
		64
		65
		66
			420 ?
		67
		68
		69
			387
		70
		71
		72
		73
		370
			465
			468
	12..17 5 ?
		1..12 10
			193
				359
					402 ?
			194
			195
			196
				346
					361 ?
						377
			197
			198
			199
				436
			200
			201
			202
				439 ?
			203
			204
				475 ?
			205
			206
				366
					489 ?
			207
			208
			209
			210
				319
					396 ?
						498
					441 ?
			211
			212
			213
				382 ?
			367
				435
		94
			327
		95
		96
			320 ?
				322 ?
				486
		97
			428
			452
		98
			339 ?
		99
		100
			360
		101
		102
			483 ?
		103
		104
		105
		106
			406 ?
		107
		108
		109
		110
		111
		112
			432
		113
		331
config: 0